EP, 95, 2023071906,   , CHP6, 0, 117N, 1122W,  20, 1008, DB,   0, , 0, 0, 0, 0, 0, 0, 0, 0, 0, 0, 0, , 0, 0, INVEST,
EP, 95, 2023071912,   , CHP6, 0, 119N, 1135W,  20, 1008, DB,   0, , 0, 0, 0, 0, 0, 0, 0, 0, 0, 0, 0, , 0, 0, INVEST,
EP, 95, 2023071918,   , CHP6, 0, 120N, 1149W,  20, 1007, DB,   0, , 0, 0, 0, 0, 0, 0, 0, 0, 0, 0, 0, , 0, 0, INVEST,
EP, 95, 2023072000,   , CHP6, 0, 122N, 1165W,  20, 1007, DB,   0, , 0, 0, 0, 0, 0, 0, 0, 0, 0, 0, 0, , 0, 0, INVEST,
EP, 04, 2023072006,   , CHP6, 0, 125N, 1180W,  25, 1006, TD,   0, , 0, 0, 0, 0, 0, 0, 0, 0, 0, 0, 0, , 0, 0, FOUR,
EP, 04, 2023072012,   , CHP6, 0, 127N, 1191W,  25, 1006, TD,   0, , 0, 0, 0, 0, 0, 0, 0, 0, 0, 0, 0, , 0, 0, FOUR,
EP, 04, 2023072018,   , CHP6, 0, 130N, 1200W,  30, 1005, TD,   0, , 0, 0, 0, 0, 0, 0, 0, 0, 0, 0, 0, , 0, 0, FOUR,
EP, 04, 2023072100,   , CHP6, 0, 136N, 1208W,  35, 1004, TS,   0, , 0, 0, 0, 0, 0, 0, 0, 0, 0, 0, 0, , 0, 0, FOUR,
EP, 04, 2023072106,   , CHP6, 0, 144N, 1218W,  40, 1002, TS,   0, , 0, 0, 0, 0, 0, 0, 0, 0, 0, 0, 0, , 0, 0, FOUR,
EP, 04, 2023072112,   , CHP6, 0, 150N, 1227W,  40, 1001, TS,   0, , 0, 0, 0, 0, 0, 0, 0, 0, 0, 0, 0, , 0, 0, FOUR,
EP, 04, 2023072118,   , CHP6, 0, 156N, 1242W,  30, 1005, TD,   0, , 0, 0, 0, 0, 0, 0, 0, 0, 0, 0, 0, , 0, 0, FOUR,
EP, 04, 2023072200,   , CHP6, 0, 160N, 1258W,  25, 1007, TD,   0, , 0, 0, 0, 0, 0, 0, 0, 0, 0, 0, 0, , 0, 0, FOUR,
EP, 04, 2023072206,   , CHP6, 0, 163N, 1272W,  20, 1008, DB,   0, , 0, 0, 0, 0, 0, 0, 0, 0, 0, 0, 0, , 0, 0, FOUR,
EP, 04, 2023072212,   , CHP6, 0, 164N, 1286W,  20, 1008, DB,   0, , 0, 0, 0, 0, 0, 0, 0, 0, 0, 0, 0, , 0, 0, FOUR,