EP, 92, 2023062812,   , BEST, 0, 133N,  950W,  15, 1011, DB,   0, , 0, 0, 0, 0, 0, 0, 0, 0, 0, 0, 0, , 0, 0, INVEST,
EP, 92, 2023062818,   , BEST, 0, 135N,  957W,  20, 1010, DB,   0, , 0, 0, 0, 0, 0, 0, 0, 0, 0, 0, 0, , 0, 0, INVEST,
EP, 02, 2023062900,   , BEST, 0, 138N,  965W,  25, 1009, TD,   0, , 0, 0, 0, 0, 0, 0, 0, 0, 0, 0, 0, , 0, 0, TWO,
EP, 02, 2023062906,   , BEST, 0, 141N,  974W,  30, 1008, TD,   0, , 0, 0, 0, 0, 0, 0, 0, 0, 0, 0, 0, , 0, 0, TWO,
EP, 02, 2023062912,   , BEST, 0, 145N,  982W,  35, 1006, TS,   0, , 0, 0, 0, 0, 0, 0, 0, 0, 0, 0, 0, , 0, 0, BEATRIZ,
EP, 02, 2023062918,   , BEST, 0, 149N,  990W,  40, 1004, TS,   0, , 0, 0, 0, 0, 0, 0, 0, 0, 0, 0, 0, , 0, 0, BEATRIZ,
EP, 02, 2023063000,   , BEST, 0, 153N,  998W,  55, 1000, TS,   0, , 0, 0, 0, 0, 0, 0, 0, 0, 0, 0, 0, , 0, 0, BEATRIZ,
EP, 02, 2023063006,   , BEST, 0, 160N, 1009W,  48,  995, TS,   0, , 0, 0, 0, 0, 0, 0, 0, 0, 0, 0, 0, , 0, 0, BEATRIZ,
EP, 02, 2023063012,   , BEST, 0, 166N, 1017W,  69,  984, HU,   0, , 0, 0, 0, 0, 0, 0, 0, 0, 0, 0, 0, , 0, 0, BEATRIZ,
EP, 02, 2023063018,   , BEST, 0, 173N, 1026W, 100,  960, HU,   0, , 0, 0, 0, 0, 0, 0, 0, 0, 0, 0, 0, , 0, 0, BEATRIZ,
EP, 02, 2023070100,   , BEST, 0, 180N, 1034W, 132,  925, HU,   0, , 0, 0, 0, 0, 0, 0, 0, 0, 0, 0, 0, , 0, 0, BEATRIZ,
EP, 02, 2023070106,   , BEST, 0, 187N, 1043W, 109,  941, HU,   0, , 0, 0, 0, 0, 0, 0, 0, 0, 0, 0, 0, , 0, 0, BEATRIZ,
EP, 02, 2023070112,   , BEST, 0, 192N, 1050W, 105,  952, HU,   0, , 0, 0, 0, 0, 0, 0, 0, 0, 0, 0, 0, , 0, 0, BEATRIZ,
EP, 02, 2023070118,   , BEST, 0, 198N, 1057W, 109,  949, HU,   0, , 0, 0, 0, 0, 0, 0, 0, 0, 0, 0, 0, , 0, 0, BEATRIZ,
EP, 02, 2023070200,   , BEST, 0, 202N, 1062W, 113,  945, HU,   0, , 0, 0, 0, 0, 0, 0, 0, 0, 0, 0, 0, , 0, 0, BEATRIZ,
EP, 02, 2023070206,   , BEST, 0, 206N, 1066W, 111,  945, HU,   0, , 0, 0, 0, 0, 0, 0, 0, 0, 0, 0, 0, , 0, 0, BEATRIZ,
EP, 02, 2023070212,   , BEST, 0, 209N, 1070W,  86,  966, HU,   0, , 0, 0, 0, 0, 0, 0, 0, 0, 0, 0, 0, , 0, 0, BEATRIZ,
EP, 02, 2023070218,   , BEST, 0, 213N, 1074W,  87,  966, HU,   0, , 0, 0, 0, 0, 0, 0, 0, 0, 0, 0, 0, , 0, 0, BEATRIZ,
EP, 02, 2023070300,   , BEST, 0, 217N, 1079W,  86,  967, HU,   0, , 0, 0, 0, 0, 0, 0, 0, 0, 0, 0, 0, , 0, 0, BEATRIZ,
EP, 02, 2023070306,   , BEST, 0, 219N, 1083W,  79,  973, HU,   0, , 0, 0, 0, 0, 0, 0, 0, 0, 0, 0, 0, , 0, 0, BEATRIZ,
EP, 02, 2023070312,   , BEST, 0, 222N, 1088W,  59,  984, TS,   0, , 0, 0, 0, 0, 0, 0, 0, 0, 0, 0, 0, , 0, 0, BEATRIZ,
EP, 02, 2023070318,   , BEST, 0, 224N, 1092W,  52,  989, TS,   0, , 0, 0, 0, 0, 0, 0, 0, 0, 0, 0, 0, , 0, 0, BEATRIZ,
EP, 02, 2023070400,   , BEST, 0, 227N, 1097W,  57,  986, TS,   0, , 0, 0, 0, 0, 0, 0, 0, 0, 0, 0, 0, , 0, 0, BEATRIZ,
EP, 02, 2023070406,   , BEST, 0, 230N, 1103W,  64,  981, HU,   0, , 0, 0, 0, 0, 0, 0, 0, 0, 0, 0, 0, , 0, 0, BEATRIZ,
EP, 02, 2023070412,   , BEST, 0, 232N, 1108W,  76,  976, HU,   0, , 0, 0, 0, 0, 0, 0, 0, 0, 0, 0, 0, , 0, 0, BEATRIZ,
EP, 02, 2023070418,   , BEST, 0, 235N, 1114W,  87,  967, HU,   0, , 0, 0, 0, 0, 0, 0, 0, 0, 0, 0, 0, , 0, 0, BEATRIZ,
EP, 02, 2023070500,   , BEST, 0, 237N, 1120W,  79,  973, HU,   0, , 0, 0, 0, 0, 0, 0, 0, 0, 0, 0, 0, , 0, 0, BEATRIZ,
EP, 02, 2023070506,   , BEST, 0, 240N, 1129W,  64,  981, HU,   0, , 0, 0, 0, 0, 0, 0, 0, 0, 0, 0, 0, , 0, 0, BEATRIZ,
EP, 02, 2023070512,   , BEST, 0, 242N, 1139W,  53,  986, TS,   0, , 0, 0, 0, 0, 0, 0, 0, 0, 0, 0, 0, , 0, 0, BEATRIZ,
EP, 02, 2023070518,   , BEST, 0, 244N, 1150W,  41,  991, TS,   0, , 0, 0, 0, 0, 0, 0, 0, 0, 0, 0, 0, , 0, 0, BEATRIZ,
EP, 02, 2023070600,   , BEST, 0, 245N, 1162W,  35,  993, TS,   0, , 0, 0, 0, 0, 0, 0, 0, 0, 0, 0, 0, , 0, 0, BEATRIZ,
EP, 02, 2023070606,   , BEST, 0, 246N, 1174W,  27,  995, TD,   0, , 0, 0, 0, 0, 0, 0, 0, 0, 0, 0, 0, , 0, 0, BEATRIZ,
EP, 02, 2023070612,   , BEST, 0, 246N, 1187W,  22,  997, DB,   0, , 0, 0, 0, 0, 0, 0, 0, 0, 0, 0, 0, , 0, 0, BEATRIZ,
EP, 02, 2023070618,   , BEST, 0, 246N, 1200W,  16,  999, DB,   0, , 0, 0, 0, 0, 0, 0, 0, 0, 0, 0, 0, , 0, 0, BEATRIZ,
