EP, 94, 2023071012,   , BEST, 0, 120N, 1016W,  15, 1010, DB,   0, , 0, 0, 0, 0, 0, 0, 0, 0, 0, 0, 0, , 0, 0, INVEST,
EP, 94, 2023071018,   , BEST, 0, 119N, 1028W,  20, 1009, DB,   0, , 0, 0, 0, 0, 0, 0, 0, 0, 0, 0, 0, , 0, 0, INVEST,
EP, 94, 2023071100,   , BEST, 0, 119N, 1039W,  20, 1009, DB,   0, , 0, 0, 0, 0, 0, 0, 0, 0, 0, 0, 0, , 0, 0, INVEST,
EP, 03, 2023071106,   , BEST, 0, 120N, 1049W,  25, 1008, TD,   0, , 0, 0, 0, 0, 0, 0, 0, 0, 0, 0, 0, , 0, 0, THREE,
EP, 03, 2023071112,   , BEST, 0, 122N, 1059W,  25, 1008, TD,   0, , 0, 0, 0, 0, 0, 0, 0, 0, 0, 0, 0, , 0, 0, THREE,
EP, 03, 2023071118,   , BEST, 0, 123N, 1071W,  30, 1007, TD,   0, , 0, 0, 0, 0, 0, 0, 0, 0, 0, 0, 0, , 0, 0, THREE,
EP, 03, 2023071200,   , BEST, 0, 124N, 1084W,  35, 1006, TS,   0, , 0, 0, 0, 0, 0, 0, 0, 0, 0, 0, 0, , 0, 0, CALVIN,
EP, 03, 2023071206,   , BEST, 0, 125N, 1098W,  45, 1002, TS,   0, , 0, 0, 0, 0, 0, 0, 0, 0, 0, 0, 0, , 0, 0, CALVIN,
EP, 03, 2023071212,   , BEST, 0, 126N, 1113W,  50,  999, TS,   0, , 0, 0, 0, 0, 0, 0, 0, 0, 0, 0, 0, , 0, 0, CALVIN,
EP, 03, 2023071218,   , BEST, 0, 127N, 1129W,  52,  994, TS,   0, , 0, 0, 0, 0, 0, 0, 0, 0, 0, 0, 0, , 0, 0, CALVIN,
EP, 03, 2023071300,   , BEST, 0, 128N, 1143W,  60,  990, TS,   0, , 0, 0, 0, 0, 0, 0, 0, 0, 0, 0, 0, , 0, 0, CALVIN,
EP, 03, 2023071306,   , BEST, 0, 128N, 1156W,  72,  984, HU,   0, , 0, 0, 0, 0, 0, 0, 0, 0, 0, 0, 0, , 0, 0, CALVIN,
EP, 03, 2023071312,   , BEST, 0, 129N, 1170W,  93,  969, HU,   0, , 0, 0, 0, 0, 0, 0, 0, 0, 0, 0, 0, , 0, 0, CALVIN,
EP, 03, 2023071318,   , BEST, 0, 131N, 1184W, 121,  943, HU,   0, , 0, 0, 0, 0, 0, 0, 0, 0, 0, 0, 0, , 0, 0, CALVIN,
EP, 03, 2023071400,   , BEST, 0, 133N, 1198W, 144,  917, HU,   0, , 0, 0, 0, 0, 0, 0, 0, 0, 0, 0, 0, , 0, 0, CALVIN,
EP, 03, 2023071406,   , BEST, 0, 135N, 1213W, 127,  937, HU,   0, , 0, 0, 0, 0, 0, 0, 0, 0, 0, 0, 0, , 0, 0, CALVIN,
EP, 03, 2023071412,   , BEST, 0, 137N, 1225W, 111,  953, HU,   0, , 0, 0, 0, 0, 0, 0, 0, 0, 0, 0, 0, , 0, 0, CALVIN,
EP, 03, 2023071418,   , BEST, 0, 140N, 1240W,  80,  976, HU,   0, , 0, 0, 0, 0, 0, 0, 0, 0, 0, 0, 0, , 0, 0, CALVIN,
EP, 03, 2023071500,   , BEST, 0, 143N, 1255W,  59,  986, TS,   0, , 0, 0, 0, 0, 0, 0, 0, 0, 0, 0, 0, , 0, 0, CALVIN,
EP, 03, 2023071506,   , BEST, 0, 145N, 1269W,  53,  989, TS,   0, , 0, 0, 0, 0, 0, 0, 0, 0, 0, 0, 0, , 0, 0, CALVIN,
EP, 03, 2023071512,   , BEST, 0, 147N, 1283W,  52,  990, TS,   0, , 0, 0, 0, 0, 0, 0, 0, 0, 0, 0, 0, , 0, 0, CALVIN,
EP, 03, 2023071518,   , BEST, 0, 150N, 1297W,  45,  993, TS,   0, , 0, 0, 0, 0, 0, 0, 0, 0, 0, 0, 0, , 0, 0, CALVIN,
EP, 03, 2023071600,   , BEST, 0, 153N, 1312W,  41,  996, TS,   0, , 0, 0, 0, 0, 0, 0, 0, 0, 0, 0, 0, , 0, 0, CALVIN,
EP, 03, 2023071606,   , BEST, 0, 156N, 1327W,  40,  997, TS,   0, , 0, 0, 0, 0, 0, 0, 0, 0, 0, 0, 0, , 0, 0, CALVIN,
EP, 03, 2023071612,   , BEST, 0, 159N, 1342W,  40,  997, TS,   0, , 0, 0, 0, 0, 0, 0, 0, 0, 0, 0, 0, , 0, 0, CALVIN,
EP, 03, 2023071618,   , BEST, 0, 162N, 1356W,  42,  997, TS,   0, , 0, 0, 0, 0, 0, 0, 0, 0, 0, 0, 0, , 0, 0, CALVIN,
EP, 03, 2023071700,   , BEST, 0, 165N, 1371W,  43,  996, TS,   0, , 0, 0, 0, 0, 0, 0, 0, 0, 0, 0, 0, , 0, 0, CALVIN,
EP, 03, 2023071706,   , BEST, 0, 167N, 1391W,  43,  996, TS,   0, , 0, 0, 0, 0, 0, 0, 0, 0, 0, 0, 0, , 0, 0, CALVIN,
EP, 03, 2023071712,   , BEST, 0, 169N, 1408W,  41,  997, TS,   0, , 0, 0, 0, 0, 0, 0, 0, 0, 0, 0, 0, , 0, 0, CALVIN,
EP, 03, 2023071718,   , BEST, 0, 171N, 1424W,  41,  997, TS,   0, , 0, 0, 0, 0, 0, 0, 0, 0, 0, 0, 0, , 0, 0, CALVIN,
EP, 03, 2023071800,   , BEST, 0, 173N, 1442W,  38,  998, TS,   0, , 0, 0, 0, 0, 0, 0, 0, 0, 0, 0, 0, , 0, 0, CALVIN,
EP, 03, 2023071806,   , BEST, 0, 174N, 1460W,  38,  999, TS,   0, , 0, 0, 0, 0, 0, 0, 0, 0, 0, 0, 0, , 0, 0, CALVIN,
EP, 03, 2023071812,   , BEST, 0, 175N, 1478W,  39,  999, TS,   0, , 0, 0, 0, 0, 0, 0, 0, 0, 0, 0, 0, , 0, 0, CALVIN,
EP, 03, 2023071818,   , BEST, 0, 176N, 1497W,  39,  999, TS,   0, , 0, 0, 0, 0, 0, 0, 0, 0, 0, 0, 0, , 0, 0, CALVIN,
EP, 03, 2023071900,   , BEST, 0, 177N, 1516W,  39, 1000, TS,   0, , 0, 0, 0, 0, 0, 0, 0, 0, 0, 0, 0, , 0, 0, CALVIN,
EP, 03, 2023071906,   , BEST, 0, 178N, 1537W,  39,  999, TS,   0, , 0, 0, 0, 0, 0, 0, 0, 0, 0, 0, 0, , 0, 0, CALVIN,
EP, 03, 2023071912,   , BEST, 0, 180N, 1559W,  40,  997, TS,   0, , 0, 0, 0, 0, 0, 0, 0, 0, 0, 0, 0, , 0, 0, CALVIN,
EP, 03, 2023071918,   , BEST, 0, 182N, 1580W,  41,  999, TS,   0, , 0, 0, 0, 0, 0, 0, 0, 0, 0, 0, 0, , 0, 0, CALVIN,
EP, 03, 2023072000,   , BEST, 0, 184N, 1601W,  42,  997, TS,   0, , 0, 0, 0, 0, 0, 0, 0, 0, 0, 0, 0, , 0, 0, CALVIN,
EP, 03, 2023072006,   , BEST, 0, 186N, 1620W,  43,  996, TS,   0, , 0, 0, 0, 0, 0, 0, 0, 0, 0, 0, 0, , 0, 0, CALVIN,
EP, 03, 2023072012,   , BEST, 0, 188N, 1639W,  44,  996, TS,   0, , 0, 0, 0, 0, 0, 0, 0, 0, 0, 0, 0, , 0, 0, CALVIN,
EP, 03, 2023072018,   , BEST, 0, 190N, 1659W,  46,  996, TS,   0, , 0, 0, 0, 0, 0, 0, 0, 0, 0, 0, 0, , 0, 0, CALVIN,
EP, 03, 2023072100,   , BEST, 0, 192N, 1678W,  49,  995, TS,   0, , 0, 0, 0, 0, 0, 0, 0, 0, 0, 0, 0, , 0, 0, CALVIN,
EP, 03, 2023072106,   , BEST, 0, 194N, 1697W,  51,  994, TS,   0, , 0, 0, 0, 0, 0, 0, 0, 0, 0, 0, 0, , 0, 0, CALVIN,
EP, 03, 2023072112,   , BEST, 0, 196N, 1716W,  49,  995, TS,   0, , 0, 0, 0, 0, 0, 0, 0, 0, 0, 0, 0, , 0, 0, CALVIN,
EP, 03, 2023072118,   , BEST, 0, 198N, 1737W,  40,  996, TS,   0, , 0, 0, 0, 0, 0, 0, 0, 0, 0, 0, 0, , 0, 0, CALVIN,
EP, 03, 2023072200,   , BEST, 0, 200N, 1759W,  34,  997, TS,   0, , 0, 0, 0, 0, 0, 0, 0, 0, 0, 0, 0, , 0, 0, CALVIN,
EP, 03, 2023072206,   , BEST, 0, 201N, 1780W,  22,  998, DB,   0, , 0, 0, 0, 0, 0, 0, 0, 0, 0, 0, 0, , 0, 0, CALVIN,
EP, 03, 2023072212,   , BEST, 0, 202N, 1800W,  18,  999, DB,   0, , 0, 0, 0, 0, 0, 0, 0, 0, 0, 0, 0, , 0, 0, CALVIN,
