AL, 99, 2014100906,   , CHP6, 0, 200N,  576W,  20, 1008, DB,   0, , 0, 0, 0, 0, 0, 0, 0, 0, 0, 0, 0, , 0, 0, INVEST,
AL, 99, 2014100912,   , CHP6, 0, 207N,  588W,  20, 1008, DB,   0, , 0, 0, 0, 0, 0, 0, 0, 0, 0, 0, 0, , 0, 0, INVEST,
AL, 07, 2014100918,   , CHP6, 0, 214N,  600W,  30, 1008, TD,   0, , 0, 0, 0, 0, 0, 0, 0, 0, 0, 0, 0, , 0, 0, SEVEN,
AL, 07, 2014101000,   , CHP6, 0, 220N,  612W,  35, 1007, TS,   0, , 0, 0, 0, 0, 0, 0, 0, 0, 0, 0, 0, , 0, 0, FAY,
AL, 07, 2014101006,   , CHP6, 0, 227N,  624W,  35, 1006, TS,   0, , 0, 0, 0, 0, 0, 0, 0, 0, 0, 0, 0, , 0, 0, FAY,
AL, 07, 2014101012,   , CHP6, 0, 235N,  633W,  35, 1005, TS,   0, , 0, 0, 0, 0, 0, 0, 0, 0, 0, 0, 0, , 0, 0, FAY,
AL, 07, 2014101018,   , CHP6, 0, 243N,  640W,  40, 1003, TS,   0, , 0, 0, 0, 0, 0, 0, 0, 0, 0, 0, 0, , 0, 0, FAY,
AL, 07, 2014101100,   , CHP6, 0, 251N,  645W,  50,  999, TS,   0, , 0, 0, 0, 0, 0, 0, 0, 0, 0, 0, 0, , 0, 0, FAY,
AL, 07, 2014101106,   , CHP6, 0, 265N,  646W,  58,  991, TS,   0, , 0, 0, 0, 0, 0, 0, 0, 0, 0, 0, 0, , 0, 0, FAY,
AL, 07, 2014101112,   , CHP6, 0, 277N,  645W,  62,  990, TS,   0, , 0, 0, 0, 0, 0, 0, 0, 0, 0, 0, 0, , 0, 0, FAY,
AL, 07, 2014101118,   , CHP6, 0, 292N,  643W,  65,  989, HU,   0, , 0, 0, 0, 0, 0, 0, 0, 0, 0, 0, 0, , 0, 0, FAY,
AL, 07, 2014101200,   , CHP6, 0, 308N,  640W,  67,  988, HU,   0, , 0, 0, 0, 0, 0, 0, 0, 0, 0, 0, 0, , 0, 0, FAY,
AL, 07, 2014101206,   , CHP6, 0, 323N,  627W,  69,  988, HU,   0, , 0, 0, 0, 0, 0, 0, 0, 0, 0, 0, 0, , 0, 0, FAY,
AL, 07, 2014101212,   , CHP6, 0, 337N,  612W,  70,  987, HU,   0, , 0, 0, 0, 0, 0, 0, 0, 0, 0, 0, 0, , 0, 0, FAY,
AL, 07, 2014101218,   , CHP6, 0, 345N,  594W,  70,  986, HU,   0, , 0, 0, 0, 0, 0, 0, 0, 0, 0, 0, 0, , 0, 0, FAY,
AL, 07, 2014101300,   , CHP6, 0, 353N,  575W,  68,  987, HU,   0, , 0, 0, 0, 0, 0, 0, 0, 0, 0, 0, 0, , 0, 0, FAY,
AL, 07, 2014101306,   , CHP6, 0, 357N,  556W,  60,  995, TS,   0, , 0, 0, 0, 0, 0, 0, 0, 0, 0, 0, 0, , 0, 0, FAY,
AL, 07, 2014101312,   , CHP6, 0, 358N,  528W,  57,  994, TS,   0, , 0, 0, 0, 0, 0, 0, 0, 0, 0, 0, 0, , 0, 0, FAY,
AL, 07, 2014101318,   , CHP6, 0, 359N,  498W,  56,  995, TS,   0, , 0, 0, 0, 0, 0, 0, 0, 0, 0, 0, 0, , 0, 0, FAY,
AL, 07, 2014101400,   , CHP6, 0, 354N,  465W,  55,  995, TS,   0, , 0, 0, 0, 0, 0, 0, 0, 0, 0, 0, 0, , 0, 0, FAY,
AL, 07, 2014101406,   , CHP6, 0, 349N,  434W,  56,  996, TS,   0, , 0, 0, 0, 0, 0, 0, 0, 0, 0, 0, 0, , 0, 0, FAY,
AL, 07, 2014101412,   , CHP6, 0, 342N,  416W,  57,  996, TS,   0, , 0, 0, 0, 0, 0, 0, 0, 0, 0, 0, 0, , 0, 0, FAY,
AL, 07, 2014101418,   , CHP6, 0, 334N,  399W,  56,  996, TS,   0, , 0, 0, 0, 0, 0, 0, 0, 0, 0, 0, 0, , 0, 0, FAY,
AL, 07, 2014101500,   , CHP6, 0, 324N,  377W,  52,  994, TS,   0, , 0, 0, 0, 0, 0, 0, 0, 0, 0, 0, 0, , 0, 0, FAY,
AL, 07, 2014101506,   , CHP6, 0, 321N,  356W,  50,  994, TS,   0, , 0, 0, 0, 0, 0, 0, 0, 0, 0, 0, 0, , 0, 0, FAY,
AL, 07, 2014101512,   , CHP6, 0, 320N,  337W,  49,  995, TS,   0, , 0, 0, 0, 0, 0, 0, 0, 0, 0, 0, 0, , 0, 0, FAY,
AL, 07, 2014101518,   , CHP6, 0, 319N,  318W,  49,  995, TS,   0, , 0, 0, 0, 0, 0, 0, 0, 0, 0, 0, 0, , 0, 0, FAY,
AL, 07, 2014101600,   , CHP6, 0, 320N,  293W,  48,  995, TS,   0, , 0, 0, 0, 0, 0, 0, 0, 0, 0, 0, 0, , 0, 0, FAY,
AL, 07, 2014101606,   , CHP6, 0, 320N,  272W,  45,  996, TS,   0, , 0, 0, 0, 0, 0, 0, 0, 0, 0, 0, 0, , 0, 0, FAY,
AL, 07, 2014101612,   , CHP6, 0, 321N,  251W,  37,  997, TS,   0, , 0, 0, 0, 0, 0, 0, 0, 0, 0, 0, 0, , 0, 0, FAY,
AL, 07, 2014101618,   , CHP6, 0, 322N,  230W,  28,  998, TD,   0, , 0, 0, 0, 0, 0, 0, 0, 0, 0, 0, 0, , 0, 0, FAY,
AL, 07, 2014101700,   , CHP6, 0, 324N,  218W,  22,  999, DB,   0, , 0, 0, 0, 0, 0, 0, 0, 0, 0, 0, 0, , 0, 0, FAY,
AL, 07, 2014101706,   , CHP6, 0, 328N,  206W,  17,  999, DB,   0, , 0, 0, 0, 0, 0, 0, 0, 0, 0, 0, 0, , 0, 0, FAY,
