AL, 96, 2014082318,   , CHP6, 0, 215N,  722W,  20, 1005, DB,   0, , 0, 0, 0, 0, 0, 0, 0, 0, 0, 0, 0, , 0, 0, INVEST,
AL, 96, 2014082400,   , CHP6, 0, 220N,  725W,  20, 1004, DB,   0, , 0, 0, 0, 0, 0, 0, 0, 0, 0, 0, 0, , 0, 0, INVEST,
AL, 04, 2014082406,   , CHP6, 0, 225N,  729W,  28, 1001, TD,   0, , 0, 0, 0, 0, 0, 0, 0, 0, 0, 0, 0, , 0, 0, FOUR,
AL, 04, 2014082412,   , CHP6, 0, 231N,  731W,  29, 1000, TD,   0, , 0, 0, 0, 0, 0, 0, 0, 0, 0, 0, 0, , 0, 0, FOUR,
AL, 04, 2014082418,   , CHP6, 0, 237N,  732W,  43,  996, TS,   0, , 0, 0, 0, 0, 0, 0, 0, 0, 0, 0, 0, , 0, 0, CRISTOBAL,
AL, 04, 2014082500,   , CHP6, 0, 242N,  734W,  50,  992, TS,   0, , 0, 0, 0, 0, 0, 0, 0, 0, 0, 0, 0, , 0, 0, CRISTOBAL,
AL, 04, 2014082506,   , CHP6, 0, 245N,  735W,  60,  987, TS,   0, , 0, 0, 0, 0, 0, 0, 0, 0, 0, 0, 0, , 0, 0, CRISTOBAL,
AL, 04, 2014082512,   , CHP6, 0, 249N,  736W,  72,  980, HU,   0, , 0, 0, 0, 0, 0, 0, 0, 0, 0, 0, 0, , 0, 0, CRISTOBAL,
AL, 04, 2014082518,   , CHP6, 0, 253N,  737W,  85,  970, HU,   0, , 0, 0, 0, 0, 0, 0, 0, 0, 0, 0, 0, , 0, 0, CRISTOBAL,
AL, 04, 2014082600,   , CHP6, 0, 257N,  738W,  97,  960, HU,   0, , 0, 0, 0, 0, 0, 0, 0, 0, 0, 0, 0, , 0, 0, CRISTOBAL,
AL, 04, 2014082606,   , CHP6, 0, 261N,  739W, 106,  952, HU,   0, , 0, 0, 0, 0, 0, 0, 0, 0, 0, 0, 0, , 0, 0, CRISTOBAL,
AL, 04, 2014082612,   , CHP6, 0, 266N,  741W, 110,  946, HU,   0, , 0, 0, 0, 0, 0, 0, 0, 0, 0, 0, 0, , 0, 0, CRISTOBAL,
AL, 04, 2014082618,   , CHP6, 0, 273N,  743W, 109,  947, HU,   0, , 0, 0, 0, 0, 0, 0, 0, 0, 0, 0, 0, , 0, 0, CRISTOBAL,
AL, 04, 2014082700,   , CHP6, 0, 279N,  745W, 103,  952, HU,   0, , 0, 0, 0, 0, 0, 0, 0, 0, 0, 0, 0, , 0, 0, CRISTOBAL,
AL, 04, 2014082706,   , CHP6, 0, 286N,  744W,  99,  956, HU,   0, , 0, 0, 0, 0, 0, 0, 0, 0, 0, 0, 0, , 0, 0, CRISTOBAL,
AL, 04, 2014082712,   , CHP6, 0, 293N,  741W,  97,  959, HU,   0, , 0, 0, 0, 0, 0, 0, 0, 0, 0, 0, 0, , 0, 0, CRISTOBAL,
AL, 04, 2014082718,   , CHP6, 0, 300N,  735W,  97,  959, HU,   0, , 0, 0, 0, 0, 0, 0, 0, 0, 0, 0, 0, , 0, 0, CRISTOBAL,
AL, 04, 2014082800,   , CHP6, 0, 308N,  725W,  95,  961, HU,   0, , 0, 0, 0, 0, 0, 0, 0, 0, 0, 0, 0, , 0, 0, CRISTOBAL,
AL, 04, 2014082806,   , CHP6, 0, 316N,  714W,  90,  973, HU,   0, , 0, 0, 0, 0, 0, 0, 0, 0, 0, 0, 0, , 0, 0, CRISTOBAL,
AL, 04, 2014082812,   , CHP6, 0, 326N,  703W,  97,  972, HU,   0, , 0, 0, 0, 0, 0, 0, 0, 0, 0, 0, 0, , 0, 0, CRISTOBAL,
AL, 04, 2014082818,   , CHP6, 0, 338N,  692W, 100,  971, HU,   0, , 0, 0, 0, 0, 0, 0, 0, 0, 0, 0, 0, , 0, 0, CRISTOBAL,
AL, 04, 2014082900,   , CHP6, 0, 351N,  672W,  97,  969, HU,   0, , 0, 0, 0, 0, 0, 0, 0, 0, 0, 0, 0, , 0, 0, CRISTOBAL,
AL, 04, 2014082906,   , CHP6, 0, 366N,  646W,  93,  971, HU,   0, , 0, 0, 0, 0, 0, 0, 0, 0, 0, 0, 0, , 0, 0, CRISTOBAL,
AL, 04, 2014082912,   , CHP6, 0, 381N,  614W,  93,  978, HU,   0, , 0, 0, 0, 0, 0, 0, 0, 0, 0, 0, 0, , 0, 0, CRISTOBAL,
AL, 04, 2014082918,   , CHP6, 0, 396N,  583W,  89,  982, HU,   0, , 0, 0, 0, 0, 0, 0, 0, 0, 0, 0, 0, , 0, 0, CRISTOBAL,
AL, 04, 2014083000,   , CHP6, 0, 411N,  551W,  84,  986, HU,   0, , 0, 0, 0, 0, 0, 0, 0, 0, 0, 0, 0, , 0, 0, CRISTOBAL,
AL, 04, 2014083006,   , CHP6, 0, 429N,  512W,  76,  991, HU,   0, , 0, 0, 0, 0, 0, 0, 0, 0, 0, 0, 0, , 0, 0, CRISTOBAL,
AL, 04, 2014083012,   , CHP6, 0, 446N,  473W,  68,  992, HU,   0, , 0, 0, 0, 0, 0, 0, 0, 0, 0, 0, 0, , 0, 0, CRISTOBAL,
AL, 04, 2014083018,   , CHP6, 0, 464N,  435W,  68,  993, HU,   0, , 0, 0, 0, 0, 0, 0, 0, 0, 0, 0, 0, , 0, 0, CRISTOBAL,
AL, 04, 2014083100,   , CHP6, 0, 482N,  400W,  66,  993, HU,   0, , 0, 0, 0, 0, 0, 0, 0, 0, 0, 0, 0, , 0, 0, CRISTOBAL,
AL, 04, 2014083106,   , CHP6, 0, 504N,  372W,  65,  994, HU,   0, , 0, 0, 0, 0, 0, 0, 0, 0, 0, 0, 0, , 0, 0, CRISTOBAL,
AL, 04, 2014083112,   , CHP6, 0, 527N,  347W,  56,  995, EX,   0, , 0, 0, 0, 0, 0, 0, 0, 0, 0, 0, 0, , 0, 0, CRISTOBAL,
AL, 04, 2014083118,   , CHP6, 0, 549N,  322W,  53,  995, EX,   0, , 0, 0, 0, 0, 0, 0, 0, 0, 0, 0, 0, , 0, 0, CRISTOBAL,
AL, 04, 2014090100,   , CHP6, 0, 572N,  297W,  52,  996, EX,   0, , 0, 0, 0, 0, 0, 0, 0, 0, 0, 0, 0, , 0, 0, CRISTOBAL,
