AL, 96, 2021081500,   , CHP6, 0, 358N,  634W,  20, 1014, DB,   0, , 0, 0, 0, 0, 0, 0, 0, 0, 0, 0, 0, , 0, 0, INVEST,
AL, 96, 2021081506,   , CHP6, 0, 354N,  631W,  20, 1012, DB,   0, , 0, 0, 0, 0, 0, 0, 0, 0, 0, 0, 0, , 0, 0, INVEST,
AL, 96, 2021081512,   , CHP6, 0, 348N,  628W,  20, 1012, DB,   0, , 0, 0, 0, 0, 0, 0, 0, 0, 0, 0, 0, , 0, 0, INVEST,
AL, 08, 2021081518,   , CHP6, 0, 341N,  627W,  25, 1011, TD,   0, , 0, 0, 0, 0, 0, 0, 0, 0, 0, 0, 0, , 0, 0, EIGHT,
AL, 08, 2021081600,   , CHP6, 0, 334N,  627W,  30, 1010, TD,   0, , 0, 0, 0, 0, 0, 0, 0, 0, 0, 0, 0, , 0, 0, EIGHT,
AL, 08, 2021081606,   , CHP6, 0, 325N,  627W,  30, 1010, TD,   0, , 0, 0, 0, 0, 0, 0, 0, 0, 0, 0, 0, , 0, 0, EIGHT,
AL, 08, 2021081612,   , CHP6, 0, 316N,  627W,  30, 1010, TD,   0, , 0, 0, 0, 0, 0, 0, 0, 0, 0, 0, 0, , 0, 0, EIGHT,
AL, 08, 2021081618,   , CHP6, 0, 311N,  629W,  35, 1009, TS,   0, , 0, 0, 0, 0, 0, 0, 0, 0, 0, 0, 0, , 0, 0, HENRI,
AL, 08, 2021081700,   , CHP6, 0, 308N,  631W,  40, 1008, TS,   0, , 0, 0, 0, 0, 0, 0, 0, 0, 0, 0, 0, , 0, 0, HENRI,
AL, 08, 2021081706,   , CHP6, 0, 306N,  634W,  46,  994, TS,   0, , 0, 0, 0, 0, 0, 0, 0, 0, 0, 0, 0, , 0, 0, HENRI,
AL, 08, 2021081712,   , CHP6, 0, 304N,  638W,  53,  991, TS,   0, , 0, 0, 0, 0, 0, 0, 0, 0, 0, 0, 0, , 0, 0, HENRI,
AL, 08, 2021081718,   , CHP6, 0, 304N,  643W,  61,  987, TS,   0, , 0, 0, 0, 0, 0, 0, 0, 0, 0, 0, 0, , 0, 0, HENRI,
AL, 08, 2021081800,   , CHP6, 0, 303N,  648W,  72,  980, HU,   0, , 0, 0, 0, 0, 0, 0, 0, 0, 0, 0, 0, , 0, 0, HENRI,
AL, 08, 2021081806,   , CHP6, 0, 303N,  655W,  85,  970, HU,   0, , 0, 0, 0, 0, 0, 0, 0, 0, 0, 0, 0, , 0, 0, HENRI,
AL, 08, 2021081812,   , CHP6, 0, 302N,  662W, 100,  958, HU,   0, , 0, 0, 0, 0, 0, 0, 0, 0, 0, 0, 0, , 0, 0, HENRI,
AL, 08, 2021081818,   , CHP6, 0, 301N,  670W, 112,  946, HU,   0, , 0, 0, 0, 0, 0, 0, 0, 0, 0, 0, 0, , 0, 0, HENRI,
AL, 08, 2021081900,   , CHP6, 0, 300N,  679W, 114,  944, HU,   0, , 0, 0, 0, 0, 0, 0, 0, 0, 0, 0, 0, , 0, 0, HENRI,
AL, 08, 2021081906,   , CHP6, 0, 299N,  688W, 119,  939, HU,   0, , 0, 0, 0, 0, 0, 0, 0, 0, 0, 0, 0, , 0, 0, HENRI,
AL, 08, 2021081912,   , CHP6, 0, 298N,  698W, 124,  942, HU,   0, , 0, 0, 0, 0, 0, 0, 0, 0, 0, 0, 0, , 0, 0, HENRI,
AL, 08, 2021081918,   , CHP6, 0, 299N,  706W, 125,  935, HU,   0, , 0, 0, 0, 0, 0, 0, 0, 0, 0, 0, 0, , 0, 0, HENRI,
AL, 08, 2021082000,   , CHP6, 0, 301N,  714W, 131,  926, HU,   0, , 0, 0, 0, 0, 0, 0, 0, 0, 0, 0, 0, , 0, 0, HENRI,
AL, 08, 2021082006,   , CHP6, 0, 304N,  719W, 133,  925, HU,   0, , 0, 0, 0, 0, 0, 0, 0, 0, 0, 0, 0, , 0, 0, HENRI,
AL, 08, 2021082012,   , CHP6, 0, 308N,  723W, 120,  937, HU,   0, , 0, 0, 0, 0, 0, 0, 0, 0, 0, 0, 0, , 0, 0, HENRI,
AL, 08, 2021082018,   , CHP6, 0, 313N,  724W, 107,  950, HU,   0, , 0, 0, 0, 0, 0, 0, 0, 0, 0, 0, 0, , 0, 0, HENRI,
AL, 08, 2021082100,   , CHP6, 0, 320N,  722W, 104,  954, HU,   0, , 0, 0, 0, 0, 0, 0, 0, 0, 0, 0, 0, , 0, 0, HENRI,
AL, 08, 2021082106,   , CHP6, 0, 332N,  716W, 100,  958, HU,   0, , 0, 0, 0, 0, 0, 0, 0, 0, 0, 0, 0, , 0, 0, HENRI,
AL, 08, 2021082112,   , CHP6, 0, 343N,  709W,  96,  962, HU,   0, , 0, 0, 0, 0, 0, 0, 0, 0, 0, 0, 0, , 0, 0, HENRI,
AL, 08, 2021082118,   , CHP6, 0, 355N,  699W,  93,  965, HU,   0, , 0, 0, 0, 0, 0, 0, 0, 0, 0, 0, 0, , 0, 0, HENRI,
AL, 08, 2021082200,   , CHP6, 0, 366N,  691W,  93,  965, HU,   0, , 0, 0, 0, 0, 0, 0, 0, 0, 0, 0, 0, , 0, 0, HENRI,
AL, 08, 2021082206,   , CHP6, 0, 375N,  682W,  95,  964, HU,   0, , 0, 0, 0, 0, 0, 0, 0, 0, 0, 0, 0, , 0, 0, HENRI,
AL, 08, 2021082212,   , CHP6, 0, 384N,  671W,  97,  961, HU,   0, , 0, 0, 0, 0, 0, 0, 0, 0, 0, 0, 0, , 0, 0, HENRI,
AL, 08, 2021082218,   , CHP6, 0, 393N,  660W, 100,  959, HU,   0, , 0, 0, 0, 0, 0, 0, 0, 0, 0, 0, 0, , 0, 0, HENRI,
AL, 08, 2021082300,   , CHP6, 0, 402N,  649W, 103,  956, HU,   0, , 0, 0, 0, 0, 0, 0, 0, 0, 0, 0, 0, , 0, 0, HENRI,
AL, 08, 2021082306,   , CHP6, 0, 410N,  637W,  95,  964, HU,   0, , 0, 0, 0, 0, 0, 0, 0, 0, 0, 0, 0, , 0, 0, HENRI,
AL, 08, 2021082312,   , CHP6, 0, 417N,  625W,  82,  973, HU,   0, , 0, 0, 0, 0, 0, 0, 0, 0, 0, 0, 0, , 0, 0, HENRI,
AL, 08, 2021082318,   , CHP6, 0, 423N,  610W,  67,  983, HU,   0, , 0, 0, 0, 0, 0, 0, 0, 0, 0, 0, 0, , 0, 0, HENRI,
AL, 08, 2021082400,   , CHP6, 0, 428N,  592W,  52,  988, TS,   0, , 0, 0, 0, 0, 0, 0, 0, 0, 0, 0, 0, , 0, 0, HENRI,
AL, 08, 2021082406,   , CHP6, 0, 432N,  575W,  41,  964, TS,   0, , 0, 0, 0, 0, 0, 0, 0, 0, 0, 0, 0, , 0, 0, HENRI,
AL, 08, 2021082412,   , CHP6, 0, 435N,  556W,  34,  973, TS,   0, , 0, 0, 0, 0, 0, 0, 0, 0, 0, 0, 0, , 0, 0, HENRI,
AL, 08, 2021082418,   , CHP6, 0, 437N,  534W,  27,  983, EX,   0, , 0, 0, 0, 0, 0, 0, 0, 0, 0, 0, 0, , 0, 0, HENRI,
AL, 08, 2021082500,   , CHP6, 0, 438N,  510W,  22,  988, EX,   0, , 0, 0, 0, 0, 0, 0, 0, 0, 0, 0, 0, , 0, 0, HENRI,
