AL, 95, 2021091812,   , CHP6, 0, 157N,  500W,  20, 1009, DB,   0, , 0, 0, 0, 0, 0, 0, 0, 0, 0, 0, 0, , 0, 0, INVEST,
AL, 95, 2021091818,   , CHP6, 0, 160N,  512W,  20, 1008, DB,   0, , 0, 0, 0, 0, 0, 0, 0, 0, 0, 0, 0, , 0, 0, INVEST,
AL, 16, 2021091900,   , CHP6, 0, 164N,  527W,  30, 1007, TD,   0, , 0, 0, 0, 0, 0, 0, 0, 0, 0, 0, 0, , 0, 0, SIXTEEN,
AL, 16, 2021091906,   , CHP6, 0, 168N,  544W,  35, 1006, TS,   0, , 0, 0, 0, 0, 0, 0, 0, 0, 0, 0, 0, , 0, 0, PETER,
AL, 16, 2021091912,   , CHP6, 0, 173N,  558W,  40, 1006, TS,   0, , 0, 0, 0, 0, 0, 0, 0, 0, 0, 0, 0, , 0, 0, PETER,
AL, 16, 2021091918,   , CHP6, 0, 178N,  572W,  45,  996, TS,   0, , 0, 0, 0, 0, 0, 0, 0, 0, 0, 0, 0, , 0, 0, PETER,
AL, 16, 2021092000,   , CHP6, 0, 183N,  586W,  51,  994, TS,   0, , 0, 0, 0, 0, 0, 0, 0, 0, 0, 0, 0, , 0, 0, PETER,
AL, 16, 2021092006,   , CHP6, 0, 187N,  597W,  55,  992, TS,   0, , 0, 0, 0, 0, 0, 0, 0, 0, 0, 0, 0, , 0, 0, PETER,
AL, 16, 2021092012,   , CHP6, 0, 192N,  608W,  57,  991, TS,   0, , 0, 0, 0, 0, 0, 0, 0, 0, 0, 0, 0, , 0, 0, PETER,
AL, 16, 2021092018,   , CHP6, 0, 197N,  619W,  59,  990, TS,   0, , 0, 0, 0, 0, 0, 0, 0, 0, 0, 0, 0, , 0, 0, PETER,
AL, 16, 2021092100,   , CHP6, 0, 202N,  630W,  60,  989, TS,   0, , 0, 0, 0, 0, 0, 0, 0, 0, 0, 0, 0, , 0, 0, PETER,
AL, 16, 2021092106,   , CHP6, 0, 205N,  640W,  61,  988, TS,   0, , 0, 0, 0, 0, 0, 0, 0, 0, 0, 0, 0, , 0, 0, PETER,
AL, 16, 2021092112,   , CHP6, 0, 210N,  650W,  63,  987, TS,   0, , 0, 0, 0, 0, 0, 0, 0, 0, 0, 0, 0, , 0, 0, PETER,
AL, 16, 2021092118,   , CHP6, 0, 215N,  659W,  64,  986, HU,   0, , 0, 0, 0, 0, 0, 0, 0, 0, 0, 0, 0, , 0, 0, PETER,
AL, 16, 2021092200,   , CHP6, 0, 220N,  667W,  63,  985, TS,   0, , 0, 0, 0, 0, 0, 0, 0, 0, 0, 0, 0, , 0, 0, PETER,
AL, 16, 2021092206,   , CHP6, 0, 225N,  672W,  63,  984, TS,   0, , 0, 0, 0, 0, 0, 0, 0, 0, 0, 0, 0, , 0, 0, PETER,
AL, 16, 2021092212,   , CHP6, 0, 229N,  676W,  63,  985, TS,   0, , 0, 0, 0, 0, 0, 0, 0, 0, 0, 0, 0, , 0, 0, PETER,
AL, 16, 2021092218,   , CHP6, 0, 230N,  675W,  63,  992, TS,   0, , 0, 0, 0, 0, 0, 0, 0, 0, 0, 0, 0, , 0, 0, PETER,
AL, 16, 2021092300,   , CHP6, 0, 234N,  675W,  63,  990, TS,   0, , 0, 0, 0, 0, 0, 0, 0, 0, 0, 0, 0, , 0, 0, PETER,
AL, 16, 2021092306,   , CHP6, 0, 239N,  672W,  63,  988, TS,   0, , 0, 0, 0, 0, 0, 0, 0, 0, 0, 0, 0, , 0, 0, PETER,
AL, 16, 2021092312,   , CHP6, 0, 244N,  668W,  64,  985, HU,   0, , 0, 0, 0, 0, 0, 0, 0, 0, 0, 0, 0, , 0, 0, PETER,
AL, 16, 2021092318,   , CHP6, 0, 249N,  665W,  73,  978, HU,   0, , 0, 0, 0, 0, 0, 0, 0, 0, 0, 0, 0, , 0, 0, PETER,
AL, 16, 2021092400,   , CHP6, 0, 254N,  661W,  86,  967, HU,   0, , 0, 0, 0, 0, 0, 0, 0, 0, 0, 0, 0, , 0, 0, PETER,
AL, 16, 2021092406,   , CHP6, 0, 259N,  657W,  94,  959, HU,   0, , 0, 0, 0, 0, 0, 0, 0, 0, 0, 0, 0, , 0, 0, PETER,
AL, 16, 2021092412,   , CHP6, 0, 265N,  652W,  92,  958, HU,   0, , 0, 0, 0, 0, 0, 0, 0, 0, 0, 0, 0, , 0, 0, PETER,
AL, 16, 2021092418,   , CHP6, 0, 270N,  647W,  92,  962, HU,   0, , 0, 0, 0, 0, 0, 0, 0, 0, 0, 0, 0, , 0, 0, PETER,
AL, 16, 2021092500,   , CHP6, 0, 275N,  643W, 100,  955, HU,   0, , 0, 0, 0, 0, 0, 0, 0, 0, 0, 0, 0, , 0, 0, PETER,
AL, 16, 2021092506,   , CHP6, 0, 281N,  638W, 104,  951, HU,   0, , 0, 0, 0, 0, 0, 0, 0, 0, 0, 0, 0, , 0, 0, PETER,
AL, 16, 2021092512,   , CHP6, 0, 290N,  633W,  99,  957, HU,   0, , 0, 0, 0, 0, 0, 0, 0, 0, 0, 0, 0, , 0, 0, PETER,
AL, 16, 2021092518,   , CHP6, 0, 298N,  628W,  99,  956, HU,   0, , 0, 0, 0, 0, 0, 0, 0, 0, 0, 0, 0, , 0, 0, PETER,
AL, 16, 2021092600,   , CHP6, 0, 305N,  624W,  91,  963, HU,   0, , 0, 0, 0, 0, 0, 0, 0, 0, 0, 0, 0, , 0, 0, PETER,
AL, 16, 2021092606,   , CHP6, 0, 311N,  621W, 104,  951, HU,   0, , 0, 0, 0, 0, 0, 0, 0, 0, 0, 0, 0, , 0, 0, PETER,
AL, 16, 2021092612,   , CHP6, 0, 316N,  619W,  99,  957, HU,   0, , 0, 0, 0, 0, 0, 0, 0, 0, 0, 0, 0, , 0, 0, PETER,
AL, 16, 2021092618,   , CHP6, 0, 320N,  618W,  99,  956, HU,   0, , 0, 0, 0, 0, 0, 0, 0, 0, 0, 0, 0, , 0, 0, PETER,
AL, 16, 2021092700,   , CHP6, 0, 324N,  616W,  84,  967, HU,   0, , 0, 0, 0, 0, 0, 0, 0, 0, 0, 0, 0, , 0, 0, PETER,
AL, 16, 2021092706,   , CHP6, 0, 328N,  614W,  67,  980, HU,   0, , 0, 0, 0, 0, 0, 0, 0, 0, 0, 0, 0, , 0, 0, PETER,
AL, 16, 2021092712,   , CHP6, 0, 332N,  611W,  55,  984, TS,   0, , 0, 0, 0, 0, 0, 0, 0, 0, 0, 0, 0, , 0, 0, PETER,
AL, 16, 2021092718,   , CHP6, 0, 336N,  607W,  46,  990, TS,   0, , 0, 0, 0, 0, 0, 0, 0, 0, 0, 0, 0, , 0, 0, PETER,
AL, 16, 2021092800,   , CHP6, 0, 340N,  603W,  38,  993, TS,   0, , 0, 0, 0, 0, 0, 0, 0, 0, 0, 0, 0, , 0, 0, PETER,
AL, 16, 2021092806,   , CHP6, 0, 344N,  595W,  34,  997, TS,   0, , 0, 0, 0, 0, 0, 0, 0, 0, 0, 0, 0, , 0, 0, PETER,
AL, 16, 2021092812,   , CHP6, 0, 348N,  588W,  37, 1000, TS,   0, , 0, 0, 0, 0, 0, 0, 0, 0, 0, 0, 0, , 0, 0, PETER,
AL, 16, 2021092818,   , CHP6, 0, 352N,  577W,  42, 1000, TS,   0, , 0, 0, 0, 0, 0, 0, 0, 0, 0, 0, 0, , 0, 0, PETER,
AL, 16, 2021092900,   , CHP6, 0, 360N,  563W,  45, 1000, TS,   0, , 0, 0, 0, 0, 0, 0, 0, 0, 0, 0, 0, , 0, 0, PETER,
AL, 16, 2021092906,   , CHP6, 0, 372N,  554W,  44, 1000, TS,   0, , 0, 0, 0, 0, 0, 0, 0, 0, 0, 0, 0, , 0, 0, PETER,
AL, 16, 2021092912,   , CHP6, 0, 389N,  540W,  45, 1000, TS,   0, , 0, 0, 0, 0, 0, 0, 0, 0, 0, 0, 0, , 0, 0, PETER,
AL, 16, 2021092918,   , CHP6, 0, 409N,  521W,  46, 1000, TS,   0, , 0, 0, 0, 0, 0, 0, 0, 0, 0, 0, 0, , 0, 0, PETER,
AL, 16, 2021093000,   , CHP6, 0, 427N,  505W,  54, 1003, TS,   0, , 0, 0, 0, 0, 0, 0, 0, 0, 0, 0, 0, , 0, 0, PETER,
AL, 16, 2021093006,   , CHP6, 0, 445N,  477W,  68, 1003, HU,   0, , 0, 0, 0, 0, 0, 0, 0, 0, 0, 0, 0, , 0, 0, PETER,
AL, 16, 2021093012,   , CHP6, 0, 460N,  447W, 126, 1003, HU,   0, , 0, 0, 0, 0, 0, 0, 0, 0, 0, 0, 0, , 0, 0, PETER,
AL, 16, 2021093018,   , CHP6, 0, 465N,  403W, 155, 1003, HU,   0, , 0, 0, 0, 0, 0, 0, 0, 0, 0, 0, 0, , 0, 0, PETER,
AL, 16, 2021100100,   , CHP6, 0, 468N,  357W, 156, 1003, EX,   0, , 0, 0, 0, 0, 0, 0, 0, 0, 0, 0, 0, , 0, 0, PETER,
AL, 16, 2021100106,   , CHP6, 0, 463N,  299W, 155, 1003, EX,   0, , 0, 0, 0, 0, 0, 0, 0, 0, 0, 0, 0, , 0, 0, PETER,
AL, 16, 2021100112,   , CHP6, 0, 457N,  240W, 155, 1003, EX,   0, , 0, 0, 0, 0, 0, 0, 0, 0, 0, 0, 0, , 0, 0, PETER,
AL, 16, 2021100118,   , CHP6, 0, 451N,  172W, 156, 1003, EX,   0, , 0, 0, 0, 0, 0, 0, 0, 0, 0, 0, 0, , 0, 0, PETER,
AL, 16, 2021100200,   , CHP6, 0, 453N,  105W, 184, 1003, EX,   0, , 0, 0, 0, 0, 0, 0, 0, 0, 0, 0, 0, , 0, 0, PETER,
AL, 16, 2021100206,   , CHP6, 0, 461N,   42W, 197, 1003, EX,   0, , 0, 0, 0, 0, 0, 0, 0, 0, 0, 0, 0, , 0, 0, PETER,
AL, 16, 2021100212,   , CHP6, 0, 473N,    9E, 198, 1003, EX,   0, , 0, 0, 0, 0, 0, 0, 0, 0, 0, 0, 0, , 0, 0, PETER,
AL, 16, 2021100218,   , CHP6, 0, 485N,   62E, 198, 1004, EX,   0, , 0, 0, 0, 0, 0, 0, 0, 0, 0, 0, 0, , 0, 0, PETER,
AL, 16, 2021100300,   , CHP6, 0, 497N,  124E, 197, 1004, EX,   0, , 0, 0, 0, 0, 0, 0, 0, 0, 0, 0, 0, , 0, 0, PETER,
