AL, 98, 2021092218,   , CHP6, 0,  99N,  317W,  20, 1008, DB,   0, , 0, 0, 0, 0, 0, 0, 0, 0, 0, 0, 0, , 0, 0, INVEST,
AL, 98, 2021092218,   , CHP6, 0, 100N,  331W,  20, 1008, DB,   0, , 0, 0, 0, 0, 0, 0, 0, 0, 0, 0, 0, , 0, 0, INVEST,
AL, 18, 2021092300,   , CHP6, 0, 102N,  344W,  30, 1008, TD,   0, , 0, 0, 0, 0, 0, 0, 0, 0, 0, 0, 0, , 0, 0, EIGHTEEN,
AL, 18, 2021092306,   , CHP6, 0, 104N,  360W,  35, 1006, TS,   0, , 0, 0, 0, 0, 0, 0, 0, 0, 0, 0, 0, , 0, 0, SAM,
AL, 18, 2021092312,   , CHP6, 0, 107N,  376W,  45, 1003, TS,   0, , 0, 0, 0, 0, 0, 0, 0, 0, 0, 0, 0, , 0, 0, SAM,
AL, 18, 2021092318,   , CHP6, 0, 110N,  390W,  48,  996, TS,   0, , 0, 0, 0, 0, 0, 0, 0, 0, 0, 0, 0, , 0, 0, SAM,
AL, 18, 2021092400,   , CHP6, 0, 112N,  405W,  56,  992, TS,   0, , 0, 0, 0, 0, 0, 0, 0, 0, 0, 0, 0, , 0, 0, SAM,
AL, 18, 2021092406,   , CHP6, 0, 112N,  416W,  67,  985, HU,   0, , 0, 0, 0, 0, 0, 0, 0, 0, 0, 0, 0, , 0, 0, SAM,
AL, 18, 2021092412,   , CHP6, 0, 114N,  429W,  82,  974, HU,   0, , 0, 0, 0, 0, 0, 0, 0, 0, 0, 0, 0, , 0, 0, SAM,
AL, 18, 2021092418,   , CHP6, 0, 116N,  439W, 101,  958, HU,   0, , 0, 0, 0, 0, 0, 0, 0, 0, 0, 0, 0, , 0, 0, SAM,
AL, 18, 2021092500,   , CHP6, 0, 118N,  450W, 126,  932, HU,   0, , 0, 0, 0, 0, 0, 0, 0, 0, 0, 0, 0, , 0, 0, SAM,
AL, 18, 2021092506,   , CHP6, 0, 121N,  458W, 136,  919, HU,   0, , 0, 0, 0, 0, 0, 0, 0, 0, 0, 0, 0, , 0, 0, SAM,
AL, 18, 2021092512,   , CHP6, 0, 124N,  467W, 133,  924, HU,   0, , 0, 0, 0, 0, 0, 0, 0, 0, 0, 0, 0, , 0, 0, SAM,
AL, 18, 2021092518,   , CHP6, 0, 127N,  474W, 131,  924, HU,   0, , 0, 0, 0, 0, 0, 0, 0, 0, 0, 0, 0, , 0, 0, SAM,
AL, 18, 2021092600,   , CHP6, 0, 131N,  483W, 131,  923, HU,   0, , 0, 0, 0, 0, 0, 0, 0, 0, 0, 0, 0, , 0, 0, SAM,
AL, 18, 2021092606,   , CHP6, 0, 135N,  491W, 136,  920, HU,   0, , 0, 0, 0, 0, 0, 0, 0, 0, 0, 0, 0, , 0, 0, SAM,
AL, 18, 2021092612,   , CHP6, 0, 138N,  499W, 137,  913, HU,   0, , 0, 0, 0, 0, 0, 0, 0, 0, 0, 0, 0, , 0, 0, SAM,
AL, 18, 2021092618,   , CHP6, 0, 141N,  504W, 138,  912, HU,   0, , 0, 0, 0, 0, 0, 0, 0, 0, 0, 0, 0, , 0, 0, SAM,
AL, 18, 2021092700,   , CHP6, 0, 144N,  508W, 137,  915, HU,   0, , 0, 0, 0, 0, 0, 0, 0, 0, 0, 0, 0, , 0, 0, SAM,
AL, 18, 2021092706,   , CHP6, 0, 149N,  511W, 139,  916, HU,   0, , 0, 0, 0, 0, 0, 0, 0, 0, 0, 0, 0, , 0, 0, SAM,
AL, 18, 2021092712,   , CHP6, 0, 154N,  516W, 139,  913, HU,   0, , 0, 0, 0, 0, 0, 0, 0, 0, 0, 0, 0, , 0, 0, SAM,
AL, 18, 2021092718,   , CHP6, 0, 159N,  522W, 143,  910, HU,   0, , 0, 0, 0, 0, 0, 0, 0, 0, 0, 0, 0, , 0, 0, SAM,
AL, 18, 2021092800,   , CHP6, 0, 165N,  529W, 145,  907, HU,   0, , 0, 0, 0, 0, 0, 0, 0, 0, 0, 0, 0, , 0, 0, SAM,
AL, 18, 2021092806,   , CHP6, 0, 170N,  535W, 139,  913, HU,   0, , 0, 0, 0, 0, 0, 0, 0, 0, 0, 0, 0, , 0, 0, SAM,
AL, 18, 2021092812,   , CHP6, 0, 174N,  540W, 140,  916, HU,   0, , 0, 0, 0, 0, 0, 0, 0, 0, 0, 0, 0, , 0, 0, SAM,
AL, 18, 2021092818,   , CHP6, 0, 178N,  546W, 142,  911, HU,   0, , 0, 0, 0, 0, 0, 0, 0, 0, 0, 0, 0, , 0, 0, SAM,
AL, 18, 2021092900,   , CHP6, 0, 183N,  552W, 144,  909, HU,   0, , 0, 0, 0, 0, 0, 0, 0, 0, 0, 0, 0, , 0, 0, SAM,
AL, 18, 2021092906,   , CHP6, 0, 188N,  558W, 146,  911, HU,   0, , 0, 0, 0, 0, 0, 0, 0, 0, 0, 0, 0, , 0, 0, SAM,
AL, 18, 2021092912,   , CHP6, 0, 193N,  566W, 151,  900, HU,   0, , 0, 0, 0, 0, 0, 0, 0, 0, 0, 0, 0, , 0, 0, SAM,
AL, 18, 2021092918,   , CHP6, 0, 198N,  573W, 152,  897, HU,   0, , 0, 0, 0, 0, 0, 0, 0, 0, 0, 0, 0, , 0, 0, SAM,
AL, 18, 2021093000,   , CHP6, 0, 206N,  581W, 150,  900, HU,   0, , 0, 0, 0, 0, 0, 0, 0, 0, 0, 0, 0, , 0, 0, SAM,
AL, 18, 2021093006,   , CHP6, 0, 214N,  589W, 151,  906, HU,   0, , 0, 0, 0, 0, 0, 0, 0, 0, 0, 0, 0, , 0, 0, SAM,
AL, 18, 2021093012,   , CHP6, 0, 221N,  597W, 153,  900, HU,   0, , 0, 0, 0, 0, 0, 0, 0, 0, 0, 0, 0, , 0, 0, SAM,
AL, 18, 2021093018,   , CHP6, 0, 230N,  605W, 149,  904, HU,   0, , 0, 0, 0, 0, 0, 0, 0, 0, 0, 0, 0, , 0, 0, SAM,
AL, 18, 2021100100,   , CHP6, 0, 242N,  609W, 145,  911, HU,   0, , 0, 0, 0, 0, 0, 0, 0, 0, 0, 0, 0, , 0, 0, SAM,
AL, 18, 2021100106,   , CHP6, 0, 254N,  612W, 153,  900, HU,   0, , 0, 0, 0, 0, 0, 0, 0, 0, 0, 0, 0, , 0, 0, SAM,
AL, 18, 2021100112,   , CHP6, 0, 266N,  616W, 141,  915, HU,   0, , 0, 0, 0, 0, 0, 0, 0, 0, 0, 0, 0, , 0, 0, SAM,
AL, 18, 2021100118,   , CHP6, 0, 279N,  617W, 138,  918, HU,   0, , 0, 0, 0, 0, 0, 0, 0, 0, 0, 0, 0, , 0, 0, SAM,
AL, 18, 2021100200,   , CHP6, 0, 298N,  613W, 129,  933, HU,   0, , 0, 0, 0, 0, 0, 0, 0, 0, 0, 0, 0, , 0, 0, SAM,
AL, 18, 2021100206,   , CHP6, 0, 317N,  602W, 126,  937, HU,   0, , 0, 0, 0, 0, 0, 0, 0, 0, 0, 0, 0, , 0, 0, SAM,
AL, 18, 2021100212,   , CHP6, 0, 337N,  590W, 127,  943, HU,   0, , 0, 0, 0, 0, 0, 0, 0, 0, 0, 0, 0, , 0, 0, SAM,
AL, 18, 2021100218,   , CHP6, 0, 353N,  574W, 126,  936, HU,   0, , 0, 0, 0, 0, 0, 0, 0, 0, 0, 0, 0, , 0, 0, SAM,
AL, 18, 2021100300,   , CHP6, 0, 369N,  560W, 121,  942, HU,   0, , 0, 0, 0, 0, 0, 0, 0, 0, 0, 0, 0, , 0, 0, SAM,
AL, 18, 2021100306,   , CHP6, 0, 385N,  547W, 112,  950, HU,   0, , 0, 0, 0, 0, 0, 0, 0, 0, 0, 0, 0, , 0, 0, SAM,
AL, 18, 2021100312,   , CHP6, 0, 397N,  531W, 101,  960, HU,   0, , 0, 0, 0, 0, 0, 0, 0, 0, 0, 0, 0, , 0, 0, SAM,
AL, 18, 2021100318,   , CHP6, 0, 409N,  514W,  78,  978, HU,   0, , 0, 0, 0, 0, 0, 0, 0, 0, 0, 0, 0, , 0, 0, SAM,
AL, 18, 2021100400,   , CHP6, 0, 419N,  496W,  70,  989, HU,   0, , 0, 0, 0, 0, 0, 0, 0, 0, 0, 0, 0, , 0, 0, SAM,
AL, 18, 2021100406,   , CHP6, 0, 435N,  474W,  68,  989, HU,   0, , 0, 0, 0, 0, 0, 0, 0, 0, 0, 0, 0, , 0, 0, SAM,
AL, 18, 2021100412,   , CHP6, 0, 450N,  454W,  64,  991, HU,   0, , 0, 0, 0, 0, 0, 0, 0, 0, 0, 0, 0, , 0, 0, SAM,
AL, 18, 2021100418,   , CHP6, 0, 464N,  441W,  62,  992, TS,   0, , 0, 0, 0, 0, 0, 0, 0, 0, 0, 0, 0, , 0, 0, SAM,
AL, 18, 2021100500,   , CHP6, 0, 478N,  428W,  60,  993, TS,   0, , 0, 0, 0, 0, 0, 0, 0, 0, 0, 0, 0, , 0, 0, SAM,
AL, 18, 2021100506,   , CHP6, 0, 493N,  415W,  59,  993, TS,   0, , 0, 0, 0, 0, 0, 0, 0, 0, 0, 0, 0, , 0, 0, SAM,
AL, 18, 2021100512,   , CHP6, 0, 506N,  400W,  54,  996, EX,   0, , 0, 0, 0, 0, 0, 0, 0, 0, 0, 0, 0, , 0, 0, SAM,
AL, 18, 2021100518,   , CHP6, 0, 522N,  383W,  52,  997, EX,   0, , 0, 0, 0, 0, 0, 0, 0, 0, 0, 0, 0, , 0, 0, SAM,
