AL, 90, 2021092900,   , CHP6, 0,  70N,  220W,  20, 1008, DB,   0, , 0, 0, 0, 0, 0, 0, 0, 0, 0, 0, 0, , 0, 0, INVEST,
AL, 90, 2021092906,   , CHP6, 0,  74N,  230W,  20, 1007, DB,   0, , 0, 0, 0, 0, 0, 0, 0, 0, 0, 0, 0, , 0, 0, INVEST,
AL, 20, 2021092912,   , CHP6, 0,  78N,  241W,  30, 1006, TD,   0, , 0, 0, 0, 0, 0, 0, 0, 0, 0, 0, 0, , 0, 0, TWENTY,
AL, 20, 2021092918,   , CHP6, 0,  81N,  251W,  35, 1005, TS,   0, , 0, 0, 0, 0, 0, 0, 0, 0, 0, 0, 0, , 0, 0, VICTOR,
AL, 20, 2021093000,   , CHP6, 0,  83N,  260W,  35, 1005, TS,   0, , 0, 0, 0, 0, 0, 0, 0, 0, 0, 0, 0, , 0, 0, VICTOR,
AL, 20, 2021093006,   , CHP6, 0,  85N,  269W,  36,  999, TS,   0, , 0, 0, 0, 0, 0, 0, 0, 0, 0, 0, 0, , 0, 0, VICTOR,
AL, 20, 2021093012,   , CHP6, 0,  89N,  278W,  42,  997, TS,   0, , 0, 0, 0, 0, 0, 0, 0, 0, 0, 0, 0, , 0, 0, VICTOR,
AL, 20, 2021093018,   , CHP6, 0,  94N,  288W,  47,  995, TS,   0, , 0, 0, 0, 0, 0, 0, 0, 0, 0, 0, 0, , 0, 0, VICTOR,
AL, 20, 2021100100,   , CHP6, 0,  98N,  297W,  54,  992, TS,   0, , 0, 0, 0, 0, 0, 0, 0, 0, 0, 0, 0, , 0, 0, VICTOR,
AL, 20, 2021100106,   , CHP6, 0, 102N,  306W,  62,  988, TS,   0, , 0, 0, 0, 0, 0, 0, 0, 0, 0, 0, 0, , 0, 0, VICTOR,
AL, 20, 2021100112,   , CHP6, 0, 107N,  314W,  73,  982, HU,   0, , 0, 0, 0, 0, 0, 0, 0, 0, 0, 0, 0, , 0, 0, VICTOR,
AL, 20, 2021100118,   , CHP6, 0, 112N,  323W,  85,  975, HU,   0, , 0, 0, 0, 0, 0, 0, 0, 0, 0, 0, 0, , 0, 0, VICTOR,
AL, 20, 2021100200,   , CHP6, 0, 117N,  330W,  95,  968, HU,   0, , 0, 0, 0, 0, 0, 0, 0, 0, 0, 0, 0, , 0, 0, VICTOR,
AL, 20, 2021100206,   , CHP6, 0, 122N,  337W,  97,  963, HU,   0, , 0, 0, 0, 0, 0, 0, 0, 0, 0, 0, 0, , 0, 0, VICTOR,
AL, 20, 2021100212,   , CHP6, 0, 127N,  344W,  95,  964, HU,   0, , 0, 0, 0, 0, 0, 0, 0, 0, 0, 0, 0, , 0, 0, VICTOR,
AL, 20, 2021100218,   , CHP6, 0, 132N,  351W,  89,  969, HU,   0, , 0, 0, 0, 0, 0, 0, 0, 0, 0, 0, 0, , 0, 0, VICTOR,
AL, 20, 2021100300,   , CHP6, 0, 137N,  358W,  83,  974, HU,   0, , 0, 0, 0, 0, 0, 0, 0, 0, 0, 0, 0, , 0, 0, VICTOR,
AL, 20, 2021100306,   , CHP6, 0, 142N,  365W,  79,  977, HU,   0, , 0, 0, 0, 0, 0, 0, 0, 0, 0, 0, 0, , 0, 0, VICTOR,
AL, 20, 2021100312,   , CHP6, 0, 147N,  373W,  76,  980, HU,   0, , 0, 0, 0, 0, 0, 0, 0, 0, 0, 0, 0, , 0, 0, VICTOR,
AL, 20, 2021100318,   , CHP6, 0, 152N,  381W,  74,  981, HU,   0, , 0, 0, 0, 0, 0, 0, 0, 0, 0, 0, 0, , 0, 0, VICTOR,
AL, 20, 2021100400,   , CHP6, 0, 157N,  390W,  73,  983, HU,   0, , 0, 0, 0, 0, 0, 0, 0, 0, 0, 0, 0, , 0, 0, VICTOR,
AL, 20, 2021100406,   , CHP6, 0, 166N,  400W,  73,  984, HU,   0, , 0, 0, 0, 0, 0, 0, 0, 0, 0, 0, 0, , 0, 0, VICTOR,
AL, 20, 2021100412,   , CHP6, 0, 176N,  410W,  71,  983, HU,   0, , 0, 0, 0, 0, 0, 0, 0, 0, 0, 0, 0, , 0, 0, VICTOR,
AL, 20, 2021100418,   , CHP6, 0, 186N,  420W,  70,  983, HU,   0, , 0, 0, 0, 0, 0, 0, 0, 0, 0, 0, 0, , 0, 0, VICTOR,
AL, 20, 2021100500,   , CHP6, 0, 196N,  429W,  70,  982, HU,   0, , 0, 0, 0, 0, 0, 0, 0, 0, 0, 0, 0, , 0, 0, VICTOR,
AL, 20, 2021100506,   , CHP6, 0, 206N,  439W,  71,  982, HU,   0, , 0, 0, 0, 0, 0, 0, 0, 0, 0, 0, 0, , 0, 0, VICTOR,
AL, 20, 2021100512,   , CHP6, 0, 213N,  445W,  73,  982, HU,   0, , 0, 0, 0, 0, 0, 0, 0, 0, 0, 0, 0, , 0, 0, VICTOR,
AL, 20, 2021100518,   , CHP6, 0, 221N,  452W,  77,  980, HU,   0, , 0, 0, 0, 0, 0, 0, 0, 0, 0, 0, 0, , 0, 0, VICTOR,
AL, 20, 2021100600,   , CHP6, 0, 229N,  458W,  84,  972, HU,   0, , 0, 0, 0, 0, 0, 0, 0, 0, 0, 0, 0, , 0, 0, VICTOR,
AL, 20, 2021100606,   , CHP6, 0, 236N,  463W,  93,  966, HU,   0, , 0, 0, 0, 0, 0, 0, 0, 0, 0, 0, 0, , 0, 0, VICTOR,
AL, 20, 2021100612,   , CHP6, 0, 245N,  466W, 101,  958, HU,   0, , 0, 0, 0, 0, 0, 0, 0, 0, 0, 0, 0, , 0, 0, VICTOR,
AL, 20, 2021100618,   , CHP6, 0, 254N,  467W, 106,  953, HU,   0, , 0, 0, 0, 0, 0, 0, 0, 0, 0, 0, 0, , 0, 0, VICTOR,
AL, 20, 2021100700,   , CHP6, 0, 262N,  468W, 117,  942, HU,   0, , 0, 0, 0, 0, 0, 0, 0, 0, 0, 0, 0, , 0, 0, VICTOR,
AL, 20, 2021100706,   , CHP6, 0, 271N,  469W, 119,  939, HU,   0, , 0, 0, 0, 0, 0, 0, 0, 0, 0, 0, 0, , 0, 0, VICTOR,
AL, 20, 2021100712,   , CHP6, 0, 280N,  470W, 104,  952, HU,   0, , 0, 0, 0, 0, 0, 0, 0, 0, 0, 0, 0, , 0, 0, VICTOR,
AL, 20, 2021100718,   , CHP6, 0, 290N,  469W,  89,  967, HU,   0, , 0, 0, 0, 0, 0, 0, 0, 0, 0, 0, 0, , 0, 0, VICTOR,
AL, 20, 2021100800,   , CHP6, 0, 300N,  467W,  74,  973, HU,   0, , 0, 0, 0, 0, 0, 0, 0, 0, 0, 0, 0, , 0, 0, VICTOR,
AL, 20, 2021100806,   , CHP6, 0, 311N,  464W,  62,  980, TS,   0, , 0, 0, 0, 0, 0, 0, 0, 0, 0, 0, 0, , 0, 0, VICTOR,
AL, 20, 2021100812,   , CHP6, 0, 322N,  460W,  50,  985, TS,   0, , 0, 0, 0, 0, 0, 0, 0, 0, 0, 0, 0, , 0, 0, VICTOR,
AL, 20, 2021100818,   , CHP6, 0, 333N,  455W,  43,  992, TS,   0, , 0, 0, 0, 0, 0, 0, 0, 0, 0, 0, 0, , 0, 0, VICTOR,
AL, 20, 2021100900,   , CHP6, 0, 345N,  449W,  35,  994, TS,   0, , 0, 0, 0, 0, 0, 0, 0, 0, 0, 0, 0, , 0, 0, VICTOR,
AL, 20, 2021100906,   , CHP6, 0, 357N,  443W,  26,  996, TD,   0, , 0, 0, 0, 0, 0, 0, 0, 0, 0, 0, 0, , 0, 0, VICTOR,
AL, 20, 2021100912,   , CHP6, 0, 370N,  435W,  22,  998, DB,   0, , 0, 0, 0, 0, 0, 0, 0, 0, 0, 0, 0, , 0, 0, VICTOR,
AL, 20, 2021100918,   , CHP6, 0, 385N,  424W,  16,  999, DB,   0, , 0, 0, 0, 0, 0, 0, 0, 0, 0, 0, 0, , 0, 0, VICTOR,
