SH, 96, 2024112006,   , BEST,   0,  66S, 1001E,  20, 1007, DB,   0, , 0, 0, 0, 0, 0, 0, 0, 0, 0, 0, 0, , 0, 0, INVEST,
SH, 96, 2024112012,   , BEST,   0,  73S,  993E,  20, 1007, DB,   0, , 0, 0, 0, 0, 0, 0, 0, 0, 0, 0, 0, , 0, 0, INVEST,
SH, 96, 2024112018,   , BEST,   0,  80S,  985E,  20, 1007, DB,   0, , 0, 0, 0, 0, 0, 0, 0, 0, 0, 0, 0, , 0, 0, INVEST,
SH, 96, 2024112100,   , BEST,   0,  84S,  979E,  20, 1006, DB,   0, , 0, 0, 0, 0, 0, 0, 0, 0, 0, 0, 0, , 0, 0, INVEST,
SH, 96, 2024112106,   , BEST,   0,  86S,  973E,  20, 1005, DB,   0, , 0, 0, 0, 0, 0, 0, 0, 0, 0, 0, 0, , 0, 0, INVEST,
SH, 96, 2024112112,   , BEST,   0,  89S,  969E,  20, 1005, DB,   0, , 0, 0, 0, 0, 0, 0, 0, 0, 0, 0, 0, , 0, 0, INVEST,
SH, 96, 2024112118,   , BEST,   0,  91S,  966E,  20, 1005, DB,   0, , 0, 0, 0, 0, 0, 0, 0, 0, 0, 0, 0, , 0, 0, INVEST,
SH, 96, 2024112200,   , BEST,   0,  94S,  965E,  20, 1005, DB,   0, , 0, 0, 0, 0, 0, 0, 0, 0, 0, 0, 0, , 0, 0, INVEST,
SH, 96, 2024112206,   , BEST,   0,  97S,  967E,  20, 1006, DB,   0, , 0, 0, 0, 0, 0, 0, 0, 0, 0, 0, 0, , 0, 0, INVEST,
SH, 96, 2024112212,   , BEST,   0, 101S,  965E,  20, 1006, DB,   0, , 0, 0, 0, 0, 0, 0, 0, 0, 0, 0, 0, , 0, 0, INVEST,
SH, 96, 2024112218,   , BEST,   0, 102S,  962E,  20, 1006, DB,   0, , 0, 0, 0, 0, 0, 0, 0, 0, 0, 0, 0, , 0, 0, INVEST,
SH, 96, 2024112300,   , BEST,   0,  99S,  958E,  20, 1006, DB,   0, , 0, 0, 0, 0, 0, 0, 0, 0, 0, 0, 0, , 0, 0, INVEST,
SH, 96, 2024112306,   , BEST,   0,  98S,  952E,  20, 1006, DB,   0, , 0, 0, 0, 0, 0, 0, 0, 0, 0, 0, 0, , 0, 0, INVEST,
SH, 96, 2024112312,   , BEST,   0,  95S,  948E,  20, 1006, DB,   0, , 0, 0, 0, 0, 0, 0, 0, 0, 0, 0, 0, , 0, 0, INVEST,
SH, 96, 2024112318,   , BEST,   0,  92S,  944E,  20, 1003, DB,   0, , 0, 0, 0, 0, 0, 0, 0, 0, 0, 0, 0, , 0, 0, INVEST,
SH, 96, 2024112400,   , BEST,   0,  87S,  939E,  20, 1003, DB,   0, , 0, 0, 0, 0, 0, 0, 0, 0, 0, 0, 0, , 0, 0, INVEST,
SH, 96, 2024112406,   , BEST,   0,  85S,  936E,  20, 1003, DB,   0, , 0, 0, 0, 0, 0, 0, 0, 0, 0, 0, 0, , 0, 0, INVEST,
SH, 96, 2024112412,   , BEST,   0,  83S,  936E,  25, 1003, TD,   0, , 0, 0, 0, 0, 0, 0, 0, 0, 0, 0, 0, , 0, 0, INVEST,
SH, 96, 2024112418,   , BEST,   0,  84S,  941E,  25, 1003, TD,   0, , 0, 0, 0, 0, 0, 0, 0, 0, 0, 0, 0, , 0, 0, INVEST,
SH, 96, 2024112500,   , BEST,   0,  85S,  945E,  30, 1003, TD,   0, , 0, 0, 0, 0, 0, 0, 0, 0, 0, 0, 0, , 0, 0, INVEST,
SH, 96, 2024112506,   , BEST,   0,  88S,  950E,  30, 1001, TD,   0, , 0, 0, 0, 0, 0, 0, 0, 0, 0, 0, 0, , 0, 0, INVEST,
SH, 96, 2024112512,   , BEST,   0,  91S,  953E,  35, 1001, TS,   0, , 0, 0, 0, 0, 0, 0, 0, 0, 0, 0, 0, , 0, 0, INVEST,
SH, 96, 2024112518,   , BEST,   0,  93S,  949E,  35, 1001, TS,   0, , 0, 0, 0, 0, 0, 0, 0, 0, 0, 0, 0, , 0, 0, INVEST,
SH, 96, 2024112600,   , BEST,   0,  94S,  944E,  35, 1000, TS,   0, , 0, 0, 0, 0, 0, 0, 0, 0, 0, 0, 0, , 0, 0, INVEST,
SH, 96, 2024112606,   , BEST,   0,  95S,  940E,  35,  999, TS,   0, , 0, 0, 0, 0, 0, 0, 0, 0, 0, 0, 0, , 0, 0, INVEST,
SH, 96, 2024112612,   , BEST,   0,  99S,  935E,  40,  999, TS,   0, , 0, 0, 0, 0, 0, 0, 0, 0, 0, 0, 0, , 0, 0, INVEST,
SH, 96, 2024112618,   , BEST,   0, 108S,  926E,  40,  999, TS,   0, , 0, 0, 0, 0, 0, 0, 0, 0, 0, 0, 0, , 0, 0, INVEST,
SH, 96, 2024112700,   , BEST,   0, 117S,  921E,  40,  999, TS,   0, , 0, 0, 0, 0, 0, 0, 0, 0, 0, 0, 0, , 0, 0, INVEST,
SH, 96, 2024112706,   , BEST,   0, 121S,  917E,  40,  997, TS,   0, , 0, 0, 0, 0, 0, 0, 0, 0, 0, 0, 0, , 0, 0, INVEST,
SH, 03, 2024112712,   , BEST,   0, 127S,  913E,  45,  995, TS,   0, , 0, 0, 0, 0, 0, 0, 0, 0, 0, 0, 0, , 0, 0, THREE,TRANSITIONED, shA62025 to sh032025, 
SH, 03, 2024112718,   , BEST,   0, 135S,  908E,  45,  995, TS,   0, , 0, 0, 0, 0, 0, 0, 0, 0, 0, 0, 0, , 0, 0, THREE,
SH, 03, 2024112800,   , BEST,   0, 146S,  905E,  50,  993, TS,   0, , 0, 0, 0, 0, 0, 0, 0, 0, 0, 0, 0, , 0, 0, THREE,
SH, 03, 2024112806,   , BEST,   0, 154S,  908E,  55,  991, TS,   0, , 0, 0, 0, 0, 0, 0, 0, 0, 0, 0, 0, , 0, 0, THREE,
SH, 03, 2024112812,   , BEST,   0, 160S,  913E,  60,  988, TS,   0, , 0, 0, 0, 0, 0, 0, 0, 0, 0, 0, 0, , 0, 0, THREE,
SH, 03, 2024112818,   , BEST,   0, 167S,  919E,  50,  990, TS,   0, , 0, 0, 0, 0, 0, 0, 0, 0, 0, 0, 0, , 0, 0, ROBYN,
SH, 03, 2024112900,   , BEST,   0, 171S,  928E,  45,  998, TS,   0, , 0, 0, 0, 0, 0, 0, 0, 0, 0, 0, 0, , 0, 0, ROBYN,
SH, 03, 2024112906,   , BEST,   0, 175S,  938E,  40,  998, TS,   0, , 0, 0, 0, 0, 0, 0, 0, 0, 0, 0, 0, , 0, 0, ROBYN,
SH, 03, 2024112912,   , BEST,   0, 181S,  944E,  35,  999, TS,   0, , 0, 0, 0, 0, 0, 0, 0, 0, 0, 0, 0, , 0, 0, ROBYN,
SH, 03, 2024112918,   , BEST,   0, 184S,  946E,  35,  999, TS,   0, , 0, 0, 0, 0, 0, 0, 0, 0, 0, 0, 0, , 0, 0, ROBYN,
SH, 03, 2024113000,   , BEST,   0, 186S,  945E,  30, 1000, TD,   0, , 0, 0, 0, 0, 0, 0, 0, 0, 0, 0, 0, , 0, 0, ROBYN,
SH, 03, 2024113006,   , BEST,   0, 187S,  944E,  30, 1000, TD,   0, , 0, 0, 0, 0, 0, 0, 0, 0, 0, 0, 0, , 0, 0, ROBYN,
SH, 03, 2024113012,   , BEST,   0, 186S,  942E,  25, 1001, TD,   0, , 0, 0, 0, 0, 0, 0, 0, 0, 0, 0, 0, , 0, 0, ROBYN,
SH, 03, 2024113018,   , BEST,   0, 185S,  940E,  25, 1001, TD,   0, , 0, 0, 0, 0, 0, 0, 0, 0, 0, 0, 0, , 0, 0, ROBYN,
SH, 03, 2024120100,   , BEST,   0, 186S,  938E,  20, 1001, DB,   0, , 0, 0, 0, 0, 0, 0, 0, 0, 0, 0, 0, , 0, 0, ROBYN,
SH, 03, 2024120106,   , BEST,   0, 187S,  935E,  20, 1004, DB,   0, , 0, 0, 0, 0, 0, 0, 0, 0, 0, 0, 0, , 0, 0, ROBYN,
SH, 03, 2024120112,   , BEST,   0, 190S,  930E,  20, 1004, DB,   0, , 0, 0, 0, 0, 0, 0, 0, 0, 0, 0, 0, , 0, 0, ROBYN,
Analyzed by 223
