SH, 95, 2025022218,   , BEST,   0, 218S,  370E,  20, 1005, DB,   0, , 0, 0, 0, 0, 0, 0, 0, 0, 0, 0, 0, , 0, 0, INVEST,
SH, 95, 2025022300,   , BEST,   0, 211S,  369E,  20, 1005, DB,   0, , 0, 0, 0, 0, 0, 0, 0, 0, 0, 0, 0, , 0, 0, INVEST,
SH, 95, 2025022306,   , BEST,   0, 206S,  372E,  20,  998, DB,   0, , 0, 0, 0, 0, 0, 0, 0, 0, 0, 0, 0, , 0, 0, INVEST,
SH, 95, 2025022312,   , BEST,   0, 204S,  381E,  20,  998, DB,   0, , 0, 0, 0, 0, 0, 0, 0, 0, 0, 0, 0, , 0, 0, INVEST,
SH, 95, 2025022318,   , BEST,   0, 206S,  389E,  20,  998, DB,   0, , 0, 0, 0, 0, 0, 0, 0, 0, 0, 0, 0, , 0, 0, INVEST,
SH, 95, 2025022400,   , BEST,   0, 211S,  391E,  20,  998, DB,   0, , 0, 0, 0, 0, 0, 0, 0, 0, 0, 0, 0, , 0, 0, INVEST,
SH, 95, 2025022406,   , BEST,   0, 215S,  388E,  20,  998, DB,   0, , 0, 0, 0, 0, 0, 0, 0, 0, 0, 0, 0, , 0, 0, INVEST,
SH, 95, 2025022412,   , BEST,   0, 219S,  385E,  30,  992, TD,   0, , 0, 0, 0, 0, 0, 0, 0, 0, 0, 0, 0, , 0, 0, INVEST,
SH, 95, 2025022418,   , BEST,   0, 221S,  383E,  30,  998, TD,   0, , 0, 0, 0, 0, 0, 0, 0, 0, 0, 0, 0, , 0, 0, INVEST,
SH, 95, 2025022500,   , BEST,   0, 224S,  381E,  30,  997, TD,   0, , 0, 0, 0, 0, 0, 0, 0, 0, 0, 0, 0, , 0, 0, INVEST,
SH, 95, 2025022506,   , BEST,   0, 226S,  378E,  35,  997, TS,   0, , 0, 0, 0, 0, 0, 0, 0, 0, 0, 0, 0, , 0, 0, INVEST,
SH, 95, 2025022512,   , BEST,   0, 227S,  380E,  35,  997, TS,   0, , 0, 0, 0, 0, 0, 0, 0, 0, 0, 0, 0, , 0, 0, INVEST,
SH, 23, 2025022518,   , BEST,   0, 229S,  382E,  40,  995, TS,   0, , 0, 0, 0, 0, 0, 0, 0, 0, 0, 0, 0, , 0, 0, TWENTYTHREE,TRANSITIONED, shF52025 to sh232025, 
SH, 23, 2025022600,   , BEST,   0, 231S,  384E,  45,  994, TS,   0, , 0, 0, 0, 0, 0, 0, 0, 0, 0, 0, 0, , 0, 0, TWENTYTHREE,
SH, 23, 2025022606,   , BEST,   0, 235S,  387E,  50,  986, TS,   0, , 0, 0, 0, 0, 0, 0, 0, 0, 0, 0, 0, , 0, 0, HONDE,
SH, 23, 2025022612,   , BEST,   0, 237S,  392E,  55,  982, TS,   0, , 0, 0, 0, 0, 0, 0, 0, 0, 0, 0, 0, , 0, 0, HONDE,
SH, 23, 2025022618,   , BEST,   0, 239S,  398E,  60,  981, TS,   0, , 0, 0, 0, 0, 0, 0, 0, 0, 0, 0, 0, , 0, 0, HONDE,
SH, 23, 2025022700,   , BEST,   0, 241S,  405E,  60,  977, TS,   0, , 0, 0, 0, 0, 0, 0, 0, 0, 0, 0, 0, , 0, 0, HONDE,
SH, 23, 2025022706,   , BEST,   0, 245S,  413E,  65,  970, TY,   0, , 0, 0, 0, 0, 0, 0, 0, 0, 0, 0, 0, , 0, 0, HONDE,
SH, 23, 2025022712,   , BEST,   0, 249S,  419E,  70,  974, TY,   0, , 0, 0, 0, 0, 0, 0, 0, 0, 0, 0, 0, , 0, 0, HONDE,
SH, 23, 2025022718,   , BEST,   0, 253S,  424E,  70,  974, TY,   0, , 0, 0, 0, 0, 0, 0, 0, 0, 0, 0, 0, , 0, 0, HONDE,
SH, 23, 2025022800,   , BEST,   0, 256S,  430E,  70,  977, TY,   0, , 0, 0, 0, 0, 0, 0, 0, 0, 0, 0, 0, , 0, 0, HONDE,
SH, 23, 2025022806,   , BEST,   0, 260S,  438E,  70,  974, TY,   0, , 0, 0, 0, 0, 0, 0, 0, 0, 0, 0, 0, , 0, 0, HONDE,
SH, 23, 2025022812,   , BEST,   0, 264S,  446E,  65,  974, TY,   0, , 0, 0, 0, 0, 0, 0, 0, 0, 0, 0, 0, , 0, 0, HONDE,
SH, 23, 2025022818,   , BEST,   0, 267S,  450E,  60,  967, TS,   0, , 0, 0, 0, 0, 0, 0, 0, 0, 0, 0, 0, , 0, 0, HONDE,
SH, 23, 2025030100,   , BEST,   0, 268S,  453E,  60,  967, TS,   0, , 0, 0, 0, 0, 0, 0, 0, 0, 0, 0, 0, , 0, 0, HONDE,
SH, 23, 2025030106,   , BEST,   0, 269S,  455E,  65,  970, TY,   0, , 0, 0, 0, 0, 0, 0, 0, 0, 0, 0, 0, , 0, 0, HONDE,
SH, 23, 2025030112,   , BEST,   0, 270S,  457E,  65,  977, TY,   0, , 0, 0, 0, 0, 0, 0, 0, 0, 0, 0, 0, , 0, 0, HONDE,
SH, 23, 2025030118,   , BEST,   0, 270S,  458E,  70,  980, TY,   0, , 0, 0, 0, 0, 0, 0, 0, 0, 0, 0, 0, , 0, 0, HONDE,
SH, 23, 2025030200,   , BEST,   0, 271S,  459E,  75,  980, TY,   0, , 0, 0, 0, 0, 0, 0, 0, 0, 0, 0, 0, , 0, 0, HONDE,
SH, 23, 2025030206,   , BEST,   0, 271S,  461E,  75,  979, TY,   0, , 0, 0, 0, 0, 0, 0, 0, 0, 0, 0, 0, , 0, 0, HONDE,
SH, 23, 2025030212,   , BEST,   0, 271S,  463E,  70,  980, TY,   0, , 0, 0, 0, 0, 0, 0, 0, 0, 0, 0, 0, , 0, 0, HONDE,
SH, 23, 2025030218,   , BEST,   0, 271S,  465E,  60,  984, TS,   0, , 0, 0, 0, 0, 0, 0, 0, 0, 0, 0, 0, , 0, 0, HONDE,
SH, 23, 2025030300,   , BEST,   0, 272S,  468E,  55,  982, TS,   0, , 0, 0, 0, 0, 0, 0, 0, 0, 0, 0, 0, , 0, 0, HONDE,
SH, 23, 2025030306,   , BEST,   0, 274S,  470E,  50,  984, TS,   0, , 0, 0, 0, 0, 0, 0, 0, 0, 0, 0, 0, , 0, 0, HONDE,
SH, 23, 2025030312,   , BEST,   0, 278S,  473E,  55,  986, TS,   0, , 0, 0, 0, 0, 0, 0, 0, 0, 0, 0, 0, , 0, 0, HONDE,
SH, 23, 2025030318,   , BEST,   0, 282S,  476E,  45,  990, TS,   0, , 0, 0, 0, 0, 0, 0, 0, 0, 0, 0, 0, , 0, 0, HONDE,
SH, 23, 2025030400,   , BEST,   0, 285S,  480E,  50,  992, TS,   0, , 0, 0, 0, 0, 0, 0, 0, 0, 0, 0, 0, , 0, 0, HONDE,
SH, 23, 2025030406,   , BEST,   0, 290S,  483E,  50,  988, TS,   0, , 0, 0, 0, 0, 0, 0, 0, 0, 0, 0, 0, , 0, 0, HONDE,
SH, 23, 2025030412,   , BEST,   0, 299S,  486E,  50,  988, TS,   0, , 0, 0, 0, 0, 0, 0, 0, 0, 0, 0, 0, , 0, 0, HONDE,
SH, 23, 2025030418,   , BEST,   0, 308S,  487E,  50,  987, TS,   0, , 0, 0, 0, 0, 0, 0, 0, 0, 0, 0, 0, , 0, 0, HONDE,
SH, 23, 2025030500,   , BEST,   0, 317S,  488E,  50,  987, TS,   0, , 0, 0, 0, 0, 0, 0, 0, 0, 0, 0, 0, , 0, 0, HONDE,
SH, 23, 2025030506,   , BEST,   0, 326S,  489E,  60,  991, TS,   0, , 0, 0, 0, 0, 0, 0, 0, 0, 0, 0, 0, , 0, 0, HONDE,
SH, 23, 2025030512,   , BEST,   0, 340S,  492E,  55,  991, TS,   0, , 0, 0, 0, 0, 0, 0, 0, 0, 0, 0, 0, , 0, 0, HONDE,
SH, 23, 2025030518,   , BEST,   0, 354S,  500E,  55,  988, TS,   0, , 0, 0, 0, 0, 0, 0, 0, 0, 0, 0, 0, , 0, 0, HONDE,
SH, 23, 2025030600,   , BEST,   0, 373S,  511E,  50,  989, TS,   0, , 0, 0, 0, 0, 0, 0, 0, 0, 0, 0, 0, , 0, 0, HONDE,
SH, 23, 2025030606,   , BEST,   0, 385S,  520E,  45,  995, EX,   0, , 0, 0, 0, 0, 0, 0, 0, 0, 0, 0, 0, , 0, 0, HONDE,
SH, 23, 2025030612,   , BEST,   0, 395S,  534E,  45,  993, EX,   0, , 0, 0, 0, 0, 0, 0, 0, 0, 0, 0, 0, , 0, 0, HONDE,
SH, 23, 2025030618,   , BEST,   0, 407S,  555E,  45,  993, EX,   0, , 0, 0, 0, 0, 0, 0, 0, 0, 0, 0, 0, , 0, 0, HONDE,
SH, 23, 2025030700,   , BEST,   0, 419S,  582E,  45,  993, EX,   0, , 0, 0, 0, 0, 0, 0, 0, 0, 0, 0, 0, , 0, 0, HONDE,
Analyzed by 223
