WP, 95, 2019091700,   , CHP6, 0, 199N, 1288E,  20, 1002, DB,   0, , 0, 0, 0, 0, 0, 0, 0, 0, 0, 0, 0, , 0, 0, INVEST,
WP, 95, 2019091706,   , CHP6, 0, 203N, 1288E,  20, 1002, DB,   0, , 0, 0, 0, 0, 0, 0, 0, 0, 0, 0, 0, , 0, 0, INVEST,
WP, 95, 2019091712,   , CHP6, 0, 208N, 1288E,  20, 1001, DB,   0, , 0, 0, 0, 0, 0, 0, 0, 0, 0, 0, 0, , 0, 0, INVEST,
WP, 95, 2019091718,   , CHP6, 0, 213N, 1289E,  20, 1001, DB,   0, , 0, 0, 0, 0, 0, 0, 0, 0, 0, 0, 0, , 0, 0, INVEST,
WP, 95, 2019091800,   , CHP6, 0, 216N, 1289E,  20, 1001, DB,   0, , 0, 0, 0, 0, 0, 0, 0, 0, 0, 0, 0, , 0, 0, INVEST,
WP, 18, 2019091806,   , CHP6, 0, 219N, 1288E,  25,  999, TD,   0, , 0, 0, 0, 0, 0, 0, 0, 0, 0, 0, 0, , 0, 0, EIGHTEEN,
WP, 18, 2019091812,   , CHP6, 0, 221N, 1288E,  30,  996, TD,   0, , 0, 0, 0, 0, 0, 0, 0, 0, 0, 0, 0, , 0, 0, EIGHTEEN,
WP, 18, 2019091818,   , CHP6, 0, 222N, 1287E,  35,  993, TS,   0, , 0, 0, 0, 0, 0, 0, 0, 0, 0, 0, 0, , 0, 0, TAPAH,
WP, 18, 2019091900,   , CHP6, 0, 223N, 1286E,  35,  992, TS,   0, , 0, 0, 0, 0, 0, 0, 0, 0, 0, 0, 0, , 0, 0, TAPAH,
WP, 18, 2019091906,   , CHP6, 0, 222N, 1285E,  40,  989, TS,   0, , 0, 0, 0, 0, 0, 0, 0, 0, 0, 0, 0, , 0, 0, TAPAH,
WP, 18, 2019091912,   , CHP6, 0, 224N, 1282E,  40,  988, TS,   0, , 0, 0, 0, 0, 0, 0, 0, 0, 0, 0, 0, , 0, 0, TAPAH,
WP, 18, 2019091918,   , CHP6, 0, 228N, 1279E,  45,  985, TS,   0, , 0, 0, 0, 0, 0, 0, 0, 0, 0, 0, 0, , 0, 0, TAPAH,
WP, 18, 2019092000,   , CHP6, 0, 232N, 1274E,  45,  995, TS,   0, , 0, 0, 0, 0, 0, 0, 0, 0, 0, 0, 0, , 0, 0, TAPAH,
WP, 18, 2019092006,   , CHP6, 0, 235N, 1270E,  48,  994, TS,   0, , 0, 0, 0, 0, 0, 0, 0, 0, 0, 0, 0, , 0, 0, TAPAH,
WP, 18, 2019092012,   , CHP6, 0, 239N, 1265E,  54,  992, TS,   0, , 0, 0, 0, 0, 0, 0, 0, 0, 0, 0, 0, , 0, 0, TAPAH,
WP, 18, 2019092018,   , CHP6, 0, 247N, 1261E,  50,  993, TS,   0, , 0, 0, 0, 0, 0, 0, 0, 0, 0, 0, 0, , 0, 0, TAPAH,
WP, 18, 2019092100,   , CHP6, 0, 257N, 1258E,  51,  993, TS,   0, , 0, 0, 0, 0, 0, 0, 0, 0, 0, 0, 0, , 0, 0, TAPAH,
WP, 18, 2019092106,   , CHP6, 0, 268N, 1256E,  56,  993, TS,   0, , 0, 0, 0, 0, 0, 0, 0, 0, 0, 0, 0, , 0, 0, TAPAH,
WP, 18, 2019092112,   , CHP6, 0, 280N, 1257E,  59,  992, TS,   0, , 0, 0, 0, 0, 0, 0, 0, 0, 0, 0, 0, , 0, 0, TAPAH,
WP, 18, 2019092118,   , CHP6, 0, 293N, 1258E,  61,  993, TS,   0, , 0, 0, 0, 0, 0, 0, 0, 0, 0, 0, 0, , 0, 0, TAPAH,
WP, 18, 2019092200,   , CHP6, 0, 309N, 1267E,  56,  995, TS,   0, , 0, 0, 0, 0, 0, 0, 0, 0, 0, 0, 0, , 0, 0, TAPAH,
WP, 18, 2019092206,   , CHP6, 0, 324N, 1276E,  49,  997, TS,   0, , 0, 0, 0, 0, 0, 0, 0, 0, 0, 0, 0, , 0, 0, TAPAH,
WP, 18, 2019092212,   , CHP6, 0, 343N, 1295E,  46,  997, TS,   0, , 0, 0, 0, 0, 0, 0, 0, 0, 0, 0, 0, , 0, 0, TAPAH,
WP, 18, 2019092218,   , CHP6, 0, 361N, 1313E,  41,  999, TS,   0, , 0, 0, 0, 0, 0, 0, 0, 0, 0, 0, 0, , 0, 0, TAPAH,
WP, 18, 2019092300,   , CHP6, 0, 380N, 1332E,  38,  999, TS,   0, , 0, 0, 0, 0, 0, 0, 0, 0, 0, 0, 0, , 0, 0, TAPAH,
WP, 18, 2019092306,   , CHP6, 0, 398N, 1351E,  37, 1000, TS,   0, , 0, 0, 0, 0, 0, 0, 0, 0, 0, 0, 0, , 0, 0, TAPAH,
WP, 18, 2019092312,   , CHP6, 0, 418N, 1385E,  36, 1001, TS,   0, , 0, 0, 0, 0, 0, 0, 0, 0, 0, 0, 0, , 0, 0, TAPAH,
WP, 18, 2019092318,   , CHP6, 0, 437N, 1419E,  34, 1001, EX,   0, , 0, 0, 0, 0, 0, 0, 0, 0, 0, 0, 0, , 0, 0, TAPAH,
WP, 18, 2019092400,   , CHP6, 0, 456N, 1453E,  34, 1001, EX,   0, , 0, 0, 0, 0, 0, 0, 0, 0, 0, 0, 0, , 0, 0, TAPAH,
