SH, 97, 2018011106,   , CHP6, 0, 134S,  691E,  20, 1007, DB,   0, , 0, 0, 0, 0, 0, 0, 0, 0, 0, 0, 0, , 0, 0, INVEST,
SH, 97, 2018011112,   , CHP6, 0, 139S,  689E,  20, 1004, DB,   0, , 0, 0, 0, 0, 0, 0, 0, 0, 0, 0, 0, , 0, 0, INVEST,
SH, 97, 2018011118,   , CHP6, 0, 145S,  688E,  25, 1004, TD,   0, , 0, 0, 0, 0, 0, 0, 0, 0, 0, 0, 0, , 0, 0, INVEST,
SH, 97, 2018011200,   , CHP6, 0, 151S,  686E,  30, 1004, TD,   0, , 0, 0, 0, 0, 0, 0, 0, 0, 0, 0, 0, , 0, 0, INVEST,
SH, 97, 2018011206,   , CHP6, 0, 159S,  683E,  30, 1003, TD,   0, , 0, 0, 0, 0, 0, 0, 0, 0, 0, 0, 0, , 0, 0, INVEST,
SH, 06, 2018011212,   , CHP6, 0, 168S,  678E,  35, 1002, TS,   0, , 0, 0, 0, 0, 0, 0, 0, 0, 0, 0, 0, , 0, 0, BERGUITTA,
SH, 06, 2018011218,   , CHP6, 0, 174S,  668E,  35, 1002, TS,   0, , 0, 0, 0, 0, 0, 0, 0, 0, 0, 0, 0, , 0, 0, BERGUITTA,
SH, 06, 2018011300,   , CHP6, 0, 176S,  658E,  40, 1000, TS,   0, , 0, 0, 0, 0, 0, 0, 0, 0, 0, 0, 0, , 0, 0, BERGUITTA,
SH, 06, 2018011306,   , CHP6, 0, 177S,  649E,  36,  998, TS,   0, , 0, 0, 0, 0, 0, 0, 0, 0, 0, 0, 0, , 0, 0, BERGUITTA,
SH, 06, 2018011312,   , CHP6, 0, 178S,  643E,  46,  994, TS,   0, , 0, 0, 0, 0, 0, 0, 0, 0, 0, 0, 0, , 0, 0, BERGUITTA,
SH, 06, 2018011318,   , CHP6, 0, 178S,  637E,  53,  991, TS,   0, , 0, 0, 0, 0, 0, 0, 0, 0, 0, 0, 0, , 0, 0, BERGUITTA,
SH, 06, 2018011400,   , CHP6, 0, 178S,  634E,  61,  986, TS,   0, , 0, 0, 0, 0, 0, 0, 0, 0, 0, 0, 0, , 0, 0, BERGUITTA,
SH, 06, 2018011406,   , CHP6, 0, 178S,  631E,  70,  980, TY,   0, , 0, 0, 0, 0, 0, 0, 0, 0, 0, 0, 0, , 0, 0, BERGUITTA,
SH, 06, 2018011412,   , CHP6, 0, 178S,  629E,  81,  972, TY,   0, , 0, 0, 0, 0, 0, 0, 0, 0, 0, 0, 0, , 0, 0, BERGUITTA,
SH, 06, 2018011418,   , CHP6, 0, 177S,  627E,  94,  961, TY,   0, , 0, 0, 0, 0, 0, 0, 0, 0, 0, 0, 0, , 0, 0, BERGUITTA,
SH, 06, 2018011500,   , CHP6, 0, 176S,  625E, 104,  951, TY,   0, , 0, 0, 0, 0, 0, 0, 0, 0, 0, 0, 0, , 0, 0, BERGUITTA,
SH, 06, 2018011506,   , CHP6, 0, 176S,  623E, 109,  950, TY,   0, , 0, 0, 0, 0, 0, 0, 0, 0, 0, 0, 0, , 0, 0, BERGUITTA,
SH, 06, 2018011512,   , CHP6, 0, 176S,  621E, 113,  952, TY,   0, , 0, 0, 0, 0, 0, 0, 0, 0, 0, 0, 0, , 0, 0, BERGUITTA,
SH, 06, 2018011518,   , CHP6, 0, 177S,  619E, 112,  954, TY,   0, , 0, 0, 0, 0, 0, 0, 0, 0, 0, 0, 0, , 0, 0, BERGUITTA,
SH, 06, 2018011600,   , CHP6, 0, 179S,  616E, 113,  950, TY,   0, , 0, 0, 0, 0, 0, 0, 0, 0, 0, 0, 0, , 0, 0, BERGUITTA,
SH, 06, 2018011606,   , CHP6, 0, 181S,  612E, 122,  935, TY,   0, , 0, 0, 0, 0, 0, 0, 0, 0, 0, 0, 0, , 0, 0, BERGUITTA,
SH, 06, 2018011612,   , CHP6, 0, 183S,  609E, 135,  925, ST,   0, , 0, 0, 0, 0, 0, 0, 0, 0, 0, 0, 0, , 0, 0, BERGUITTA,
SH, 06, 2018011618,   , CHP6, 0, 185S,  605E, 135,  921, ST,   0, , 0, 0, 0, 0, 0, 0, 0, 0, 0, 0, 0, , 0, 0, BERGUITTA,
SH, 06, 2018011700,   , CHP6, 0, 187S,  600E, 129,  926, ST,   0, , 0, 0, 0, 0, 0, 0, 0, 0, 0, 0, 0, , 0, 0, BERGUITTA,
SH, 06, 2018011706,   , CHP6, 0, 190S,  594E, 125,  934, TY,   0, , 0, 0, 0, 0, 0, 0, 0, 0, 0, 0, 0, , 0, 0, BERGUITTA,
SH, 06, 2018011712,   , CHP6, 0, 194S,  586E, 128,  935, ST,   0, , 0, 0, 0, 0, 0, 0, 0, 0, 0, 0, 0, , 0, 0, BERGUITTA,
SH, 06, 2018011718,   , CHP6, 0, 199S,  579E, 131,  928, ST,   0, , 0, 0, 0, 0, 0, 0, 0, 0, 0, 0, 0, , 0, 0, BERGUITTA,
SH, 06, 2018011800,   , CHP6, 0, 205S,  570E, 138,  920, ST,   0, , 0, 0, 0, 0, 0, 0, 0, 0, 0, 0, 0, , 0, 0, BERGUITTA,
SH, 06, 2018011806,   , CHP6, 0, 211S,  561E, 140,  915, ST,   0, , 0, 0, 0, 0, 0, 0, 0, 0, 0, 0, 0, , 0, 0, BERGUITTA,
SH, 06, 2018011812,   , CHP6, 0, 218S,  553E, 141,  912, ST,   0, , 0, 0, 0, 0, 0, 0, 0, 0, 0, 0, 0, , 0, 0, BERGUITTA,
SH, 06, 2018011818,   , CHP6, 0, 225S,  545E, 124,  932, TY,   0, , 0, 0, 0, 0, 0, 0, 0, 0, 0, 0, 0, , 0, 0, BERGUITTA,
SH, 06, 2018011900,   , CHP6, 0, 231S,  537E, 117,  940, TY,   0, , 0, 0, 0, 0, 0, 0, 0, 0, 0, 0, 0, , 0, 0, BERGUITTA,
SH, 06, 2018011906,   , CHP6, 0, 238S,  529E, 103,  954, TY,   0, , 0, 0, 0, 0, 0, 0, 0, 0, 0, 0, 0, , 0, 0, BERGUITTA,
SH, 06, 2018011912,   , CHP6, 0, 249S,  523E,  87,  978, TY,   0, , 0, 0, 0, 0, 0, 0, 0, 0, 0, 0, 0, , 0, 0, BERGUITTA,
SH, 06, 2018011918,   , CHP6, 0, 259S,  516E,  78,  982, TY,   0, , 0, 0, 0, 0, 0, 0, 0, 0, 0, 0, 0, , 0, 0, BERGUITTA,
SH, 06, 2018012000,   , CHP6, 0, 269S,  510E,  71,  981, TY,   0, , 0, 0, 0, 0, 0, 0, 0, 0, 0, 0, 0, , 0, 0, BERGUITTA,
SH, 06, 2018012006,   , CHP6, 0, 280S,  507E,  59,  988, TS,   0, , 0, 0, 0, 0, 0, 0, 0, 0, 0, 0, 0, , 0, 0, BERGUITTA,
SH, 06, 2018012012,   , CHP6, 0, 291S,  506E,  48,  994, TS,   0, , 0, 0, 0, 0, 0, 0, 0, 0, 0, 0, 0, , 0, 0, BERGUITTA,
SH, 06, 2018012018,   , CHP6, 0, 303S,  508E,  43,  996, TS,   0, , 0, 0, 0, 0, 0, 0, 0, 0, 0, 0, 0, , 0, 0, BERGUITTA,
SH, 06, 2018012100,   , CHP6, 0, 314S,  509E,  39,  997, TS,   0, , 0, 0, 0, 0, 0, 0, 0, 0, 0, 0, 0, , 0, 0, BERGUITTA,
SH, 06, 2018012106,   , CHP6, 0, 326S,  511E,  34,  998, TS,   0, , 0, 0, 0, 0, 0, 0, 0, 0, 0, 0, 0, , 0, 0, BERGUITTA,
SH, 06, 2018012112,   , CHP6, 0, 338S,  514E,  28,  999, EX,   0, , 0, 0, 0, 0, 0, 0, 0, 0, 0, 0, 0, , 0, 0, BERGUITTA,
SH, 06, 2018012118,   , CHP6, 0, 350S,  518E,  23,  999, EX,   0, , 0, 0, 0, 0, 0, 0, 0, 0, 0, 0, 0, , 0, 0, BERGUITTA,
