SH, 99, 2018031318,   , CHP6, 0, 120S,  570E,  20, 1004, DB,   0, , 0, 0, 0, 0, 0, 0, 0, 0, 0, 0, 0, , 0, 0, INVEST,
SH, 99, 2018031400,   , CHP6, 0, 127S,  565E,  20, 1004, DB,   0, , 0, 0, 0, 0, 0, 0, 0, 0, 0, 0, 0, , 0, 0, INVEST,
SH, 99, 2018031406,   , CHP6, 0, 131S,  561E,  25, 1000, TD,   0, , 0, 0, 0, 0, 0, 0, 0, 0, 0, 0, 0, , 0, 0, INVEST,
SH, 99, 2018031412,   , CHP6, 0, 137S,  557E,  30, 1000, TD,   0, , 0, 0, 0, 0, 0, 0, 0, 0, 0, 0, 0, , 0, 0, INVEST,
SH, 99, 2018031418,   , CHP6, 0, 142S,  550E,  30, 1000, TD,   0, , 0, 0, 0, 0, 0, 0, 0, 0, 0, 0, 0, , 0, 0, INVEST,
SH, 14, 2018031500,   , CHP6, 0, 147S,  544E,  35,  998, TS,   0, , 0, 0, 0, 0, 0, 0, 0, 0, 0, 0, 0, , 0, 0, ELIAKIM,
SH, 14, 2018031506,   , CHP6, 0, 151S,  537E,  45,  992, TS,   0, , 0, 0, 0, 0, 0, 0, 0, 0, 0, 0, 0, , 0, 0, ELIAKIM,
SH, 14, 2018031512,   , CHP6, 0, 154S,  529E,  57,  990, TS,   0, , 0, 0, 0, 0, 0, 0, 0, 0, 0, 0, 0, , 0, 0, ELIAKIM,
SH, 14, 2018031518,   , CHP6, 0, 156S,  521E,  68,  983, TY,   0, , 0, 0, 0, 0, 0, 0, 0, 0, 0, 0, 0, , 0, 0, ELIAKIM,
SH, 14, 2018031600,   , CHP6, 0, 157S,  514E,  83,  972, TY,   0, , 0, 0, 0, 0, 0, 0, 0, 0, 0, 0, 0, , 0, 0, ELIAKIM,
SH, 14, 2018031606,   , CHP6, 0, 158S,  506E, 102,  955, TY,   0, , 0, 0, 0, 0, 0, 0, 0, 0, 0, 0, 0, , 0, 0, ELIAKIM,
SH, 14, 2018031612,   , CHP6, 0, 158S,  502E, 118,  939, TY,   0, , 0, 0, 0, 0, 0, 0, 0, 0, 0, 0, 0, , 0, 0, ELIAKIM,
SH, 14, 2018031618,   , CHP6, 0, 159S,  498E, 112,  944, TY,   0, , 0, 0, 0, 0, 0, 0, 0, 0, 0, 0, 0, , 0, 0, ELIAKIM,
SH, 14, 2018031700,   , CHP6, 0, 161S,  495E,  82,  969, TY,   0, , 0, 0, 0, 0, 0, 0, 0, 0, 0, 0, 0, , 0, 0, ELIAKIM,
SH, 14, 2018031706,   , CHP6, 0, 165S,  494E,  94,  960, TY,   0, , 0, 0, 0, 0, 0, 0, 0, 0, 0, 0, 0, , 0, 0, ELIAKIM,
SH, 14, 2018031712,   , CHP6, 0, 172S,  495E, 110,  938, TY,   0, , 0, 0, 0, 0, 0, 0, 0, 0, 0, 0, 0, , 0, 0, ELIAKIM,
SH, 14, 2018031718,   , CHP6, 0, 180S,  496E,  83,  971, TY,   0, , 0, 0, 0, 0, 0, 0, 0, 0, 0, 0, 0, , 0, 0, ELIAKIM,
SH, 14, 2018031800,   , CHP6, 0, 188S,  497E,  81,  974, TY,   0, , 0, 0, 0, 0, 0, 0, 0, 0, 0, 0, 0, , 0, 0, ELIAKIM,
SH, 14, 2018031806,   , CHP6, 0, 199S,  498E,  79,  976, TY,   0, , 0, 0, 0, 0, 0, 0, 0, 0, 0, 0, 0, , 0, 0, ELIAKIM,
SH, 14, 2018031812,   , CHP6, 0, 209S,  499E,  81,  976, TY,   0, , 0, 0, 0, 0, 0, 0, 0, 0, 0, 0, 0, , 0, 0, ELIAKIM,
SH, 14, 2018031818,   , CHP6, 0, 220S,  502E,  83,  975, TY,   0, , 0, 0, 0, 0, 0, 0, 0, 0, 0, 0, 0, , 0, 0, ELIAKIM,
SH, 14, 2018031900,   , CHP6, 0, 230S,  505E,  88,  973, TY,   0, , 0, 0, 0, 0, 0, 0, 0, 0, 0, 0, 0, , 0, 0, ELIAKIM,
SH, 14, 2018031906,   , CHP6, 0, 241S,  510E,  91,  970, TY,   0, , 0, 0, 0, 0, 0, 0, 0, 0, 0, 0, 0, , 0, 0, ELIAKIM,
SH, 14, 2018031912,   , CHP6, 0, 252S,  515E,  91,  968, TY,   0, , 0, 0, 0, 0, 0, 0, 0, 0, 0, 0, 0, , 0, 0, ELIAKIM,
SH, 14, 2018031918,   , CHP6, 0, 264S,  521E,  92,  966, TY,   0, , 0, 0, 0, 0, 0, 0, 0, 0, 0, 0, 0, , 0, 0, ELIAKIM,
SH, 14, 2018032000,   , CHP6, 0, 275S,  528E,  79,  976, TY,   0, , 0, 0, 0, 0, 0, 0, 0, 0, 0, 0, 0, , 0, 0, ELIAKIM,
SH, 14, 2018032006,   , CHP6, 0, 286S,  534E,  60,  986, TS,   0, , 0, 0, 0, 0, 0, 0, 0, 0, 0, 0, 0, , 0, 0, ELIAKIM,
SH, 14, 2018032012,   , CHP6, 0, 297S,  541E,  50,  991, TS,   0, , 0, 0, 0, 0, 0, 0, 0, 0, 0, 0, 0, , 0, 0, ELIAKIM,
SH, 14, 2018032018,   , CHP6, 0, 310S,  549E,  49,  992, TS,   0, , 0, 0, 0, 0, 0, 0, 0, 0, 0, 0, 0, , 0, 0, ELIAKIM,
SH, 14, 2018032100,   , CHP6, 0, 323S,  558E,  48,  992, TS,   0, , 0, 0, 0, 0, 0, 0, 0, 0, 0, 0, 0, , 0, 0, ELIAKIM,
SH, 14, 2018032106,   , CHP6, 0, 336S,  566E,  47,  992, TS,   0, , 0, 0, 0, 0, 0, 0, 0, 0, 0, 0, 0, , 0, 0, ELIAKIM,
SH, 14, 2018032112,   , CHP6, 0, 349S,  574E,  47,  993, TS,   0, , 0, 0, 0, 0, 0, 0, 0, 0, 0, 0, 0, , 0, 0, ELIAKIM,
SH, 14, 2018032118,   , CHP6, 0, 365S,  583E,  40,  994, TS,   0, , 0, 0, 0, 0, 0, 0, 0, 0, 0, 0, 0, , 0, 0, ELIAKIM,
SH, 14, 2018032200,   , CHP6, 0, 380S,  593E,  36,  995, TS,   0, , 0, 0, 0, 0, 0, 0, 0, 0, 0, 0, 0, , 0, 0, ELIAKIM,
SH, 14, 2018032206,   , CHP6, 0, 394S,  604E,  29,  997, EX,   0, , 0, 0, 0, 0, 0, 0, 0, 0, 0, 0, 0, , 0, 0, ELIAKIM,
SH, 14, 2018032212,   , CHP6, 0, 410S,  616E,  22,  999, EX,   0, , 0, 0, 0, 0, 0, 0, 0, 0, 0, 0, 0, , 0, 0, ELIAKIM,
