CP, 90, 2024082006,   , CHP6, 0, 145N, 1310W,  20, 1012, DB,   0, , 0, 0, 0, 0, 0, 0, 0, 0, 0, 0, 0, , 0, 0, INVEST,
CP, 90, 2024082012,   , CHP6, 0, 145N, 1319W,  20, 1012, DB,   0, , 0, 0, 0, 0, 0, 0, 0, 0, 0, 0, 0, , 0, 0, INVEST,
CP, 01, 2024082018,   , CHP6, 0, 146N, 1327W,  25, 1010, TD,   0, , 0, 0, 0, 0, 0, 0, 0, 0, 0, 0, 0, , 0, 0, ONE,
CP, 01, 2024082100,   , CHP6, 0, 148N, 1334W,  25, 1010, TD,   0, , 0, 0, 0, 0, 0, 0, 0, 0, 0, 0, 0, , 0, 0, ONE,
CP, 01, 2024082106,   , CHP6, 0, 151N, 1342W,  25, 1009, TD,   0, , 0, 0, 0, 0, 0, 0, 0, 0, 0, 0, 0, , 0, 0, ONE,
CP, 01, 2024082112,   , CHP6, 0, 154N, 1352W,  30, 1007, TD,   0, , 0, 0, 0, 0, 0, 0, 0, 0, 0, 0, 0, , 0, 0, ONE,
CP, 01, 2024082118,   , CHP6, 0, 156N, 1366W,  30, 1006, TD,   0, , 0, 0, 0, 0, 0, 0, 0, 0, 0, 0, 0, , 0, 0, ONE,
CP, 01, 2024082200,   , CHP6, 0, 158N, 1380W,  30, 1006, TD,   0, , 0, 0, 0, 0, 0, 0, 0, 0, 0, 0, 0, , 0, 0, ONE,
CP, 01, 2024082206,   , CHP6, 0, 158N, 1392W,  35, 1004, TS,   0, , 0, 0, 0, 0, 0, 0, 0, 0, 0, 0, 0, , 0, 0, HONE,
CP, 01, 2024082212,   , CHP6, 0, 158N, 1404W,  40, 1002, TS,   0, , 0, 0, 0, 0, 0, 0, 0, 0, 0, 0, 0, , 0, 0, HONE,
CP, 01, 2024082218,   , CHP6, 0, 158N, 1416W,  45, 1000, TS,   0, , 0, 0, 0, 0, 0, 0, 0, 0, 0, 0, 0, , 0, 0, HONE,
CP, 01, 2024082300,   , CHP6, 0, 158N, 1428W,  40, 1002, TS,   0, , 0, 0, 0, 0, 0, 0, 0, 0, 0, 0, 0, , 0, 0, HONE,
CP, 01, 2024082306,   , CHP6, 0, 159N, 1441W,  35, 1000, TS,   0, , 0, 0, 0, 0, 0, 0, 0, 0, 0, 0, 0, , 0, 0, HONE,
CP, 01, 2024082312,   , CHP6, 0, 161N, 1455W,  39,  999, TS,   0, , 0, 0, 0, 0, 0, 0, 0, 0, 0, 0, 0, , 0, 0, HONE,
CP, 01, 2024082318,   , CHP6, 0, 162N, 1469W,  37,  999, TS,   0, , 0, 0, 0, 0, 0, 0, 0, 0, 0, 0, 0, , 0, 0, HONE,
CP, 01, 2024082400,   , CHP6, 0, 165N, 1484W,  36,  999, TS,   0, , 0, 0, 0, 0, 0, 0, 0, 0, 0, 0, 0, , 0, 0, HONE,
CP, 01, 2024082406,   , CHP6, 0, 169N, 1499W,  36,  999, TS,   0, , 0, 0, 0, 0, 0, 0, 0, 0, 0, 0, 0, , 0, 0, HONE,
CP, 01, 2024082412,   , CHP6, 0, 173N, 1514W,  38,  998, TS,   0, , 0, 0, 0, 0, 0, 0, 0, 0, 0, 0, 0, , 0, 0, HONE,
CP, 01, 2024082418,   , CHP6, 0, 176N, 1526W,  47,  994, TS,   0, , 0, 0, 0, 0, 0, 0, 0, 0, 0, 0, 0, , 0, 0, HONE,
CP, 01, 2024082500,   , CHP6, 0, 178N, 1539W,  50,  993, TS,   0, , 0, 0, 0, 0, 0, 0, 0, 0, 0, 0, 0, , 0, 0, HONE,
CP, 01, 2024082506,   , CHP6, 0, 181N, 1551W,  51,  993, TS,   0, , 0, 0, 0, 0, 0, 0, 0, 0, 0, 0, 0, , 0, 0, HONE,
CP, 01, 2024082512,   , CHP6, 0, 183N, 1560W,  58,  988, TS,   0, , 0, 0, 0, 0, 0, 0, 0, 0, 0, 0, 0, , 0, 0, HONE,
CP, 01, 2024082518,   , CHP6, 0, 185N, 1569W,  66,  984, HU,   0, , 0, 0, 0, 0, 0, 0, 0, 0, 0, 0, 0, , 0, 0, HONE,
CP, 01, 2024082600,   , CHP6, 0, 186N, 1578W,  67,  983, HU,   0, , 0, 0, 0, 0, 0, 0, 0, 0, 0, 0, 0, , 0, 0, HONE,
CP, 01, 2024082606,   , CHP6, 0, 187N, 1590W,  70,  981, HU,   0, , 0, 0, 0, 0, 0, 0, 0, 0, 0, 0, 0, , 0, 0, HONE,
CP, 01, 2024082612,   , CHP6, 0, 188N, 1601W,  73,  979, HU,   0, , 0, 0, 0, 0, 0, 0, 0, 0, 0, 0, 0, , 0, 0, HONE,
CP, 01, 2024082618,   , CHP6, 0, 189N, 1613W,  75,  977, HU,   0, , 0, 0, 0, 0, 0, 0, 0, 0, 0, 0, 0, , 0, 0, HONE,
CP, 01, 2024082700,   , CHP6, 0, 190N, 1624W,  76,  979, HU,   0, , 0, 0, 0, 0, 0, 0, 0, 0, 0, 0, 0, , 0, 0, HONE,
CP, 01, 2024082706,   , CHP6, 0, 191N, 1635W,  79,  977, HU,   0, , 0, 0, 0, 0, 0, 0, 0, 0, 0, 0, 0, , 0, 0, HONE,
CP, 01, 2024082712,   , CHP6, 0, 192N, 1646W,  78,  977, HU,   0, , 0, 0, 0, 0, 0, 0, 0, 0, 0, 0, 0, , 0, 0, HONE,
CP, 01, 2024082718,   , CHP6, 0, 193N, 1656W,  77,  977, HU,   0, , 0, 0, 0, 0, 0, 0, 0, 0, 0, 0, 0, , 0, 0, HONE,
CP, 01, 2024082800,   , CHP6, 0, 194N, 1666W,  75,  978, HU,   0, , 0, 0, 0, 0, 0, 0, 0, 0, 0, 0, 0, , 0, 0, HONE,
CP, 01, 2024082806,   , CHP6, 0, 195N, 1676W,  73,  979, HU,   0, , 0, 0, 0, 0, 0, 0, 0, 0, 0, 0, 0, , 0, 0, HONE,
CP, 01, 2024082812,   , CHP6, 0, 197N, 1685W,  71,  981, HU,   0, , 0, 0, 0, 0, 0, 0, 0, 0, 0, 0, 0, , 0, 0, HONE,
CP, 01, 2024082818,   , CHP6, 0, 199N, 1694W,  69,  982, HU,   0, , 0, 0, 0, 0, 0, 0, 0, 0, 0, 0, 0, , 0, 0, HONE,
CP, 01, 2024082900,   , CHP6, 0, 201N, 1703W,  68,  983, HU,   0, , 0, 0, 0, 0, 0, 0, 0, 0, 0, 0, 0, , 0, 0, HONE,
CP, 01, 2024082906,   , CHP6, 0, 203N, 1712W,  67,  983, HU,   0, , 0, 0, 0, 0, 0, 0, 0, 0, 0, 0, 0, , 0, 0, HONE,
CP, 01, 2024082912,   , CHP6, 0, 205N, 1720W,  67,  983, HU,   0, , 0, 0, 0, 0, 0, 0, 0, 0, 0, 0, 0, , 0, 0, HONE,
CP, 01, 2024082918,   , CHP6, 0, 207N, 1727W,  67,  984, HU,   0, , 0, 0, 0, 0, 0, 0, 0, 0, 0, 0, 0, , 0, 0, HONE,
CP, 01, 2024083000,   , CHP6, 0, 209N, 1733W,  66,  984, HU,   0, , 0, 0, 0, 0, 0, 0, 0, 0, 0, 0, 0, , 0, 0, HONE,
CP, 01, 2024083006,   , CHP6, 0, 212N, 1738W,  67,  984, HU,   0, , 0, 0, 0, 0, 0, 0, 0, 0, 0, 0, 0, , 0, 0, HONE,
CP, 01, 2024083012,   , CHP6, 0, 216N, 1743W,  67,  984, HU,   0, , 0, 0, 0, 0, 0, 0, 0, 0, 0, 0, 0, , 0, 0, HONE,
CP, 01, 2024083018,   , CHP6, 0, 220N, 1748W,  62,  990, TS,   0, , 0, 0, 0, 0, 0, 0, 0, 0, 0, 0, 0, , 0, 0, HONE,
CP, 01, 2024083100,   , CHP6, 0, 224N, 1753W,  54,  990, TS,   0, , 0, 0, 0, 0, 0, 0, 0, 0, 0, 0, 0, , 0, 0, HONE,
CP, 01, 2024083106,   , CHP6, 0, 227N, 1757W,  54,  990, TS,   0, , 0, 0, 0, 0, 0, 0, 0, 0, 0, 0, 0, , 0, 0, HONE,
CP, 01, 2024083112,   , CHP6, 0, 231N, 1762W,  54,  990, TS,   0, , 0, 0, 0, 0, 0, 0, 0, 0, 0, 0, 0, , 0, 0, HONE,
CP, 01, 2024083118,   , CHP6, 0, 236N, 1766W,  56,  989, TS,   0, , 0, 0, 0, 0, 0, 0, 0, 0, 0, 0, 0, , 0, 0, HONE,
CP, 01, 2024090100,   , CHP6, 0, 241N, 1769W,  59,  988, TS,   0, , 0, 0, 0, 0, 0, 0, 0, 0, 0, 0, 0, , 0, 0, HONE,
CP, 01, 2024090106,   , CHP6, 0, 247N, 1773W,  63,  986, TS,   0, , 0, 0, 0, 0, 0, 0, 0, 0, 0, 0, 0, , 0, 0, HONE,
CP, 01, 2024090112,   , CHP6, 0, 254N, 1776W,  69,  982, HU,   0, , 0, 0, 0, 0, 0, 0, 0, 0, 0, 0, 0, , 0, 0, HONE,
CP, 01, 2024090118,   , CHP6, 0, 259N, 1781W,  77,  976, HU,   0, , 0, 0, 0, 0, 0, 0, 0, 0, 0, 0, 0, , 0, 0, HONE,
CP, 01, 2024090200,   , CHP6, 0, 262N, 1791W,  88,  968, HU,   0, , 0, 0, 0, 0, 0, 0, 0, 0, 0, 0, 0, , 0, 0, HONE,
CP, 01, 2024090206,   , CHP6, 0, 265N, 1798E, 101,  956, TY,   0, , 0, 0, 0, 0, 0, 0, 0, 0, 0, 0, 0, , 0, 0, HONE,
CP, 01, 2024090212,   , CHP6, 0, 267N, 1788E, 112,  945, TY,   0, , 0, 0, 0, 0, 0, 0, 0, 0, 0, 0, 0, , 0, 0, HONE,
CP, 01, 2024090218,   , CHP6, 0, 270N, 1778E, 111,  946, TY,   0, , 0, 0, 0, 0, 0, 0, 0, 0, 0, 0, 0, , 0, 0, HONE,
CP, 01, 2024090300,   , CHP6, 0, 272N, 1769E,  96,  953, TY,   0, , 0, 0, 0, 0, 0, 0, 0, 0, 0, 0, 0, , 0, 0, HONE,
CP, 01, 2024090306,   , CHP6, 0, 275N, 1760E,  82,  966, TY,   0, , 0, 0, 0, 0, 0, 0, 0, 0, 0, 0, 0, , 0, 0, HONE,
CP, 01, 2024090312,   , CHP6, 0, 277N, 1754E,  69,  972, TY,   0, , 0, 0, 0, 0, 0, 0, 0, 0, 0, 0, 0, , 0, 0, HONE,
CP, 01, 2024090318,   , CHP6, 0, 280N, 1750E,  54,  976, TS,   0, , 0, 0, 0, 0, 0, 0, 0, 0, 0, 0, 0, , 0, 0, HONE,
CP, 01, 2024090400,   , CHP6, 0, 284N, 1746E,  41,  984, TS,   0, , 0, 0, 0, 0, 0, 0, 0, 0, 0, 0, 0, , 0, 0, HONE,
CP, 01, 2024090406,   , CHP6, 0, 289N, 1743E,  34,  990, TS,   0, , 0, 0, 0, 0, 0, 0, 0, 0, 0, 0, 0, , 0, 0, HONE,
CP, 01, 2024090412,   , CHP6, 0, 296N, 1740E,  26,  995, TD,   0, , 0, 0, 0, 0, 0, 0, 0, 0, 0, 0, 0, , 0, 0, HONE,
CP, 01, 2024090418,   , CHP6, 0, 303N, 1738E,  20,  998, DB,   0, , 0, 0, 0, 0, 0, 0, 0, 0, 0, 0, 0, , 0, 0, HONE,
CP, 01, 2024090500,   , CHP6, 0, 312N, 1736E,  15,  999, DB,   0, , 0, 0, 0, 0, 0, 0, 0, 0, 0, 0, 0, , 0, 0, HONE,