WP, 92, 2024071806,   , BEST, 0, 100N, 1356E,  20, 1008, DB,   0, , 0, 0, 0, 0, 0, 0, 0, 0, 0, 0, 0, , 0, 0, INVEST,
WP, 92, 2024071812,   , BEST, 0, 107N, 1347E,  20, 1008, DB,   0, , 0, 0, 0, 0, 0, 0, 0, 0, 0, 0, 0, , 0, 0, INVEST,
WP, 92, 2024071818,   , BEST, 0, 116N, 1338E,  20, 1007, DB,   0, , 0, 0, 0, 0, 0, 0, 0, 0, 0, 0, 0, , 0, 0, INVEST,
WP, 92, 2024071900,   , BEST, 0, 123N, 1329E,  20, 1007, DB,   0, , 0, 0, 0, 0, 0, 0, 0, 0, 0, 0, 0, , 0, 0, INVEST,
WP, 05, 2024071906,   , BEST, 0, 129N, 1320E,  25, 1005, TD,   0, , 0, 0, 0, 0, 0, 0, 0, 0, 0, 0, 0, , 0, 0, FIVE,
WP, 05, 2024071912,   , BEST, 0, 134N, 1310E,  30, 1002, TD,   0, , 0, 0, 0, 0, 0, 0, 0, 0, 0, 0, 0, , 0, 0, FIVE,
WP, 05, 2024071918,   , BEST, 0, 141N, 1298E,  30, 1001, TD,   0, , 0, 0, 0, 0, 0, 0, 0, 0, 0, 0, 0, , 0, 0, FIVE,
WP, 05, 2024072000,   , BEST, 0, 150N, 1289E,  35,  999, TS,   0, , 0, 0, 0, 0, 0, 0, 0, 0, 0, 0, 0, , 0, 0, GAEMI,
WP, 05, 2024072006,   , BEST, 0, 159N, 1280E,  40,  996, TS,   0, , 0, 0, 0, 0, 0, 0, 0, 0, 0, 0, 0, , 0, 0, GAEMI,
WP, 05, 2024072012,   , BEST, 0, 163N, 1272E,  45,  993, TS,   0, , 0, 0, 0, 0, 0, 0, 0, 0, 0, 0, 0, , 0, 0, GAEMI,
WP, 05, 2024072018,   , BEST, 0, 167N, 1265E,  45,  992, TS,   0, , 0, 0, 0, 0, 0, 0, 0, 0, 0, 0, 0, , 0, 0, GAEMI,
WP, 05, 2024072100,   , BEST, 0, 170N, 1257E,  51,  992, TS,   0, , 0, 0, 0, 0, 0, 0, 0, 0, 0, 0, 0, , 0, 0, GAEMI,
WP, 05, 2024072106,   , BEST, 0, 173N, 1253E,  65,  985, TY,   0, , 0, 0, 0, 0, 0, 0, 0, 0, 0, 0, 0, , 0, 0, GAEMI,
WP, 05, 2024072112,   , BEST, 0, 176N, 1251E,  92,  964, TY,   0, , 0, 0, 0, 0, 0, 0, 0, 0, 0, 0, 0, , 0, 0, GAEMI,
WP, 05, 2024072118,   , BEST, 0, 180N, 1248E, 126,  929, TY,   0, , 0, 0, 0, 0, 0, 0, 0, 0, 0, 0, 0, , 0, 0, GAEMI,
WP, 05, 2024072200,   , BEST, 0, 183N, 1246E, 149,  900, ST,   0, , 0, 0, 0, 0, 0, 0, 0, 0, 0, 0, 0, , 0, 0, GAEMI,
WP, 05, 2024072206,   , BEST, 0, 186N, 1244E, 132,  922, ST,   0, , 0, 0, 0, 0, 0, 0, 0, 0, 0, 0, 0, , 0, 0, GAEMI,
WP, 05, 2024072212,   , BEST, 0, 190N, 1242E, 136,  918, ST,   0, , 0, 0, 0, 0, 0, 0, 0, 0, 0, 0, 0, , 0, 0, GAEMI,
WP, 05, 2024072218,   , BEST, 0, 195N, 1240E, 145,  905, ST,   0, , 0, 0, 0, 0, 0, 0, 0, 0, 0, 0, 0, , 0, 0, GAEMI,
WP, 05, 2024072300,   , BEST, 0, 201N, 1239E, 129,  923, ST,   0, , 0, 0, 0, 0, 0, 0, 0, 0, 0, 0, 0, , 0, 0, GAEMI,
WP, 05, 2024072306,   , BEST, 0, 208N, 1238E, 119,  935, TY,   0, , 0, 0, 0, 0, 0, 0, 0, 0, 0, 0, 0, , 0, 0, GAEMI,
WP, 05, 2024072312,   , BEST, 0, 217N, 1236E, 121,  937, TY,   0, , 0, 0, 0, 0, 0, 0, 0, 0, 0, 0, 0, , 0, 0, GAEMI,
WP, 05, 2024072318,   , BEST, 0, 227N, 1233E, 124,  932, TY,   0, , 0, 0, 0, 0, 0, 0, 0, 0, 0, 0, 0, , 0, 0, GAEMI,
WP, 05, 2024072400,   , BEST, 0, 234N, 1228E, 147,  904, ST,   0, , 0, 0, 0, 0, 0, 0, 0, 0, 0, 0, 0, , 0, 0, GAEMI,
WP, 05, 2024072406,   , BEST, 0, 240N, 1221E, 165,  878, ST,   0, , 0, 0, 0, 0, 0, 0, 0, 0, 0, 0, 0, , 0, 0, GAEMI,
WP, 05, 2024072412,   , BEST, 0, 244N, 1215E, 170,  870, ST,   0, , 0, 0, 0, 0, 0, 0, 0, 0, 0, 0, 0, , 0, 0, GAEMI,
WP, 05, 2024072418,   , BEST, 0, 248N, 1208E, 112,  936, TY,   0, , 0, 0, 0, 0, 0, 0, 0, 0, 0, 0, 0, , 0, 0, GAEMI,
WP, 05, 2024072500,   , BEST, 0, 250N, 1205E,  78,  971, TY,   0, , 0, 0, 0, 0, 0, 0, 0, 0, 0, 0, 0, , 0, 0, GAEMI,
WP, 05, 2024072506,   , BEST, 0, 252N, 1201E,  84,  968, TY,   0, , 0, 0, 0, 0, 0, 0, 0, 0, 0, 0, 0, , 0, 0, GAEMI,
WP, 05, 2024072512,   , BEST, 0, 257N, 1191E,  81,  970, TY,   0, , 0, 0, 0, 0, 0, 0, 0, 0, 0, 0, 0, , 0, 0, GAEMI,
WP, 05, 2024072518,   , BEST, 0, 263N, 1181E,  60,  982, TS,   0, , 0, 0, 0, 0, 0, 0, 0, 0, 0, 0, 0, , 0, 0, GAEMI,
WP, 05, 2024072600,   , BEST, 0, 269N, 1174E,  46,  990, TS,   0, , 0, 0, 0, 0, 0, 0, 0, 0, 0, 0, 0, , 0, 0, GAEMI,
WP, 05, 2024072606,   , BEST, 0, 274N, 1167E,  40,  992, TS,   0, , 0, 0, 0, 0, 0, 0, 0, 0, 0, 0, 0, , 0, 0, GAEMI,
WP, 05, 2024072612,   , BEST, 0, 280N, 1160E,  35,  995, TS,   0, , 0, 0, 0, 0, 0, 0, 0, 0, 0, 0, 0, , 0, 0, GAEMI,
WP, 05, 2024072618,   , BEST, 0, 286N, 1153E,  31,  996, TD,   0, , 0, 0, 0, 0, 0, 0, 0, 0, 0, 0, 0, , 0, 0, GAEMI,
WP, 05, 2024072700,   , BEST, 0, 292N, 1148E,  26,  997, TD,   0, , 0, 0, 0, 0, 0, 0, 0, 0, 0, 0, 0, , 0, 0, GAEMI,
WP, 05, 2024072706,   , BEST, 0, 298N, 1143E,  23,  998, DB,   0, , 0, 0, 0, 0, 0, 0, 0, 0, 0, 0, 0, , 0, 0, GAEMI,
WP, 05, 2024072712,   , BEST, 0, 304N, 1137E,  22,  998, DB,   0, , 0, 0, 0, 0, 0, 0, 0, 0, 0, 0, 0, , 0, 0, GAEMI,
WP, 05, 2024072718,   , BEST, 0, 310N, 1132E,  21,  999, DB,   0, , 0, 0, 0, 0, 0, 0, 0, 0, 0, 0, 0, , 0, 0, GAEMI,
