WP, 94, 2024052912,   , BEST, 0, 161N, 1134E,  20, 1004, DB,   0, , 0, 0, 0, 0, 0, 0, 0, 0, 0, 0, 0, , 0, 0, INVEST,
WP, 94, 2024052918,   , BEST, 0, 163N, 1132E,  20, 1003, DB,   0, , 0, 0, 0, 0, 0, 0, 0, 0, 0, 0, 0, , 0, 0, INVEST,
WP, 02, 2024053000,   , BEST, 0, 167N, 1130E,  25, 1001, TD,   0, , 0, 0, 0, 0, 0, 0, 0, 0, 0, 0, 0, , 0, 0, TWO,
WP, 02, 2024053006,   , BEST, 0, 173N, 1127E,  30,  999, TD,   0, , 0, 0, 0, 0, 0, 0, 0, 0, 0, 0, 0, , 0, 0, TWO,
WP, 02, 2024053012,   , BEST, 0, 179N, 1124E,  30,  998, TD,   0, , 0, 0, 0, 0, 0, 0, 0, 0, 0, 0, 0, , 0, 0, TWO,
WP, 02, 2024053018,   , BEST, 0, 185N, 1124E,  35,  996, TS,   0, , 0, 0, 0, 0, 0, 0, 0, 0, 0, 0, 0, , 0, 0, MALIKSI,
WP, 02, 2024053100,   , BEST, 0, 193N, 1123E,  40,  994, TS,   0, , 0, 0, 0, 0, 0, 0, 0, 0, 0, 0, 0, , 0, 0, MALIKSI,
WP, 02, 2024053106,   , BEST, 0, 200N, 1120E,  40,  994, TS,   0, , 0, 0, 0, 0, 0, 0, 0, 0, 0, 0, 0, , 0, 0, MALIKSI,
WP, 02, 2024053112,   , BEST, 0, 207N, 1118E,  40,  993, TS,   0, , 0, 0, 0, 0, 0, 0, 0, 0, 0, 0, 0, , 0, 0, MALIKSI,
WP, 02, 2024053118,   , BEST, 0, 215N, 1118E,  40,  993, TS,   0, , 0, 0, 0, 0, 0, 0, 0, 0, 0, 0, 0, , 0, 0, MALIKSI,
WP, 02, 2024060100,   , BEST, 0, 224N, 1120E,  30,  997, TD,   0, , 0, 0, 0, 0, 0, 0, 0, 0, 0, 0, 0, , 0, 0, MALIKSI,
WP, 02, 2024060106,   , BEST, 0, 231N, 1124E,  30,  997, TD,   0, , 0, 0, 0, 0, 0, 0, 0, 0, 0, 0, 0, , 0, 0, MALIKSI,
WP, 02, 2024060112,   , BEST, 0, 235N, 1132E,  30,  998, TD,   0, , 0, 0, 0, 0, 0, 0, 0, 0, 0, 0, 0, , 0, 0, MALIKSI,
WP, 02, 2024060118,   , BEST, 0, 237N, 1144E,  25, 1000, TD,   0, , 0, 0, 0, 0, 0, 0, 0, 0, 0, 0, 0, , 0, 0, MALIKSI,
WP, 02, 2024060200,   , BEST, 0, 236N, 1159E,  25, 1001, TD,   0, , 0, 0, 0, 0, 0, 0, 0, 0, 0, 0, 0, , 0, 0, MALIKSI,
WP, 02, 2024060206,   , BEST, 0, 234N, 1175E,  25, 1001, EX,   0, , 0, 0, 0, 0, 0, 0, 0, 0, 0, 0, 0, , 0, 0, MALIKSI,
WP, 02, 2024060212,   , BEST, 0, 231N, 1199E,  20, 1003, EX,   0, , 0, 0, 0, 0, 0, 0, 0, 0, 0, 0, 0, , 0, 0, MALIKSI,
WP, 02, 2024060218,   , BEST, 0, 229N, 1223E,  20, 1002, EX,   0, , 0, 0, 0, 0, 0, 0, 0, 0, 0, 0, 0, , 0, 0, MALIKSI,
