WP, 94, 2024092306,   , BEST, 0, 292N, 1294E,  20, 1008, SD,   0, , 0, 0, 0, 0, 0, 0, 0, 0, 0, 0, 0, , 0, 0, INVEST,
WP, 94, 2024092312,   , BEST, 0, 288N, 1309E,  25, 1006, SD,   0, , 0, 0, 0, 0, 0, 0, 0, 0, 0, 0, 0, , 0, 0, INVEST,
WP, 94, 2024092318,   , BEST, 0, 284N, 1322E,  30, 1004, SD,   0, , 0, 0, 0, 0, 0, 0, 0, 0, 0, 0, 0, , 0, 0, INVEST,
WP, 18, 2024092400,   , BEST, 0, 281N, 1333E,  35, 1002, TS,   0, , 0, 0, 0, 0, 0, 0, 0, 0, 0, 0, 0, , 0, 0, CIMARON,
WP, 18, 2024092406,   , BEST, 0, 279N, 1341E,  35, 1001, TS,   0, , 0, 0, 0, 0, 0, 0, 0, 0, 0, 0, 0, , 0, 0, CIMARON,
WP, 18, 2024092412,   , BEST, 0, 280N, 1347E,  40,  999, TS,   0, , 0, 0, 0, 0, 0, 0, 0, 0, 0, 0, 0, , 0, 0, CIMARON,
WP, 18, 2024092418,   , BEST, 0, 280N, 1350E,  40,  998, TS,   0, , 0, 0, 0, 0, 0, 0, 0, 0, 0, 0, 0, , 0, 0, CIMARON,
WP, 18, 2024092500,   , BEST, 0, 278N, 1349E,  40,  998, TS,   0, , 0, 0, 0, 0, 0, 0, 0, 0, 0, 0, 0, , 0, 0, CIMARON,
WP, 18, 2024092506,   , BEST, 0, 277N, 1343E,  35,  999, TS,   0, , 0, 0, 0, 0, 0, 0, 0, 0, 0, 0, 0, , 0, 0, CIMARON,
WP, 18, 2024092512,   , BEST, 0, 280N, 1338E,  41,  996, TS,   0, , 0, 0, 0, 0, 0, 0, 0, 0, 0, 0, 0, , 0, 0, CIMARON,
WP, 18, 2024092518,   , BEST, 0, 283N, 1333E,  45,  995, TS,   0, , 0, 0, 0, 0, 0, 0, 0, 0, 0, 0, 0, , 0, 0, CIMARON,
WP, 18, 2024092600,   , BEST, 0, 286N, 1329E,  48,  994, TS,   0, , 0, 0, 0, 0, 0, 0, 0, 0, 0, 0, 0, , 0, 0, CIMARON,
WP, 18, 2024092606,   , BEST, 0, 289N, 1328E,  51,  993, TS,   0, , 0, 0, 0, 0, 0, 0, 0, 0, 0, 0, 0, , 0, 0, CIMARON,
WP, 18, 2024092612,   , BEST, 0, 292N, 1329E,  54,  992, TS,   0, , 0, 0, 0, 0, 0, 0, 0, 0, 0, 0, 0, , 0, 0, CIMARON,
WP, 18, 2024092618,   , BEST, 0, 297N, 1332E,  59,  991, TS,   0, , 0, 0, 0, 0, 0, 0, 0, 0, 0, 0, 0, , 0, 0, CIMARON,
WP, 18, 2024092700,   , BEST, 0, 304N, 1339E,  62,  989, TS,   0, , 0, 0, 0, 0, 0, 0, 0, 0, 0, 0, 0, , 0, 0, CIMARON,
WP, 18, 2024092706,   , BEST, 0, 312N, 1347E,  63,  988, TS,   0, , 0, 0, 0, 0, 0, 0, 0, 0, 0, 0, 0, , 0, 0, CIMARON,
WP, 18, 2024092712,   , BEST, 0, 321N, 1360E,  66,  985, TY,   0, , 0, 0, 0, 0, 0, 0, 0, 0, 0, 0, 0, , 0, 0, CIMARON,
WP, 18, 2024092718,   , BEST, 0, 330N, 1374E,  69,  983, TY,   0, , 0, 0, 0, 0, 0, 0, 0, 0, 0, 0, 0, , 0, 0, CIMARON,
WP, 18, 2024092800,   , BEST, 0, 340N, 1388E,  69,  983, TY,   0, , 0, 0, 0, 0, 0, 0, 0, 0, 0, 0, 0, , 0, 0, CIMARON,
WP, 18, 2024092806,   , BEST, 0, 348N, 1401E,  68,  985, TY,   0, , 0, 0, 0, 0, 0, 0, 0, 0, 0, 0, 0, , 0, 0, CIMARON,
WP, 18, 2024092812,   , BEST, 0, 354N, 1416E,  66,  986, TY,   0, , 0, 0, 0, 0, 0, 0, 0, 0, 0, 0, 0, , 0, 0, CIMARON,
WP, 18, 2024092818,   , BEST, 0, 359N, 1431E,  64,  987, TY,   0, , 0, 0, 0, 0, 0, 0, 0, 0, 0, 0, 0, , 0, 0, CIMARON,
WP, 18, 2024092900,   , BEST, 0, 365N, 1446E,  61,  988, TS,   0, , 0, 0, 0, 0, 0, 0, 0, 0, 0, 0, 0, , 0, 0, CIMARON,
WP, 18, 2024092906,   , BEST, 0, 370N, 1460E,  58,  990, TS,   0, , 0, 0, 0, 0, 0, 0, 0, 0, 0, 0, 0, , 0, 0, CIMARON,
WP, 18, 2024092912,   , BEST, 0, 374N, 1475E,  53,  992, TS,   0, , 0, 0, 0, 0, 0, 0, 0, 0, 0, 0, 0, , 0, 0, CIMARON,
WP, 18, 2024092918,   , BEST, 0, 378N, 1490E,  46,  994, TS,   0, , 0, 0, 0, 0, 0, 0, 0, 0, 0, 0, 0, , 0, 0, CIMARON,
WP, 18, 2024093000,   , BEST, 0, 381N, 1506E,  37,  996, TS,   0, , 0, 0, 0, 0, 0, 0, 0, 0, 0, 0, 0, , 0, 0, CIMARON,
WP, 18, 2024093006,   , BEST, 0, 384N, 1521E,  28,  995, EX,   0, , 0, 0, 0, 0, 0, 0, 0, 0, 0, 0, 0, , 0, 0, CIMARON,
WP, 18, 2024093012,   , BEST, 0, 386N, 1537E,  24,  994, EX,   0, , 0, 0, 0, 0, 0, 0, 0, 0, 0, 0, 0, , 0, 0, CIMARON,
