WP, 90, 2024082006,   , BEST, 0, 150N, 1466E,  20, 1010, DB,   0, , 0, 0, 0, 0, 0, 0, 0, 0, 0, 0, 0, , 0, 0, INVEST,
WP, 90, 2024082012,   , BEST, 0, 153N, 1456E,  20, 1010, DB,   0, , 0, 0, 0, 0, 0, 0, 0, 0, 0, 0, 0, , 0, 0, INVEST,
WP, 90, 2024082018,   , BEST, 0, 156N, 1448E,  20, 1010, DB,   0, , 0, 0, 0, 0, 0, 0, 0, 0, 0, 0, 0, , 0, 0, INVEST,
WP, 11, 2024082100,   , BEST, 0, 159N, 1442E,  25, 1008, TD,   0, , 0, 0, 0, 0, 0, 0, 0, 0, 0, 0, 0, , 0, 0, ELEVEN,
WP, 11, 2024082106,   , BEST, 0, 163N, 1436E,  25, 1007, TD,   0, , 0, 0, 0, 0, 0, 0, 0, 0, 0, 0, 0, , 0, 0, ELEVEN,
WP, 11, 2024082112,   , BEST, 0, 167N, 1431E,  30, 1004, TD,   0, , 0, 0, 0, 0, 0, 0, 0, 0, 0, 0, 0, , 0, 0, ELEVEN,
WP, 11, 2024082118,   , BEST, 0, 170N, 1424E,  35, 1001, TS,   0, , 0, 0, 0, 0, 0, 0, 0, 0, 0, 0, 0, , 0, 0, SHANSHAN,
WP, 11, 2024082200,   , BEST, 0, 172N, 1417E,  40,  998, TS,   0, , 0, 0, 0, 0, 0, 0, 0, 0, 0, 0, 0, , 0, 0, SHANSHAN,
WP, 11, 2024082206,   , BEST, 0, 171N, 1412E,  45,  995, TS,   0, , 0, 0, 0, 0, 0, 0, 0, 0, 0, 0, 0, , 0, 0, SHANSHAN,
WP, 11, 2024082212,   , BEST, 0, 172N, 1408E,  46,  994, TS,   0, , 0, 0, 0, 0, 0, 0, 0, 0, 0, 0, 0, , 0, 0, SHANSHAN,
WP, 11, 2024082218,   , BEST, 0, 174N, 1405E,  55,  990, TS,   0, , 0, 0, 0, 0, 0, 0, 0, 0, 0, 0, 0, , 0, 0, SHANSHAN,
WP, 11, 2024082300,   , BEST, 0, 177N, 1404E,  67,  983, TY,   0, , 0, 0, 0, 0, 0, 0, 0, 0, 0, 0, 0, , 0, 0, SHANSHAN,
WP, 11, 2024082306,   , BEST, 0, 181N, 1402E,  85,  971, TY,   0, , 0, 0, 0, 0, 0, 0, 0, 0, 0, 0, 0, , 0, 0, SHANSHAN,
WP, 11, 2024082312,   , BEST, 0, 186N, 1401E,  98,  961, TY,   0, , 0, 0, 0, 0, 0, 0, 0, 0, 0, 0, 0, , 0, 0, SHANSHAN,
WP, 11, 2024082318,   , BEST, 0, 192N, 1399E, 103,  957, TY,   0, , 0, 0, 0, 0, 0, 0, 0, 0, 0, 0, 0, , 0, 0, SHANSHAN,
WP, 11, 2024082400,   , BEST, 0, 200N, 1398E, 101,  959, TY,   0, , 0, 0, 0, 0, 0, 0, 0, 0, 0, 0, 0, , 0, 0, SHANSHAN,
WP, 11, 2024082406,   , BEST, 0, 207N, 1396E,  94,  964, TY,   0, , 0, 0, 0, 0, 0, 0, 0, 0, 0, 0, 0, , 0, 0, SHANSHAN,
WP, 11, 2024082412,   , BEST, 0, 213N, 1392E,  88,  968, TY,   0, , 0, 0, 0, 0, 0, 0, 0, 0, 0, 0, 0, , 0, 0, SHANSHAN,
WP, 11, 2024082418,   , BEST, 0, 219N, 1387E,  83,  972, TY,   0, , 0, 0, 0, 0, 0, 0, 0, 0, 0, 0, 0, , 0, 0, SHANSHAN,
WP, 11, 2024082500,   , BEST, 0, 227N, 1383E,  77,  985, TY,   0, , 0, 0, 0, 0, 0, 0, 0, 0, 0, 0, 0, , 0, 0, SHANSHAN,
WP, 11, 2024082506,   , BEST, 0, 234N, 1380E,  70,  983, TY,   0, , 0, 0, 0, 0, 0, 0, 0, 0, 0, 0, 0, , 0, 0, SHANSHAN,
WP, 11, 2024082512,   , BEST, 0, 244N, 1378E,  73,  981, TY,   0, , 0, 0, 0, 0, 0, 0, 0, 0, 0, 0, 0, , 0, 0, SHANSHAN,
WP, 11, 2024082518,   , BEST, 0, 254N, 1375E,  78,  978, TY,   0, , 0, 0, 0, 0, 0, 0, 0, 0, 0, 0, 0, , 0, 0, SHANSHAN,
WP, 11, 2024082600,   , BEST, 0, 262N, 1371E,  86,  973, TY,   0, , 0, 0, 0, 0, 0, 0, 0, 0, 0, 0, 0, , 0, 0, SHANSHAN,
WP, 11, 2024082606,   , BEST, 0, 271N, 1365E, 102,  961, TY,   0, , 0, 0, 0, 0, 0, 0, 0, 0, 0, 0, 0, , 0, 0, SHANSHAN,
WP, 11, 2024082612,   , BEST, 0, 278N, 1360E, 131,  931, ST,   0, , 0, 0, 0, 0, 0, 0, 0, 0, 0, 0, 0, , 0, 0, SHANSHAN,
WP, 11, 2024082618,   , BEST, 0, 285N, 1354E, 158,  894, ST,   0, , 0, 0, 0, 0, 0, 0, 0, 0, 0, 0, 0, , 0, 0, SHANSHAN,
WP, 11, 2024082700,   , BEST, 0, 293N, 1350E, 135,  920, ST,   0, , 0, 0, 0, 0, 0, 0, 0, 0, 0, 0, 0, , 0, 0, SHANSHAN,
WP, 11, 2024082706,   , BEST, 0, 299N, 1347E, 118,  940, TY,   0, , 0, 0, 0, 0, 0, 0, 0, 0, 0, 0, 0, , 0, 0, SHANSHAN,
WP, 11, 2024082712,   , BEST, 0, 306N, 1344E, 112,  947, TY,   0, , 0, 0, 0, 0, 0, 0, 0, 0, 0, 0, 0, , 0, 0, SHANSHAN,
WP, 11, 2024082718,   , BEST, 0, 315N, 1345E, 115,  946, TY,   0, , 0, 0, 0, 0, 0, 0, 0, 0, 0, 0, 0, , 0, 0, SHANSHAN,
WP, 11, 2024082800,   , BEST, 0, 328N, 1349E, 119,  942, TY,   0, , 0, 0, 0, 0, 0, 0, 0, 0, 0, 0, 0, , 0, 0, SHANSHAN,
WP, 11, 2024082806,   , BEST, 0, 343N, 1357E, 102,  958, TY,   0, , 0, 0, 0, 0, 0, 0, 0, 0, 0, 0, 0, , 0, 0, SHANSHAN,
WP, 11, 2024082812,   , BEST, 0, 358N, 1364E,  73,  978, TY,   0, , 0, 0, 0, 0, 0, 0, 0, 0, 0, 0, 0, , 0, 0, SHANSHAN,
WP, 11, 2024082818,   , BEST, 0, 373N, 1371E,  57,  987, TS,   0, , 0, 0, 0, 0, 0, 0, 0, 0, 0, 0, 0, , 0, 0, SHANSHAN,
WP, 11, 2024082900,   , BEST, 0, 391N, 1383E,  48,  993, TS,   0, , 0, 0, 0, 0, 0, 0, 0, 0, 0, 0, 0, , 0, 0, SHANSHAN,
WP, 11, 2024082906,   , BEST, 0, 409N, 1395E,  43,  994, TS,   0, , 0, 0, 0, 0, 0, 0, 0, 0, 0, 0, 0, , 0, 0, SHANSHAN,
WP, 11, 2024082912,   , BEST, 0, 428N, 1407E,  39,  996, EX,   0, , 0, 0, 0, 0, 0, 0, 0, 0, 0, 0, 0, , 0, 0, SHANSHAN,
WP, 11, 2024082918,   , BEST, 0, 446N, 1419E,  36,  997, EX,   0, , 0, 0, 0, 0, 0, 0, 0, 0, 0, 0, 0, , 0, 0, SHANSHAN,
