WP, 95, 2024090906,   , CHP6, 0, 100N, 1495E,  20, 1003, DB,   0, , 0, 0, 0, 0, 0, 0, 0, 0, 0, 0, 0, , 0, 0, INVEST,
WP, 95, 2024090912,   , CHP6, 0, 102N, 1485E,  20, 1003, DB,   0, , 0, 0, 0, 0, 0, 0, 0, 0, 0, 0, 0, , 0, 0, INVEST,
WP, 95, 2024090918,   , CHP6, 0, 106N, 1475E,  20, 1002, DB,   0, , 0, 0, 0, 0, 0, 0, 0, 0, 0, 0, 0, , 0, 0, INVEST,
WP, 14, 2024091000,   , CHP6, 0, 112N, 1466E,  25, 1000, TD,   0, , 0, 0, 0, 0, 0, 0, 0, 0, 0, 0, 0, , 0, 0, FOURTEEN,
WP, 14, 2024091006,   , CHP6, 0, 120N, 1458E,  25,  999, TD,   0, , 0, 0, 0, 0, 0, 0, 0, 0, 0, 0, 0, , 0, 0, FOURTEEN,
WP, 14, 2024091012,   , CHP6, 0, 127N, 1452E,  30,  996, TD,   0, , 0, 0, 0, 0, 0, 0, 0, 0, 0, 0, 0, , 0, 0, FOURTEEN,
WP, 14, 2024091018,   , CHP6, 0, 133N, 1445E,  35,  993, TS,   0, , 0, 0, 0, 0, 0, 0, 0, 0, 0, 0, 0, , 0, 0, BEBINCA,
WP, 14, 2024091100,   , CHP6, 0, 138N, 1436E,  35,  993, TS,   0, , 0, 0, 0, 0, 0, 0, 0, 0, 0, 0, 0, , 0, 0, BEBINCA,
WP, 14, 2024091106,   , CHP6, 0, 146N, 1425E,  35,  992, TS,   0, , 0, 0, 0, 0, 0, 0, 0, 0, 0, 0, 0, , 0, 0, BEBINCA,
WP, 14, 2024091112,   , CHP6, 0, 153N, 1417E,  36,  995, TS,   0, , 0, 0, 0, 0, 0, 0, 0, 0, 0, 0, 0, , 0, 0, BEBINCA,
WP, 14, 2024091118,   , CHP6, 0, 162N, 1409E,  41,  998, TS,   0, , 0, 0, 0, 0, 0, 0, 0, 0, 0, 0, 0, , 0, 0, BEBINCA,
WP, 14, 2024091200,   , CHP6, 0, 173N, 1403E,  46,  997, TS,   0, , 0, 0, 0, 0, 0, 0, 0, 0, 0, 0, 0, , 0, 0, BEBINCA,
WP, 14, 2024091206,   , CHP6, 0, 185N, 1396E,  58,  991, TS,   0, , 0, 0, 0, 0, 0, 0, 0, 0, 0, 0, 0, , 0, 0, BEBINCA,
WP, 14, 2024091212,   , CHP6, 0, 197N, 1387E,  66,  987, TY,   0, , 0, 0, 0, 0, 0, 0, 0, 0, 0, 0, 0, , 0, 0, BEBINCA,
WP, 14, 2024091218,   , CHP6, 0, 208N, 1378E,  72,  983, TY,   0, , 0, 0, 0, 0, 0, 0, 0, 0, 0, 0, 0, , 0, 0, BEBINCA,
WP, 14, 2024091300,   , CHP6, 0, 219N, 1369E,  78,  980, TY,   0, , 0, 0, 0, 0, 0, 0, 0, 0, 0, 0, 0, , 0, 0, BEBINCA,
WP, 14, 2024091306,   , CHP6, 0, 229N, 1357E,  83,  977, TY,   0, , 0, 0, 0, 0, 0, 0, 0, 0, 0, 0, 0, , 0, 0, BEBINCA,
WP, 14, 2024091312,   , CHP6, 0, 239N, 1345E,  92,  971, TY,   0, , 0, 0, 0, 0, 0, 0, 0, 0, 0, 0, 0, , 0, 0, BEBINCA,
WP, 14, 2024091318,   , CHP6, 0, 248N, 1331E, 106,  959, TY,   0, , 0, 0, 0, 0, 0, 0, 0, 0, 0, 0, 0, , 0, 0, BEBINCA,
WP, 14, 2024091400,   , CHP6, 0, 257N, 1318E, 123,  939, TY,   0, , 0, 0, 0, 0, 0, 0, 0, 0, 0, 0, 0, , 0, 0, BEBINCA,
WP, 14, 2024091406,   , CHP6, 0, 264N, 1304E, 139,  917, ST,   0, , 0, 0, 0, 0, 0, 0, 0, 0, 0, 0, 0, , 0, 0, BEBINCA,
WP, 14, 2024091412,   , CHP6, 0, 270N, 1290E, 136,  919, ST,   0, , 0, 0, 0, 0, 0, 0, 0, 0, 0, 0, 0, , 0, 0, BEBINCA,
WP, 14, 2024091418,   , CHP6, 0, 277N, 1276E, 130,  926, ST,   0, , 0, 0, 0, 0, 0, 0, 0, 0, 0, 0, 0, , 0, 0, BEBINCA,
WP, 14, 2024091500,   , CHP6, 0, 284N, 1262E, 127,  931, TY,   0, , 0, 0, 0, 0, 0, 0, 0, 0, 0, 0, 0, , 0, 0, BEBINCA,
WP, 14, 2024091506,   , CHP6, 0, 291N, 1248E, 122,  935, TY,   0, , 0, 0, 0, 0, 0, 0, 0, 0, 0, 0, 0, , 0, 0, BEBINCA,
WP, 14, 2024091512,   , CHP6, 0, 297N, 1235E, 124,  938, TY,   0, , 0, 0, 0, 0, 0, 0, 0, 0, 0, 0, 0, , 0, 0, BEBINCA,
WP, 14, 2024091518,   , CHP6, 0, 301N, 1221E, 149,  907, ST,   0, , 0, 0, 0, 0, 0, 0, 0, 0, 0, 0, 0, , 0, 0, BEBINCA,
WP, 14, 2024091600,   , CHP6, 0, 304N, 1207E, 121,  936, TY,   0, , 0, 0, 0, 0, 0, 0, 0, 0, 0, 0, 0, , 0, 0, BEBINCA,
WP, 14, 2024091606,   , CHP6, 0, 308N, 1193E,  78,  971, TY,   0, , 0, 0, 0, 0, 0, 0, 0, 0, 0, 0, 0, , 0, 0, BEBINCA,
WP, 14, 2024091612,   , CHP6, 0, 311N, 1180E,  56,  984, TS,   0, , 0, 0, 0, 0, 0, 0, 0, 0, 0, 0, 0, , 0, 0, BEBINCA,
WP, 14, 2024091618,   , CHP6, 0, 315N, 1166E,  46,  991, TS,   0, , 0, 0, 0, 0, 0, 0, 0, 0, 0, 0, 0, , 0, 0, BEBINCA,
WP, 14, 2024091700,   , CHP6, 0, 319N, 1152E,  39,  995, TS,   0, , 0, 0, 0, 0, 0, 0, 0, 0, 0, 0, 0, , 0, 0, BEBINCA,
WP, 14, 2024091706,   , CHP6, 0, 322N, 1138E,  28,  997, TD,   0, , 0, 0, 0, 0, 0, 0, 0, 0, 0, 0, 0, , 0, 0, BEBINCA,
WP, 14, 2024091712,   , CHP6, 0, 324N, 1124E,  22,  998, DB,   0, , 0, 0, 0, 0, 0, 0, 0, 0, 0, 0, 0, , 0, 0, BEBINCA,
WP, 14, 2024091718,   , CHP6, 0, 325N, 1110E,  16,  999, DB,   0, , 0, 0, 0, 0, 0, 0, 0, 0, 0, 0, 0, , 0, 0, BEBINCA,