WP, 93, 2024110718,   , BEST, 0,  98N, 1690E,  20, 1011, DB,   0, , 0, 0, 0, 0, 0, 0, 0, 0, 0, 0, 0, , 0, 0, INVEST,
WP, 93, 2024110800,   , BEST, 0, 106N, 1670E,  20, 1010, DB,   0, , 0, 0, 0, 0, 0, 0, 0, 0, 0, 0, 0, , 0, 0, INVEST,
WP, 93, 2024110806,   , BEST, 0, 114N, 1650E,  20, 1010, DB,   0, , 0, 0, 0, 0, 0, 0, 0, 0, 0, 0, 0, , 0, 0, INVEST,
WP, 25, 2024110812,   , BEST, 0, 121N, 1632E,  25, 1008, TD,   0, , 0, 0, 0, 0, 0, 0, 0, 0, 0, 0, 0, , 0, 0, TWENTYFIVE,
WP, 25, 2024110818,   , BEST, 0, 128N, 1616E,  35, 1004, TS,   0, , 0, 0, 0, 0, 0, 0, 0, 0, 0, 0, 0, , 0, 0, MAN-YI,
WP, 25, 2024110900,   , BEST, 0, 136N, 1602E,  45, 1000, TS,   0, , 0, 0, 0, 0, 0, 0, 0, 0, 0, 0, 0, , 0, 0, MAN-YI,
WP, 25, 2024110906,   , BEST, 0, 143N, 1590E,  45, 1000, TS,   0, , 0, 0, 0, 0, 0, 0, 0, 0, 0, 0, 0, , 0, 0, MAN-YI,
WP, 25, 2024110912,   , BEST, 0, 149N, 1581E,  45,  999, TS,   0, , 0, 0, 0, 0, 0, 0, 0, 0, 0, 0, 0, , 0, 0, MAN-YI,
WP, 25, 2024110918,   , BEST, 0, 154N, 1571E,  51,  993, TS,   0, , 0, 0, 0, 0, 0, 0, 0, 0, 0, 0, 0, , 0, 0, MAN-YI,
WP, 25, 2024111000,   , BEST, 0, 159N, 1559E,  50,  994, TS,   0, , 0, 0, 0, 0, 0, 0, 0, 0, 0, 0, 0, , 0, 0, MAN-YI,
WP, 25, 2024111006,   , BEST, 0, 160N, 1551E,  47,  995, TS,   0, , 0, 0, 0, 0, 0, 0, 0, 0, 0, 0, 0, , 0, 0, MAN-YI,
WP, 25, 2024111012,   , BEST, 0, 159N, 1543E,  47,  995, TS,   0, , 0, 0, 0, 0, 0, 0, 0, 0, 0, 0, 0, , 0, 0, MAN-YI,
WP, 25, 2024111018,   , BEST, 0, 157N, 1536E,  47,  995, TS,   0, , 0, 0, 0, 0, 0, 0, 0, 0, 0, 0, 0, , 0, 0, MAN-YI,
WP, 25, 2024111100,   , BEST, 0, 155N, 1529E,  42,  997, TS,   0, , 0, 0, 0, 0, 0, 0, 0, 0, 0, 0, 0, , 0, 0, MAN-YI,
WP, 25, 2024111106,   , BEST, 0, 151N, 1520E,  35,  999, TS,   0, , 0, 0, 0, 0, 0, 0, 0, 0, 0, 0, 0, , 0, 0, MAN-YI,
WP, 25, 2024111112,   , BEST, 0, 148N, 1513E,  34,  999, TS,   0, , 0, 0, 0, 0, 0, 0, 0, 0, 0, 0, 0, , 0, 0, MAN-YI,
WP, 25, 2024111118,   , BEST, 0, 145N, 1504E,  39,  998, TS,   0, , 0, 0, 0, 0, 0, 0, 0, 0, 0, 0, 0, , 0, 0, MAN-YI,
WP, 25, 2024111200,   , BEST, 0, 142N, 1495E,  41,  997, TS,   0, , 0, 0, 0, 0, 0, 0, 0, 0, 0, 0, 0, , 0, 0, MAN-YI,
WP, 25, 2024111206,   , BEST, 0, 140N, 1480E,  39,  998, TS,   0, , 0, 0, 0, 0, 0, 0, 0, 0, 0, 0, 0, , 0, 0, MAN-YI,
WP, 25, 2024111212,   , BEST, 0, 139N, 1465E,  39,  999, TS,   0, , 0, 0, 0, 0, 0, 0, 0, 0, 0, 0, 0, , 0, 0, MAN-YI,
WP, 25, 2024111218,   , BEST, 0, 137N, 1451E,  43,  997, TS,   0, , 0, 0, 0, 0, 0, 0, 0, 0, 0, 0, 0, , 0, 0, MAN-YI,
WP, 25, 2024111300,   , BEST, 0, 135N, 1440E,  48,  995, TS,   0, , 0, 0, 0, 0, 0, 0, 0, 0, 0, 0, 0, , 0, 0, MAN-YI,
WP, 25, 2024111306,   , BEST, 0, 133N, 1427E,  54,  993, TS,   0, , 0, 0, 0, 0, 0, 0, 0, 0, 0, 0, 0, , 0, 0, MAN-YI,
WP, 25, 2024111312,   , BEST, 0, 131N, 1415E,  63,  989, TS,   0, , 0, 0, 0, 0, 0, 0, 0, 0, 0, 0, 0, , 0, 0, MAN-YI,
WP, 25, 2024111318,   , BEST, 0, 129N, 1398E,  75,  982, TY,   0, , 0, 0, 0, 0, 0, 0, 0, 0, 0, 0, 0, , 0, 0, MAN-YI,
WP, 25, 2024111400,   , BEST, 0, 126N, 1382E,  98,  966, TY,   0, , 0, 0, 0, 0, 0, 0, 0, 0, 0, 0, 0, , 0, 0, MAN-YI,
WP, 25, 2024111406,   , BEST, 0, 123N, 1366E, 137,  927, ST,   0, , 0, 0, 0, 0, 0, 0, 0, 0, 0, 0, 0, , 0, 0, MAN-YI,
WP, 25, 2024111412,   , BEST, 0, 120N, 1348E, 168,  881, ST,   0, , 0, 0, 0, 0, 0, 0, 0, 0, 0, 0, 0, , 0, 0, MAN-YI,
WP, 25, 2024111418,   , BEST, 0, 117N, 1330E, 164,  881, ST,   0, , 0, 0, 0, 0, 0, 0, 0, 0, 0, 0, 0, , 0, 0, MAN-YI,
WP, 25, 2024111500,   , BEST, 0, 116N, 1315E, 154,  895, ST,   0, , 0, 0, 0, 0, 0, 0, 0, 0, 0, 0, 0, , 0, 0, MAN-YI,
WP, 25, 2024111506,   , BEST, 0, 115N, 1300E, 143,  917, ST,   0, , 0, 0, 0, 0, 0, 0, 0, 0, 0, 0, 0, , 0, 0, MAN-YI,
WP, 25, 2024111512,   , BEST, 0, 117N, 1287E, 175,  874, ST,   0, , 0, 0, 0, 0, 0, 0, 0, 0, 0, 0, 0, , 0, 0, MAN-YI,
WP, 25, 2024111518,   , BEST, 0, 122N, 1275E, 179,  866, ST,   0, , 0, 0, 0, 0, 0, 0, 0, 0, 0, 0, 0, , 0, 0, MAN-YI,
WP, 25, 2024111600,   , BEST, 0, 128N, 1263E, 162,  885, ST,   0, , 0, 0, 0, 0, 0, 0, 0, 0, 0, 0, 0, , 0, 0, MAN-YI,
WP, 25, 2024111606,   , BEST, 0, 134N, 1253E, 127,  928, TY,   0, , 0, 0, 0, 0, 0, 0, 0, 0, 0, 0, 0, , 0, 0, MAN-YI,
WP, 25, 2024111612,   , BEST, 0, 139N, 1243E, 133,  922, ST,   0, , 0, 0, 0, 0, 0, 0, 0, 0, 0, 0, 0, , 0, 0, MAN-YI,
WP, 25, 2024111618,   , BEST, 0, 145N, 1233E, 140,  913, ST,   0, , 0, 0, 0, 0, 0, 0, 0, 0, 0, 0, 0, , 0, 0, MAN-YI,
WP, 25, 2024111700,   , BEST, 0, 151N, 1222E, 105,  950, TY,   0, , 0, 0, 0, 0, 0, 0, 0, 0, 0, 0, 0, , 0, 0, MAN-YI,
WP, 25, 2024111706,   , BEST, 0, 157N, 1211E, 102,  953, TY,   0, , 0, 0, 0, 0, 0, 0, 0, 0, 0, 0, 0, , 0, 0, MAN-YI,
WP, 25, 2024111712,   , BEST, 0, 164N, 1200E,  75,  974, TY,   0, , 0, 0, 0, 0, 0, 0, 0, 0, 0, 0, 0, , 0, 0, MAN-YI,
WP, 25, 2024111718,   , BEST, 0, 170N, 1189E,  78,  967, TY,   0, , 0, 0, 0, 0, 0, 0, 0, 0, 0, 0, 0, , 0, 0, MAN-YI,
WP, 25, 2024111800,   , BEST, 0, 176N, 1178E,  86,  964, TY,   0, , 0, 0, 0, 0, 0, 0, 0, 0, 0, 0, 0, , 0, 0, MAN-YI,
WP, 25, 2024111806,   , BEST, 0, 180N, 1168E,  90,  959, TY,   0, , 0, 0, 0, 0, 0, 0, 0, 0, 0, 0, 0, , 0, 0, MAN-YI,
WP, 25, 2024111812,   , BEST, 0, 182N, 1158E, 101,  953, TY,   0, , 0, 0, 0, 0, 0, 0, 0, 0, 0, 0, 0, , 0, 0, MAN-YI,
WP, 25, 2024111818,   , BEST, 0, 184N, 1149E,  95,  958, TY,   0, , 0, 0, 0, 0, 0, 0, 0, 0, 0, 0, 0, , 0, 0, MAN-YI,
WP, 25, 2024111900,   , BEST, 0, 186N, 1139E,  79,  975, TY,   0, , 0, 0, 0, 0, 0, 0, 0, 0, 0, 0, 0, , 0, 0, MAN-YI,
WP, 25, 2024111906,   , BEST, 0, 187N, 1130E,  63,  980, TS,   0, , 0, 0, 0, 0, 0, 0, 0, 0, 0, 0, 0, , 0, 0, MAN-YI,
WP, 25, 2024111912,   , BEST, 0, 183N, 1120E,  51,  994, TS,   0, , 0, 0, 0, 0, 0, 0, 0, 0, 0, 0, 0, , 0, 0, MAN-YI,
WP, 25, 2024111918,   , BEST, 0, 176N, 1113E,  39,  996, TS,   0, , 0, 0, 0, 0, 0, 0, 0, 0, 0, 0, 0, , 0, 0, MAN-YI,
WP, 25, 2024112000,   , BEST, 0, 166N, 1106E,  32, 1000, TD,   0, , 0, 0, 0, 0, 0, 0, 0, 0, 0, 0, 0, , 0, 0, MAN-YI,
WP, 25, 2024112006,   , BEST, 0, 154N, 1102E,  22, 1004, DB,   0, , 0, 0, 0, 0, 0, 0, 0, 0, 0, 0, 0, , 0, 0, MAN-YI,
WP, 25, 2024112012,   , BEST, 0, 140N, 1100E,  18, 1012, DB,   0, , 0, 0, 0, 0, 0, 0, 0, 0, 0, 0, 0, , 0, 0, MAN-YI,
