WP, 22, 2024101906,   , BEST, 0, 150N, 1415E,  20, 1001, DB,   0, , 0, 0, 0, 0, 0, 0, 0, 0, 0, 0, 0, , 0, 0, INVEST,
WP, 96, 2024101912,   , BEST, 0, 150N, 1402E,  20, 1001, DB,   0, , 0, 0, 0, 0, 0, 0, 0, 0, 0, 0, 0, , 0, 0, INVEST,
WP, 96, 2024101918,   , BEST, 0, 150N, 1389E,  20, 1001, DB,   0, , 0, 0, 0, 0, 0, 0, 0, 0, 0, 0, 0, , 0, 0, INVEST,
WP, 96, 2024102000,   , BEST, 0, 149N, 1376E,  20, 1000, DB,   0, , 0, 0, 0, 0, 0, 0, 0, 0, 0, 0, 0, , 0, 0, INVEST,
WP, 96, 2024102006,   , BEST, 0, 147N, 1363E,  20, 1000, DB,   0, , 0, 0, 0, 0, 0, 0, 0, 0, 0, 0, 0, , 0, 0, INVEST,
WP, 22, 2024102012,   , BEST, 0, 144N, 1349E,  25,  998, TD,   0, , 0, 0, 0, 0, 0, 0, 0, 0, 0, 0, 0, , 0, 0, TWENTYTWO,
WP, 22, 2024102018,   , BEST, 0, 141N, 1335E,  25,  998, TD,   0, , 0, 0, 0, 0, 0, 0, 0, 0, 0, 0, 0, , 0, 0, TWENTYTWO,
WP, 22, 2024102100,   , BEST, 0, 138N, 1320E,  25,  997, TD,   0, , 0, 0, 0, 0, 0, 0, 0, 0, 0, 0, 0, , 0, 0, TWENTYTWO,
WP, 22, 2024102106,   , BEST, 0, 135N, 1304E,  30,  995, TD,   0, , 0, 0, 0, 0, 0, 0, 0, 0, 0, 0, 0, , 0, 0, TWENTYTWO,
WP, 22, 2024102112,   , BEST, 0, 132N, 1291E,  35,  993, TS,   0, , 0, 0, 0, 0, 0, 0, 0, 0, 0, 0, 0, , 0, 0, TRAMI,
WP, 22, 2024102118,   , BEST, 0, 133N, 1280E,  37,  990, TS,   0, , 0, 0, 0, 0, 0, 0, 0, 0, 0, 0, 0, , 0, 0, TRAMI,
WP, 22, 2024102200,   , BEST, 0, 135N, 1272E,  40,  984, TS,   0, , 0, 0, 0, 0, 0, 0, 0, 0, 0, 0, 0, , 0, 0, TRAMI,
WP, 22, 2024102206,   , BEST, 0, 140N, 1266E,  42,  999, TS,   0, , 0, 0, 0, 0, 0, 0, 0, 0, 0, 0, 0, , 0, 0, TRAMI,
WP, 22, 2024102212,   , BEST, 0, 145N, 1258E,  49,  997, TS,   0, , 0, 0, 0, 0, 0, 0, 0, 0, 0, 0, 0, , 0, 0, TRAMI,
WP, 22, 2024102218,   , BEST, 0, 150N, 1250E,  50,  995, TS,   0, , 0, 0, 0, 0, 0, 0, 0, 0, 0, 0, 0, , 0, 0, TRAMI,
WP, 22, 2024102300,   , BEST, 0, 156N, 1242E,  58,  991, TS,   0, , 0, 0, 0, 0, 0, 0, 0, 0, 0, 0, 0, , 0, 0, TRAMI,
WP, 22, 2024102306,   , BEST, 0, 160N, 1233E,  70,  983, TY,   0, , 0, 0, 0, 0, 0, 0, 0, 0, 0, 0, 0, , 0, 0, TRAMI,
WP, 22, 2024102312,   , BEST, 0, 164N, 1223E,  90,  970, TY,   0, , 0, 0, 0, 0, 0, 0, 0, 0, 0, 0, 0, , 0, 0, TRAMI,
WP, 22, 2024102318,   , BEST, 0, 166N, 1213E,  64,  995, TY,   0, , 0, 0, 0, 0, 0, 0, 0, 0, 0, 0, 0, , 0, 0, TRAMI,
WP, 22, 2024102400,   , BEST, 0, 166N, 1205E,  48,  998, TS,   0, , 0, 0, 0, 0, 0, 0, 0, 0, 0, 0, 0, , 0, 0, TRAMI,
WP, 22, 2024102406,   , BEST, 0, 166N, 1197E,  34,  999, TS,   0, , 0, 0, 0, 0, 0, 0, 0, 0, 0, 0, 0, , 0, 0, TRAMI,
WP, 22, 2024102412,   , BEST, 0, 167N, 1190E,  34,  999, TS,   0, , 0, 0, 0, 0, 0, 0, 0, 0, 0, 0, 0, , 0, 0, TRAMI,
WP, 22, 2024102418,   , BEST, 0, 169N, 1183E,  36,  999, TS,   0, , 0, 0, 0, 0, 0, 0, 0, 0, 0, 0, 0, , 0, 0, TRAMI,
WP, 22, 2024102500,   , BEST, 0, 170N, 1174E,  39,  998, TS,   0, , 0, 0, 0, 0, 0, 0, 0, 0, 0, 0, 0, , 0, 0, TRAMI,
WP, 22, 2024102506,   , BEST, 0, 172N, 1165E,  41,  997, TS,   0, , 0, 0, 0, 0, 0, 0, 0, 0, 0, 0, 0, , 0, 0, TRAMI,
WP, 22, 2024102512,   , BEST, 0, 172N, 1155E,  44,  995, TS,   0, , 0, 0, 0, 0, 0, 0, 0, 0, 0, 0, 0, , 0, 0, TRAMI,
WP, 22, 2024102518,   , BEST, 0, 172N, 1145E,  48,  993, TS,   0, , 0, 0, 0, 0, 0, 0, 0, 0, 0, 0, 0, , 0, 0, TRAMI,
WP, 22, 2024102600,   , BEST, 0, 172N, 1136E,  54,  991, TS,   0, , 0, 0, 0, 0, 0, 0, 0, 0, 0, 0, 0, , 0, 0, TRAMI,
WP, 22, 2024102606,   , BEST, 0, 172N, 1126E,  61,  986, TS,   0, , 0, 0, 0, 0, 0, 0, 0, 0, 0, 0, 0, , 0, 0, TRAMI,
WP, 22, 2024102612,   , BEST, 0, 172N, 1121E,  69,  981, TY,   0, , 0, 0, 0, 0, 0, 0, 0, 0, 0, 0, 0, , 0, 0, TRAMI,
WP, 22, 2024102618,   , BEST, 0, 171N, 1116E,  74,  978, TY,   0, , 0, 0, 0, 0, 0, 0, 0, 0, 0, 0, 0, , 0, 0, TRAMI,
WP, 22, 2024102700,   , BEST, 0, 170N, 1111E,  78,  975, TY,   0, , 0, 0, 0, 0, 0, 0, 0, 0, 0, 0, 0, , 0, 0, TRAMI,
WP, 22, 2024102706,   , BEST, 0, 169N, 1106E,  83,  971, TY,   0, , 0, 0, 0, 0, 0, 0, 0, 0, 0, 0, 0, , 0, 0, TRAMI,
WP, 22, 2024102712,   , BEST, 0, 169N, 1103E,  92,  962, TY,   0, , 0, 0, 0, 0, 0, 0, 0, 0, 0, 0, 0, , 0, 0, TRAMI,
WP, 22, 2024102718,   , BEST, 0, 168N, 1099E, 111,  945, TY,   0, , 0, 0, 0, 0, 0, 0, 0, 0, 0, 0, 0, , 0, 0, TRAMI,
WP, 22, 2024102800,   , BEST, 0, 167N, 1096E, 133,  918, ST,   0, , 0, 0, 0, 0, 0, 0, 0, 0, 0, 0, 0, , 0, 0, TRAMI,
WP, 22, 2024102806,   , BEST, 0, 166N, 1092E, 146,  901, ST,   0, , 0, 0, 0, 0, 0, 0, 0, 0, 0, 0, 0, , 0, 0, TRAMI,
WP, 22, 2024102612,   , BEST, 0, 165N, 1088E, 127,  921, TY,   0, , 0, 0, 0, 0, 0, 0, 0, 0, 0, 0, 0, , 0, 0, TRAMI,
WP, 22, 2024102618,   , BEST, 0, 163N, 1083E, 111,  948, TY,   0, , 0, 0, 0, 0, 0, 0, 0, 0, 0, 0, 0, , 0, 0, TRAMI,
WP, 22, 2024102700,   , BEST, 0, 161N, 1076E,  78,  975, TY,   0, , 0, 0, 0, 0, 0, 0, 0, 0, 0, 0, 0, , 0, 0, TRAMI,
WP, 22, 2024102706,   , BEST, 0, 159N, 1066E,  57,  981, TS,   0, , 0, 0, 0, 0, 0, 0, 0, 0, 0, 0, 0, , 0, 0, TRAMI,
WP, 22, 2024102712,   , BEST, 0, 158N, 1056E,  42,  992, TS,   0, , 0, 0, 0, 0, 0, 0, 0, 0, 0, 0, 0, , 0, 0, TRAMI,
WP, 22, 2024102718,   , BEST, 0, 157N, 1045E,  29,  995, TD,   0, , 0, 0, 0, 0, 0, 0, 0, 0, 0, 0, 0, , 0, 0, TRAMI,
WP, 22, 2024102800,   , BEST, 0, 157N, 1033E,  23,  998, DB,   0, , 0, 0, 0, 0, 0, 0, 0, 0, 0, 0, 0, , 0, 0, TRAMI,
WP, 22, 2024102806,   , BEST, 0, 158N, 1021E,  18,  999, DB,   0, , 0, 0, 0, 0, 0, 0, 0, 0, 0, 0, 0, , 0, 0, TRAMI,
