WP, 99, 2024102306,   , BEST, 0,  92N, 1530E,  20, 1004, DB,   0, , 0, 0, 0, 0, 0, 0, 0, 0, 0, 0, 0, , 0, 0, INVEST,
WP, 99, 2024102312,   , BEST, 0, 102N, 1520E,  20, 1004, DB,   0, , 0, 0, 0, 0, 0, 0, 0, 0, 0, 0, 0, , 0, 0, INVEST,
WP, 99, 2024102318,   , BEST, 0, 110N, 1510E,  20, 1003, DB,   0, , 0, 0, 0, 0, 0, 0, 0, 0, 0, 0, 0, , 0, 0, INVEST,
WP, 23, 2024102400,   , BEST, 0, 117N, 1500E,  25, 1001, TD,   0, , 0, 0, 0, 0, 0, 0, 0, 0, 0, 0, 0, , 0, 0, TWENTYTHREE,
WP, 23, 2024102406,   , BEST, 0, 123N, 1490E,  25, 1000, TD,   0, , 0, 0, 0, 0, 0, 0, 0, 0, 0, 0, 0, , 0, 0, TWENTYTHREE,
WP, 23, 2024102412,   , BEST, 0, 128N, 1478E,  30,  998, TD,   0, , 0, 0, 0, 0, 0, 0, 0, 0, 0, 0, 0, , 0, 0, TWENTYTHREE,
WP, 23, 2024102418,   , BEST, 0, 132N, 1464E,  30,  998, TD,   0, , 0, 0, 0, 0, 0, 0, 0, 0, 0, 0, 0, , 0, 0, TWENTYTHREE,
WP, 23, 2024102500,   , BEST, 0, 138N, 1449E,  35,  996, TS,   0, , 0, 0, 0, 0, 0, 0, 0, 0, 0, 0, 0, , 0, 0, KONG-REY,
WP, 23, 2024102506,   , BEST, 0, 145N, 1434E,  35,  996, TS,   0, , 0, 0, 0, 0, 0, 0, 0, 0, 0, 0, 0, , 0, 0, KONG-REY,
WP, 23, 2024102512,   , BEST, 0, 154N, 1414E,  35,  995, TS,   0, , 0, 0, 0, 0, 0, 0, 0, 0, 0, 0, 0, , 0, 0, KONG-REY,
WP, 23, 2024102518,   , BEST, 0, 161N, 1395E,  36,  993, TS,   0, , 0, 0, 0, 0, 0, 0, 0, 0, 0, 0, 0, , 0, 0, KONG-REY,
WP, 23, 2024102600,   , BEST, 0, 166N, 1378E,  40,  995, TS,   0, , 0, 0, 0, 0, 0, 0, 0, 0, 0, 0, 0, , 0, 0, KONG-REY,
WP, 23, 2024102606,   , BEST, 0, 169N, 1362E,  41,  998, TS,   0, , 0, 0, 0, 0, 0, 0, 0, 0, 0, 0, 0, , 0, 0, KONG-REY,
WP, 23, 2024102612,   , BEST, 0, 169N, 1352E,  47,  996, TS,   0, , 0, 0, 0, 0, 0, 0, 0, 0, 0, 0, 0, , 0, 0, KONG-REY,
WP, 23, 2024102618,   , BEST, 0, 170N, 1341E,  54,  992, TS,   0, , 0, 0, 0, 0, 0, 0, 0, 0, 0, 0, 0, , 0, 0, KONG-REY,
WP, 23, 2024102700,   , BEST, 0, 170N, 1332E,  67,  985, TY,   0, , 0, 0, 0, 0, 0, 0, 0, 0, 0, 0, 0, , 0, 0, KONG-REY,
WP, 23, 2024102706,   , BEST, 0, 171N, 1323E,  88,  970, TY,   0, , 0, 0, 0, 0, 0, 0, 0, 0, 0, 0, 0, , 0, 0, KONG-REY,
WP, 23, 2024102712,   , BEST, 0, 171N, 1314E, 110,  949, TY,   0, , 0, 0, 0, 0, 0, 0, 0, 0, 0, 0, 0, , 0, 0, KONG-REY,
WP, 23, 2024102718,   , BEST, 0, 172N, 1304E, 107,  948, TY,   0, , 0, 0, 0, 0, 0, 0, 0, 0, 0, 0, 0, , 0, 0, KONG-REY,
WP, 23, 2024102800,   , BEST, 0, 174N, 1298E,  98,  957, TY,   0, , 0, 0, 0, 0, 0, 0, 0, 0, 0, 0, 0, , 0, 0, KONG-REY,
WP, 23, 2024102806,   , BEST, 0, 176N, 1292E,  92,  962, TY,   0, , 0, 0, 0, 0, 0, 0, 0, 0, 0, 0, 0, , 0, 0, KONG-REY,
WP, 23, 2024102812,   , BEST, 0, 178N, 1286E,  88,  966, TY,   0, , 0, 0, 0, 0, 0, 0, 0, 0, 0, 0, 0, , 0, 0, KONG-REY,
WP, 23, 2024102818,   , BEST, 0, 180N, 1280E,  87,  967, TY,   0, , 0, 0, 0, 0, 0, 0, 0, 0, 0, 0, 0, , 0, 0, KONG-REY,
WP, 23, 2024102900,   , BEST, 0, 182N, 1274E,  90,  965, TY,   0, , 0, 0, 0, 0, 0, 0, 0, 0, 0, 0, 0, , 0, 0, KONG-REY,
WP, 23, 2024102906,   , BEST, 0, 184N, 1265E,  94,  962, TY,   0, , 0, 0, 0, 0, 0, 0, 0, 0, 0, 0, 0, , 0, 0, KONG-REY,
WP, 23, 2024102912,   , BEST, 0, 186N, 1258E, 101,  955, TY,   0, , 0, 0, 0, 0, 0, 0, 0, 0, 0, 0, 0, , 0, 0, KONG-REY,
WP, 23, 2024102918,   , BEST, 0, 189N, 1252E, 102,  954, TY,   0, , 0, 0, 0, 0, 0, 0, 0, 0, 0, 0, 0, , 0, 0, KONG-REY,
WP, 23, 2024103000,   , BEST, 0, 193N, 1246E, 107,  951, TY,   0, , 0, 0, 0, 0, 0, 0, 0, 0, 0, 0, 0, , 0, 0, KONG-REY,
WP, 23, 2024103006,   , BEST, 0, 198N, 1241E, 118,  940, TY,   0, , 0, 0, 0, 0, 0, 0, 0, 0, 0, 0, 0, , 0, 0, KONG-REY,
WP, 23, 2024103012,   , BEST, 0, 203N, 1235E, 131,  928, ST,   0, , 0, 0, 0, 0, 0, 0, 0, 0, 0, 0, 0, , 0, 0, KONG-REY,
WP, 23, 2024103018,   , BEST, 0, 210N, 1228E, 133,  926, ST,   0, , 0, 0, 0, 0, 0, 0, 0, 0, 0, 0, 0, , 0, 0, KONG-REY,
WP, 23, 2024103100,   , BEST, 0, 218N, 1221E, 126,  932, TY,   0, , 0, 0, 0, 0, 0, 0, 0, 0, 0, 0, 0, , 0, 0, KONG-REY,
WP, 23, 2024103106,   , BEST, 0, 227N, 1216E, 115,  943, TY,   0, , 0, 0, 0, 0, 0, 0, 0, 0, 0, 0, 0, , 0, 0, KONG-REY,
WP, 23, 2024103112,   , BEST, 0, 237N, 1210E,  97,  960, TY,   0, , 0, 0, 0, 0, 0, 0, 0, 0, 0, 0, 0, , 0, 0, KONG-REY,
WP, 23, 2024103118,   , BEST, 0, 246N, 1205E,  67,  981, TY,   0, , 0, 0, 0, 0, 0, 0, 0, 0, 0, 0, 0, , 0, 0, KONG-REY,
WP, 23, 2024110100,   , BEST, 0, 256N, 1206E,  65,  987, TY,   0, , 0, 0, 0, 0, 0, 0, 0, 0, 0, 0, 0, , 0, 0, KONG-REY,
WP, 23, 2024110106,   , BEST, 0, 269N, 1213E,  62,  988, TS,   0, , 0, 0, 0, 0, 0, 0, 0, 0, 0, 0, 0, , 0, 0, KONG-REY,
WP, 23, 2024110112,   , BEST, 0, 282N, 1226E,  55,  991, TS,   0, , 0, 0, 0, 0, 0, 0, 0, 0, 0, 0, 0, , 0, 0, KONG-REY,
WP, 23, 2024110118,   , BEST, 0, 295N, 1239E,  46,  995, TS,   0, , 0, 0, 0, 0, 0, 0, 0, 0, 0, 0, 0, , 0, 0, KONG-REY,
WP, 23, 2024110200,   , BEST, 0, 308N, 1258E,  43,  997, TS,   0, , 0, 0, 0, 0, 0, 0, 0, 0, 0, 0, 0, , 0, 0, KONG-REY,
WP, 23, 2024110206,   , BEST, 0, 319N, 1293E,  42,  998, TS,   0, , 0, 0, 0, 0, 0, 0, 0, 0, 0, 0, 0, , 0, 0, KONG-REY,
WP, 23, 2024110212,   , BEST, 0, 330N, 1332E,  40,  999, EX,   0, , 0, 0, 0, 0, 0, 0, 0, 0, 0, 0, 0, , 0, 0, KONG-REY,
WP, 23, 2024110218,   , BEST, 0, 341N, 1371E,  38,  999, EX,   0, , 0, 0, 0, 0, 0, 0, 0, 0, 0, 0, 0, , 0, 0, KONG-REY,
