WP, 97, 2024092518,   , BEST, 0, 233N, 1280E,  20, 1005, DB,   0, , 0, 0, 0, 0, 0, 0, 0, 0, 0, 0, 0, , 0, 0, INVEST,
WP, 97, 2024092600,   , BEST, 0, 226N, 1278E,  20, 1005, DB,   0, , 0, 0, 0, 0, 0, 0, 0, 0, 0, 0, 0, , 0, 0, INVEST,
WP, 97, 2024092606,   , BEST, 0, 221N, 1276E,  20, 1004, DB,   0, , 0, 0, 0, 0, 0, 0, 0, 0, 0, 0, 0, , 0, 0, INVEST,
WP, 97, 2024092612,   , BEST, 0, 217N, 1273E,  20, 1004, DB,   0, , 0, 0, 0, 0, 0, 0, 0, 0, 0, 0, 0, , 0, 0, INVEST,
WP, 20, 2024092618,   , BEST, 0, 212N, 1269E,  25, 1002, TD,   0, , 0, 0, 0, 0, 0, 0, 0, 0, 0, 0, 0, , 0, 0, TWENTY,
WP, 20, 2024092700,   , BEST, 0, 207N, 1265E,  25, 1001, TD,   0, , 0, 0, 0, 0, 0, 0, 0, 0, 0, 0, 0, , 0, 0, TWENTY,
WP, 20, 2024092706,   , BEST, 0, 202N, 1262E,  30,  999, TD,   0, , 0, 0, 0, 0, 0, 0, 0, 0, 0, 0, 0, , 0, 0, TWENTY,
WP, 20, 2024092712,   , BEST, 0, 197N, 1260E,  30,  998, TD,   0, , 0, 0, 0, 0, 0, 0, 0, 0, 0, 0, 0, , 0, 0, TWENTY,
WP, 20, 2024092718,   , BEST, 0, 192N, 1258E,  35,  996, TS,   0, , 0, 0, 0, 0, 0, 0, 0, 0, 0, 0, 0, , 0, 0, KRATHON,
WP, 20, 2024092800,   , BEST, 0, 188N, 1256E,  39,  994, TS,   0, , 0, 0, 0, 0, 0, 0, 0, 0, 0, 0, 0, , 0, 0, KRATHON,
WP, 20, 2024092806,   , BEST, 0, 185N, 1254E,  40,  997, TS,   0, , 0, 0, 0, 0, 0, 0, 0, 0, 0, 0, 0, , 0, 0, KRATHON,
WP, 20, 2024092812,   , BEST, 0, 185N, 1252E,  40,  997, TS,   0, , 0, 0, 0, 0, 0, 0, 0, 0, 0, 0, 0, , 0, 0, KRATHON,
WP, 20, 2024092818,   , BEST, 0, 186N, 1249E,  50,  992, TS,   0, , 0, 0, 0, 0, 0, 0, 0, 0, 0, 0, 0, , 0, 0, KRATHON,
WP, 20, 2024092900,   , BEST, 0, 188N, 1245E,  61,  986, TS,   0, , 0, 0, 0, 0, 0, 0, 0, 0, 0, 0, 0, , 0, 0, KRATHON,
WP, 20, 2024092906,   , BEST, 0, 191N, 1238E,  78,  975, TY,   0, , 0, 0, 0, 0, 0, 0, 0, 0, 0, 0, 0, , 0, 0, KRATHON,
WP, 20, 2024092912,   , BEST, 0, 195N, 1230E, 115,  940, TY,   0, , 0, 0, 0, 0, 0, 0, 0, 0, 0, 0, 0, , 0, 0, KRATHON,
WP, 20, 2024092918,   , BEST, 0, 199N, 1225E, 132,  922, ST,   0, , 0, 0, 0, 0, 0, 0, 0, 0, 0, 0, 0, , 0, 0, KRATHON,
WP, 20, 2024093000,   , BEST, 0, 202N, 1219E, 142,  909, ST,   0, , 0, 0, 0, 0, 0, 0, 0, 0, 0, 0, 0, , 0, 0, KRATHON,
WP, 20, 2024093006,   , BEST, 0, 204N, 1213E, 148,  899, ST,   0, , 0, 0, 0, 0, 0, 0, 0, 0, 0, 0, 0, , 0, 0, KRATHON,
WP, 20, 2024093012,   , BEST, 0, 207N, 1207E, 150,  897, ST,   0, , 0, 0, 0, 0, 0, 0, 0, 0, 0, 0, 0, , 0, 0, KRATHON,
WP, 20, 2024093018,   , BEST, 0, 209N, 1202E, 107,  940, TY,   0, , 0, 0, 0, 0, 0, 0, 0, 0, 0, 0, 0, , 0, 0, KRATHON,
WP, 20, 2024100100,   , BEST, 0, 211N, 1200E,  82,  969, TY,   0, , 0, 0, 0, 0, 0, 0, 0, 0, 0, 0, 0, , 0, 0, KRATHON,
WP, 20, 2024100106,   , BEST, 0, 214N, 1198E,  92,  962, TY,   0, , 0, 0, 0, 0, 0, 0, 0, 0, 0, 0, 0, , 0, 0, KRATHON,
WP, 20, 2024100112,   , BEST, 0, 217N, 1198E, 104,  952, TY,   0, , 0, 0, 0, 0, 0, 0, 0, 0, 0, 0, 0, , 0, 0, KRATHON,
WP, 20, 2024100118,   , BEST, 0, 220N, 1198E, 117,  939, TY,   0, , 0, 0, 0, 0, 0, 0, 0, 0, 0, 0, 0, , 0, 0, KRATHON,
WP, 20, 2024100200,   , BEST, 0, 223N, 1200E, 129,  926, ST,   0, , 0, 0, 0, 0, 0, 0, 0, 0, 0, 0, 0, , 0, 0, KRATHON,
WP, 20, 2024100206,   , BEST, 0, 226N, 1202E, 135,  917, ST,   0, , 0, 0, 0, 0, 0, 0, 0, 0, 0, 0, 0, , 0, 0, KRATHON,
WP, 20, 2024100212,   , BEST, 0, 231N, 1207E,  99,  948, TY,   0, , 0, 0, 0, 0, 0, 0, 0, 0, 0, 0, 0, , 0, 0, KRATHON,
WP, 20, 2024100218,   , BEST, 0, 236N, 1212E,  67,  978, TY,   0, , 0, 0, 0, 0, 0, 0, 0, 0, 0, 0, 0, , 0, 0, KRATHON,
WP, 20, 2024100300,   , BEST, 0, 242N, 1217E,  51,  987, TS,   0, , 0, 0, 0, 0, 0, 0, 0, 0, 0, 0, 0, , 0, 0, KRATHON,
WP, 20, 2024100306,   , BEST, 0, 247N, 1222E,  46,  990, TS,   0, , 0, 0, 0, 0, 0, 0, 0, 0, 0, 0, 0, , 0, 0, KRATHON,
WP, 20, 2024100312,   , BEST, 0, 252N, 1225E,  45,  990, TS,   0, , 0, 0, 0, 0, 0, 0, 0, 0, 0, 0, 0, , 0, 0, KRATHON,
WP, 20, 2024100318,   , BEST, 0, 257N, 1228E,  46,  992, TS,   0, , 0, 0, 0, 0, 0, 0, 0, 0, 0, 0, 0, , 0, 0, KRATHON,
WP, 20, 2024100400,   , BEST, 0, 262N, 1231E,  49,  990, TS,   0, , 0, 0, 0, 0, 0, 0, 0, 0, 0, 0, 0, , 0, 0, KRATHON,
WP, 20, 2024100406,   , BEST, 0, 267N, 1234E,  53,  988, TS,   0, , 0, 0, 0, 0, 0, 0, 0, 0, 0, 0, 0, , 0, 0, KRATHON,
WP, 20, 2024100412,   , BEST, 0, 273N, 1236E,  57,  986, TS,   0, , 0, 0, 0, 0, 0, 0, 0, 0, 0, 0, 0, , 0, 0, KRATHON,
WP, 20, 2024100418,   , BEST, 0, 280N, 1237E,  64,  983, TY,   0, , 0, 0, 0, 0, 0, 0, 0, 0, 0, 0, 0, , 0, 0, KRATHON,
WP, 20, 2024100500,   , BEST, 0, 286N, 1238E,  71,  979, TY,   0, , 0, 0, 0, 0, 0, 0, 0, 0, 0, 0, 0, , 0, 0, KRATHON,
WP, 20, 2024100506,   , BEST, 0, 292N, 1239E,  73,  978, TY,   0, , 0, 0, 0, 0, 0, 0, 0, 0, 0, 0, 0, , 0, 0, KRATHON,
WP, 20, 2024100512,   , BEST, 0, 299N, 1241E,  63,  980, TS,   0, , 0, 0, 0, 0, 0, 0, 0, 0, 0, 0, 0, , 0, 0, KRATHON,
WP, 20, 2024100518,   , BEST, 0, 309N, 1244E,  56,  982, TS,   0, , 0, 0, 0, 0, 0, 0, 0, 0, 0, 0, 0, , 0, 0, KRATHON,
WP, 20, 2024100600,   , BEST, 0, 320N, 1249E,  49,  985, TS,   0, , 0, 0, 0, 0, 0, 0, 0, 0, 0, 0, 0, , 0, 0, KRATHON,
WP, 20, 2024100606,   , BEST, 0, 332N, 1255E,  42,  988, TS,   0, , 0, 0, 0, 0, 0, 0, 0, 0, 0, 0, 0, , 0, 0, KRATHON,
WP, 20, 2024100612,   , BEST, 0, 345N, 1262E,  36,  990, TS,   0, , 0, 0, 0, 0, 0, 0, 0, 0, 0, 0, 0, , 0, 0, KRATHON,
WP, 20, 2024100618,   , BEST, 0, 360N, 1271E,  32,  993, EX,   0, , 0, 0, 0, 0, 0, 0, 0, 0, 0, 0, 0, , 0, 0, KRATHON,
WP, 20, 2024100700,   , BEST, 0, 377N, 1285E,  31,  994, EX,   0, , 0, 0, 0, 0, 0, 0, 0, 0, 0, 0, 0, , 0, 0, KRATHON,
