WP, 95, 2014061200,   , CHP6, 0, 180N, 1154E,  20, 1008, DB,   0, , 0, 0, 0, 0, 0, 0, 0, 0, 0, 0, 0, , 0, 0, INVEST,
WP, 95, 2014061206,   , CHP6, 0, 181N, 1155E,  20, 1008, DB,   0, , 0, 0, 0, 0, 0, 0, 0, 0, 0, 0, 0, , 0, 0, INVEST,
WP, 07, 2014061212,   , CHP6, 0, 183N, 1156E,  25, 1006, TD,   0, , 0, 0, 0, 0, 0, 0, 0, 0, 0, 0, 0, , 0, 0, SEVEN,
WP, 07, 2014061218,   , CHP6, 0, 185N, 1159E,  30, 1004, TD,   0, , 0, 0, 0, 0, 0, 0, 0, 0, 0, 0, 0, , 0, 0, SEVEN,
WP, 07, 2014061300,   , CHP6, 0, 189N, 1161E,  30, 1004, TD,   0, , 0, 0, 0, 0, 0, 0, 0, 0, 0, 0, 0, , 0, 0, SEVEN,
WP, 07, 2014061306,   , CHP6, 0, 193N, 1165E,  35, 1000, TS,   0, , 0, 0, 0, 0, 0, 0, 0, 0, 0, 0, 0, , 0, 0, HAGIBIS,
WP, 07, 2014061312,   , CHP6, 0, 196N, 1168E,  35, 1000, TS,   0, , 0, 0, 0, 0, 0, 0, 0, 0, 0, 0, 0, , 0, 0, HAGIBIS,
WP, 07, 2014061318,   , CHP6, 0, 201N, 1170E,  40,  998, TS,   0, , 0, 0, 0, 0, 0, 0, 0, 0, 0, 0, 0, , 0, 0, HAGIBIS,
WP, 07, 2014061400,   , CHP6, 0, 204N, 1169E,  40,  998, TS,   0, , 0, 0, 0, 0, 0, 0, 0, 0, 0, 0, 0, , 0, 0, HAGIBIS,
WP, 07, 2014061406,   , CHP6, 0, 208N, 1168E,  45,  996, TS,   0, , 0, 0, 0, 0, 0, 0, 0, 0, 0, 0, 0, , 0, 0, HAGIBIS,
WP, 07, 2014061412,   , CHP6, 0, 212N, 1167E,  50,  992, TS,   0, , 0, 0, 0, 0, 0, 0, 0, 0, 0, 0, 0, , 0, 0, HAGIBIS,
WP, 07, 2014061418,   , CHP6, 0, 216N, 1167E,  54,  990, TS,   0, , 0, 0, 0, 0, 0, 0, 0, 0, 0, 0, 0, , 0, 0, HAGIBIS,
WP, 07, 2014061500,   , CHP6, 0, 220N, 1167E,  60,  987, TS,   0, , 0, 0, 0, 0, 0, 0, 0, 0, 0, 0, 0, , 0, 0, HAGIBIS,
WP, 07, 2014061506,   , CHP6, 0, 224N, 1167E,  55,  989, TS,   0, , 0, 0, 0, 0, 0, 0, 0, 0, 0, 0, 0, , 0, 0, HAGIBIS,
WP, 07, 2014061512,   , CHP6, 0, 229N, 1166E,  56,  988, TS,   0, , 0, 0, 0, 0, 0, 0, 0, 0, 0, 0, 0, , 0, 0, HAGIBIS,
WP, 07, 2014061518,   , CHP6, 0, 235N, 1167E,  59,  986, TS,   0, , 0, 0, 0, 0, 0, 0, 0, 0, 0, 0, 0, , 0, 0, HAGIBIS,
WP, 07, 2014061600,   , CHP6, 0, 241N, 1170E,  50,  992, TS,   0, , 0, 0, 0, 0, 0, 0, 0, 0, 0, 0, 0, , 0, 0, HAGIBIS,
WP, 07, 2014061606,   , CHP6, 0, 247N, 1178E,  42,  997, TS,   0, , 0, 0, 0, 0, 0, 0, 0, 0, 0, 0, 0, , 0, 0, HAGIBIS,
WP, 07, 2014061612,   , CHP6, 0, 254N, 1189E,  36,  999, TS,   0, , 0, 0, 0, 0, 0, 0, 0, 0, 0, 0, 0, , 0, 0, HAGIBIS,
WP, 07, 2014061618,   , CHP6, 0, 263N, 1203E,  31, 1003, TD,   0, , 0, 0, 0, 0, 0, 0, 0, 0, 0, 0, 0, , 0, 0, HAGIBIS,
WP, 07, 2014061700,   , CHP6, 0, 275N, 1229E,  33, 1002, TD,   0, , 0, 0, 0, 0, 0, 0, 0, 0, 0, 0, 0, , 0, 0, HAGIBIS,
WP, 07, 2014061706,   , CHP6, 0, 287N, 1253E,  34, 1002, TS,   0, , 0, 0, 0, 0, 0, 0, 0, 0, 0, 0, 0, , 0, 0, HAGIBIS,
WP, 07, 2014061712,   , CHP6, 0, 298N, 1284E,  34, 1002, TS,   0, , 0, 0, 0, 0, 0, 0, 0, 0, 0, 0, 0, , 0, 0, HAGIBIS,
WP, 07, 2014061718,   , CHP6, 0, 305N, 1317E,  34, 1002, TS,   0, , 0, 0, 0, 0, 0, 0, 0, 0, 0, 0, 0, , 0, 0, HAGIBIS,
WP, 07, 2014061800,   , CHP6, 0, 313N, 1351E,  35, 1002, TS,   0, , 0, 0, 0, 0, 0, 0, 0, 0, 0, 0, 0, , 0, 0, HAGIBIS,
WP, 07, 2014061806,   , CHP6, 0, 317N, 1391E,  35, 1002, TS,   0, , 0, 0, 0, 0, 0, 0, 0, 0, 0, 0, 0, , 0, 0, HAGIBIS,
WP, 07, 2014061812,   , CHP6, 0, 322N, 1432E,  35, 1002, TD,   0, , 0, 0, 0, 0, 0, 0, 0, 0, 0, 0, 0, , 0, 0, HAGIBIS,
WP, 07, 2014061818,   , CHP6, 0, 326N, 1456E,  30, 1004, TD,   0, , 0, 0, 0, 0, 0, 0, 0, 0, 0, 0, 0, , 0, 0, HAGIBIS,
WP, 07, 2014061900,   , CHP6, 0, 329N, 1480E,  35, 1002, EX,   0, , 0, 0, 0, 0, 0, 0, 0, 0, 0, 0, 0, , 0, 0, HAGIBIS,
WP, 07, 2014061906,   , CHP6, 0, 331N, 1503E,  35, 1002, EX,   0, , 0, 0, 0, 0, 0, 0, 0, 0, 0, 0, 0, , 0, 0, HAGIBIS,
WP, 07, 2014061912,   , CHP6, 0, 332N, 1523E,  35, 1002, EX,   0, , 0, 0, 0, 0, 0, 0, 0, 0, 0, 0, 0, , 0, 0, HAGIBIS,
WP, 07, 2014061918,   , CHP6, 0, 333N, 1541E,  35, 1002, EX,   0, , 0, 0, 0, 0, 0, 0, 0, 0, 0, 0, 0, , 0, 0, HAGIBIS,
WP, 07, 2014062000,   , CHP6, 0, 334N, 1562E,  35, 1002, EX,   0, , 0, 0, 0, 0, 0, 0, 0, 0, 0, 0, 0, , 0, 0, HAGIBIS,
WP, 07, 2014062006,   , CHP6, 0, 340N, 1585E,  35, 1002, EX,   0, , 0, 0, 0, 0, 0, 0, 0, 0, 0, 0, 0, , 0, 0, HAGIBIS,
WP, 07, 2014062012,   , CHP6, 0, 350N, 1603E,  35, 1002, EX,   0, , 0, 0, 0, 0, 0, 0, 0, 0, 0, 0, 0, , 0, 0, HAGIBIS,
WP, 07, 2014062018,   , CHP6, 0, 357N, 1618E,  35, 1002, EX,   0, , 0, 0, 0, 0, 0, 0, 0, 0, 0, 0, 0, , 0, 0, HAGIBIS,
WP, 07, 2014062100,   , CHP6, 0, 367N, 1632E,  35, 1002, EX,   0, , 0, 0, 0, 0, 0, 0, 0, 0, 0, 0, 0, , 0, 0, HAGIBIS,
WP, 07, 2014062106,   , CHP6, 0, 377N, 1648E,  35, 1002, EX,   0, , 0, 0, 0, 0, 0, 0, 0, 0, 0, 0, 0, , 0, 0, HAGIBIS,
WP, 07, 2014062112,   , CHP6, 0, 387N, 1664E,  35, 1002, EX,   0, , 0, 0, 0, 0, 0, 0, 0, 0, 0, 0, 0, , 0, 0, HAGIBIS,
WP, 07, 2014062118,   , CHP6, 0, 396N, 1693E,  35, 1002, EX,   0, , 0, 0, 0, 0, 0, 0, 0, 0, 0, 0, 0, , 0, 0, HAGIBIS,
WP, 07, 2014062200,   , CHP6, 0, 404N, 1722E,  35, 1002, EX,   0, , 0, 0, 0, 0, 0, 0, 0, 0, 0, 0, 0, , 0, 0, HAGIBIS,
WP, 07, 2014062206,   , CHP6, 0, 416N, 1752E,  35, 1002, EX,   0, , 0, 0, 0, 0, 0, 0, 0, 0, 0, 0, 0, , 0, 0, HAGIBIS,
WP, 07, 2014062212,   , CHP6, 0, 429N, 1770E,  35, 1002, EX,   0, , 0, 0, 0, 0, 0, 0, 0, 0, 0, 0, 0, , 0, 0, HAGIBIS,
WP, 07, 2014062218,   , CHP6, 0, 436N, 1789E,  35, 1002, EX,   0, , 0, 0, 0, 0, 0, 0, 0, 0, 0, 0, 0, , 0, 0, HAGIBIS,
