WP, 94, 2014090900,   , CHP6, 0,  76N, 1510E,  15, 1010, DB,   0, , 0, 0, 0, 0, 0, 0, 0, 0, 0, 0, 0, , 0, 0, INVEST,
WP, 94, 2014090906,   , CHP6, 0,  79N, 1497E,  15, 1008, DB,   0, , 0, 0, 0, 0, 0, 0, 0, 0, 0, 0, 0, , 0, 0, INVEST,
WP, 94, 2014090912,   , CHP6, 0,  83N, 1483E,  20, 1005, DB,   0, , 0, 0, 0, 0, 0, 0, 0, 0, 0, 0, 0, , 0, 0, INVEST,
WP, 94, 2014090918,   , CHP6, 0,  88N, 1470E,  20, 1003, DB,   0, , 0, 0, 0, 0, 0, 0, 0, 0, 0, 0, 0, , 0, 0, INVEST,
WP, 94, 2014091000,   , CHP6, 0,  92N, 1455E,  20, 1000, DB,   0, , 0, 0, 0, 0, 0, 0, 0, 0, 0, 0, 0, , 0, 0, INVEST,
WP, 15, 2014091006,   , CHP6, 0,  95N, 1439E,  25,  999, TD,   0, , 0, 0, 0, 0, 0, 0, 0, 0, 0, 0, 0, , 0, 0, FIFTEEN,
WP, 15, 2014091012,   , CHP6, 0,  99N, 1424E,  30,  997, TD,   0, , 0, 0, 0, 0, 0, 0, 0, 0, 0, 0, 0, , 0, 0, FIFTEEN,
WP, 15, 2014091018,   , CHP6, 0, 103N, 1410E,  25,  998, TD,   0, , 0, 0, 0, 0, 0, 0, 0, 0, 0, 0, 0, , 0, 0, FIFTEEN,
WP, 15, 2014091100,   , CHP6, 0, 114N, 1396E,  20,  999, DB,   0, , 0, 0, 0, 0, 0, 0, 0, 0, 0, 0, 0, , 0, 0, FIFTEEN,
WP, 15, 2014091106,   , CHP6, 0, 128N, 1383E,  20,  999, DB,   0, , 0, 0, 0, 0, 0, 0, 0, 0, 0, 0, 0, , 0, 0, FIFTEEN,
WP, 15, 2014091112,   , CHP6, 0, 137N, 1363E,  25,  998, TD,   0, , 0, 0, 0, 0, 0, 0, 0, 0, 0, 0, 0, , 0, 0, FIFTEEN,
WP, 15, 2014091118,   , CHP6, 0, 138N, 1339E,  30,  998, TD,   0, , 0, 0, 0, 0, 0, 0, 0, 0, 0, 0, 0, , 0, 0, FIFTEEN,
WP, 15, 2014091200,   , CHP6, 0, 138N, 1323E,  35,  997, TS,   0, , 0, 0, 0, 0, 0, 0, 0, 0, 0, 0, 0, , 0, 0, KALMAEGI,
WP, 15, 2014091206,   , CHP6, 0, 137N, 1310E,  40,  996, TS,   0, , 0, 0, 0, 0, 0, 0, 0, 0, 0, 0, 0, , 0, 0, KALMAEGI,
WP, 15, 2014091212,   , CHP6, 0, 137N, 1302E,  50,  994, TS,   0, , 0, 0, 0, 0, 0, 0, 0, 0, 0, 0, 0, , 0, 0, KALMAEGI,
WP, 15, 2014091218,   , CHP6, 0, 138N, 1294E,  45,  990, TS,   0, , 0, 0, 0, 0, 0, 0, 0, 0, 0, 0, 0, , 0, 0, KALMAEGI,
WP, 15, 2014091300,   , CHP6, 0, 140N, 1285E,  63,  987, TS,   0, , 0, 0, 0, 0, 0, 0, 0, 0, 0, 0, 0, , 0, 0, KALMAEGI,
WP, 15, 2014091306,   , CHP6, 0, 144N, 1275E,  68,  984, TY,   0, , 0, 0, 0, 0, 0, 0, 0, 0, 0, 0, 0, , 0, 0, KALMAEGI,
WP, 15, 2014091312,   , CHP6, 0, 150N, 1265E,  77,  978, TY,   0, , 0, 0, 0, 0, 0, 0, 0, 0, 0, 0, 0, , 0, 0, KALMAEGI,
WP, 15, 2014091318,   , CHP6, 0, 156N, 1255E,  82,  975, TY,   0, , 0, 0, 0, 0, 0, 0, 0, 0, 0, 0, 0, , 0, 0, KALMAEGI,
WP, 15, 2014091400,   , CHP6, 0, 161N, 1245E, 103,  958, TY,   0, , 0, 0, 0, 0, 0, 0, 0, 0, 0, 0, 0, , 0, 0, KALMAEGI,
WP, 15, 2014091406,   , CHP6, 0, 166N, 1234E, 123,  937, TY,   0, , 0, 0, 0, 0, 0, 0, 0, 0, 0, 0, 0, , 0, 0, KALMAEGI,
WP, 15, 2014091412,   , CHP6, 0, 171N, 1223E, 134,  926, ST,   0, , 0, 0, 0, 0, 0, 0, 0, 0, 0, 0, 0, , 0, 0, KALMAEGI,
WP, 15, 2014091418,   , CHP6, 0, 177N, 1211E, 104,  956, TY,   0, , 0, 0, 0, 0, 0, 0, 0, 0, 0, 0, 0, , 0, 0, KALMAEGI,
WP, 15, 2014091500,   , CHP6, 0, 183N, 1197E,  77,  976, TY,   0, , 0, 0, 0, 0, 0, 0, 0, 0, 0, 0, 0, , 0, 0, KALMAEGI,
WP, 15, 2014091506,   , CHP6, 0, 188N, 1183E,  83,  976, TY,   0, , 0, 0, 0, 0, 0, 0, 0, 0, 0, 0, 0, , 0, 0, KALMAEGI,
WP, 15, 2014091512,   , CHP6, 0, 192N, 1168E, 100,  964, TY,   0, , 0, 0, 0, 0, 0, 0, 0, 0, 0, 0, 0, , 0, 0, KALMAEGI,
WP, 15, 2014091518,   , CHP6, 0, 197N, 1154E, 112,  950, TY,   0, , 0, 0, 0, 0, 0, 0, 0, 0, 0, 0, 0, , 0, 0, KALMAEGI,
WP, 15, 2014091600,   , CHP6, 0, 201N, 1139E, 123,  937, TY,   0, , 0, 0, 0, 0, 0, 0, 0, 0, 0, 0, 0, , 0, 0, KALMAEGI,
WP, 15, 2014091606,   , CHP6, 0, 205N, 1124E, 128,  930, ST,   0, , 0, 0, 0, 0, 0, 0, 0, 0, 0, 0, 0, , 0, 0, KALMAEGI,
WP, 15, 2014091612,   , CHP6, 0, 209N, 1109E, 132,  927, ST,   0, , 0, 0, 0, 0, 0, 0, 0, 0, 0, 0, 0, , 0, 0, KALMAEGI,
WP, 15, 2014091618,   , CHP6, 0, 214N, 1095E,  94,  958, TY,   0, , 0, 0, 0, 0, 0, 0, 0, 0, 0, 0, 0, , 0, 0, KALMAEGI,
WP, 15, 2014091700,   , CHP6, 0, 217N, 1080E,  73,  978, TY,   0, , 0, 0, 0, 0, 0, 0, 0, 0, 0, 0, 0, , 0, 0, KALMAEGI,
WP, 15, 2014091706,   , CHP6, 0, 220N, 1065E,  57,  986, TS,   0, , 0, 0, 0, 0, 0, 0, 0, 0, 0, 0, 0, , 0, 0, KALMAEGI,
WP, 15, 2014091712,   , CHP6, 0, 223N, 1050E,  47,  992, TS,   0, , 0, 0, 0, 0, 0, 0, 0, 0, 0, 0, 0, , 0, 0, KALMAEGI,
WP, 15, 2014091718,   , CHP6, 0, 227N, 1035E,  41,  995, TS,   0, , 0, 0, 0, 0, 0, 0, 0, 0, 0, 0, 0, , 0, 0, KALMAEGI,
WP, 15, 2014091800,   , CHP6, 0, 229N, 1020E,  37,  996, TS,   0, , 0, 0, 0, 0, 0, 0, 0, 0, 0, 0, 0, , 0, 0, KALMAEGI,
WP, 15, 2014091806,   , CHP6, 0, 231N, 1006E,  34,  998, TS,   0, , 0, 0, 0, 0, 0, 0, 0, 0, 0, 0, 0, , 0, 0, KALMAEGI,
WP, 15, 2014091812,   , CHP6, 0, 233N,  992E,  23,  999, DB,   0, , 0, 0, 0, 0, 0, 0, 0, 0, 0, 0, 0, , 0, 0, KALMAEGI,
WP, 15, 2014091818,   , CHP6, 0, 235N,  977E,  17,  999, DB,   0, , 0, 0, 0, 0, 0, 0, 0, 0, 0, 0, 0, , 0, 0, KALMAEGI,
