WP, 90, 2014093012,   , CHP6, 0,  45N, 1701E,  15, 1007, DB,   0, , 0, 0, 0, 0, 0, 0, 0, 0, 0, 0, 0, , 0, 0, INVEST,
WP, 90, 2014093018,   , CHP6, 0,  46N, 1694E,  15, 1006, DB,   0, , 0, 0, 0, 0, 0, 0, 0, 0, 0, 0, 0, , 0, 0, INVEST,
WP, 90, 2014100100,   , CHP6, 0,  47N, 1689E,  15, 1006, DB,   0, , 0, 0, 0, 0, 0, 0, 0, 0, 0, 0, 0, , 0, 0, INVEST,
WP, 90, 2014100106,   , CHP6, 0,  49N, 1680E,  20, 1005, DB,   0, , 0, 0, 0, 0, 0, 0, 0, 0, 0, 0, 0, , 0, 0, INVEST,
WP, 19, 2014100112,   , CHP6, 0,  53N, 1667E,  25, 1003, TD,   0, , 0, 0, 0, 0, 0, 0, 0, 0, 0, 0, 0, , 0, 0, NINETEEN,
WP, 19, 2014100118,   , CHP6, 0,  55N, 1657E,  25, 1003, TD,   0, , 0, 0, 0, 0, 0, 0, 0, 0, 0, 0, 0, , 0, 0, NINETEEN,
WP, 19, 2014100200,   , CHP6, 0,  59N, 1646E,  25, 1003, TD,   0, , 0, 0, 0, 0, 0, 0, 0, 0, 0, 0, 0, , 0, 0, NINETEEN,
WP, 19, 2014100206,   , CHP6, 0,  65N, 1633E,  30, 1003, TD,   0, , 0, 0, 0, 0, 0, 0, 0, 0, 0, 0, 0, , 0, 0, NINETEEN,
WP, 19, 2014100212,   , CHP6, 0,  71N, 1618E,  35, 1002, TS,   0, , 0, 0, 0, 0, 0, 0, 0, 0, 0, 0, 0, , 0, 0, VONGFONG,
WP, 19, 2014100218,   , CHP6, 0,  77N, 1606E,  40, 1000, TS,   0, , 0, 0, 0, 0, 0, 0, 0, 0, 0, 0, 0, , 0, 0, VONGFONG,
WP, 19, 2014100300,   , CHP6, 0,  81N, 1596E,  45,  996, TS,   0, , 0, 0, 0, 0, 0, 0, 0, 0, 0, 0, 0, , 0, 0, VONGFONG,
WP, 19, 2014100306,   , CHP6, 0,  84N, 1586E,  35,  996, TS,   0, , 0, 0, 0, 0, 0, 0, 0, 0, 0, 0, 0, , 0, 0, VONGFONG,
WP, 19, 2014100312,   , CHP6, 0,  88N, 1575E,  41,  998, TS,   0, , 0, 0, 0, 0, 0, 0, 0, 0, 0, 0, 0, , 0, 0, VONGFONG,
WP, 19, 2014100318,   , CHP6, 0,  93N, 1564E,  43,  997, TS,   0, , 0, 0, 0, 0, 0, 0, 0, 0, 0, 0, 0, , 0, 0, VONGFONG,
WP, 19, 2014100400,   , CHP6, 0,  96N, 1552E,  48,  995, TS,   0, , 0, 0, 0, 0, 0, 0, 0, 0, 0, 0, 0, , 0, 0, VONGFONG,
WP, 19, 2014100406,   , CHP6, 0, 102N, 1542E,  59,  990, TS,   0, , 0, 0, 0, 0, 0, 0, 0, 0, 0, 0, 0, , 0, 0, VONGFONG,
WP, 19, 2014100412,   , CHP6, 0, 107N, 1531E,  73,  982, TY,   0, , 0, 0, 0, 0, 0, 0, 0, 0, 0, 0, 0, , 0, 0, VONGFONG,
WP, 19, 2014100418,   , CHP6, 0, 112N, 1520E, 100,  962, TY,   0, , 0, 0, 0, 0, 0, 0, 0, 0, 0, 0, 0, , 0, 0, VONGFONG,
WP, 19, 2014100500,   , CHP6, 0, 118N, 1509E, 135,  926, ST,   0, , 0, 0, 0, 0, 0, 0, 0, 0, 0, 0, 0, , 0, 0, VONGFONG,
WP, 19, 2014100506,   , CHP6, 0, 124N, 1497E, 167,  886, ST,   0, , 0, 0, 0, 0, 0, 0, 0, 0, 0, 0, 0, , 0, 0, VONGFONG,
WP, 19, 2014100512,   , CHP6, 0, 130N, 1485E, 178,  869, ST,   0, , 0, 0, 0, 0, 0, 0, 0, 0, 0, 0, 0, , 0, 0, VONGFONG,
WP, 19, 2014100518,   , CHP6, 0, 136N, 1472E, 167,  880, ST,   0, , 0, 0, 0, 0, 0, 0, 0, 0, 0, 0, 0, , 0, 0, VONGFONG,
WP, 19, 2014100600,   , CHP6, 0, 143N, 1460E, 155,  894, ST,   0, , 0, 0, 0, 0, 0, 0, 0, 0, 0, 0, 0, , 0, 0, VONGFONG,
WP, 19, 2014100606,   , CHP6, 0, 150N, 1448E, 150,  902, ST,   0, , 0, 0, 0, 0, 0, 0, 0, 0, 0, 0, 0, , 0, 0, VONGFONG,
WP, 19, 2014100612,   , CHP6, 0, 157N, 1436E, 148,  903, ST,   0, , 0, 0, 0, 0, 0, 0, 0, 0, 0, 0, 0, , 0, 0, VONGFONG,
WP, 19, 2014100618,   , CHP6, 0, 163N, 1424E, 146,  905, ST,   0, , 0, 0, 0, 0, 0, 0, 0, 0, 0, 0, 0, , 0, 0, VONGFONG,
WP, 19, 2014100700,   , CHP6, 0, 168N, 1413E, 134,  917, ST,   0, , 0, 0, 0, 0, 0, 0, 0, 0, 0, 0, 0, , 0, 0, VONGFONG,
WP, 19, 2014100706,   , CHP6, 0, 172N, 1403E, 125,  926, TY,   0, , 0, 0, 0, 0, 0, 0, 0, 0, 0, 0, 0, , 0, 0, VONGFONG,
WP, 19, 2014100712,   , CHP6, 0, 175N, 1392E, 128,  930, ST,   0, , 0, 0, 0, 0, 0, 0, 0, 0, 0, 0, 0, , 0, 0, VONGFONG,
WP, 19, 2014100718,   , CHP6, 0, 176N, 1382E, 130,  928, ST,   0, , 0, 0, 0, 0, 0, 0, 0, 0, 0, 0, 0, , 0, 0, VONGFONG,
WP, 19, 2014100800,   , CHP6, 0, 177N, 1372E, 135,  924, ST,   0, , 0, 0, 0, 0, 0, 0, 0, 0, 0, 0, 0, , 0, 0, VONGFONG,
WP, 19, 2014100806,   , CHP6, 0, 177N, 1362E, 141,  917, ST,   0, , 0, 0, 0, 0, 0, 0, 0, 0, 0, 0, 0, , 0, 0, VONGFONG,
WP, 19, 2014100812,   , CHP6, 0, 177N, 1353E, 145,  911, ST,   0, , 0, 0, 0, 0, 0, 0, 0, 0, 0, 0, 0, , 0, 0, VONGFONG,
WP, 19, 2014100818,   , CHP6, 0, 177N, 1343E, 142,  914, ST,   0, , 0, 0, 0, 0, 0, 0, 0, 0, 0, 0, 0, , 0, 0, VONGFONG,
WP, 19, 2014100900,   , CHP6, 0, 178N, 1332E, 149,  910, ST,   0, , 0, 0, 0, 0, 0, 0, 0, 0, 0, 0, 0, , 0, 0, VONGFONG,
WP, 19, 2014100906,   , CHP6, 0, 179N, 1322E, 146,  913, ST,   0, , 0, 0, 0, 0, 0, 0, 0, 0, 0, 0, 0, , 0, 0, VONGFONG,
WP, 19, 2014100912,   , CHP6, 0, 182N, 1315E, 138,  924, ST,   0, , 0, 0, 0, 0, 0, 0, 0, 0, 0, 0, 0, , 0, 0, VONGFONG,
WP, 19, 2014100918,   , CHP6, 0, 184N, 1310E, 115,  938, TY,   0, , 0, 0, 0, 0, 0, 0, 0, 0, 0, 0, 0, , 0, 0, VONGFONG,
WP, 19, 2014101000,   , CHP6, 0, 187N, 1306E, 112,  943, TY,   0, , 0, 0, 0, 0, 0, 0, 0, 0, 0, 0, 0, , 0, 0, VONGFONG,
WP, 19, 2014101006,   , CHP6, 0, 191N, 1304E, 117,  938, TY,   0, , 0, 0, 0, 0, 0, 0, 0, 0, 0, 0, 0, , 0, 0, VONGFONG,
WP, 19, 2014101012,   , CHP6, 0, 196N, 1301E, 128,  927, ST,   0, , 0, 0, 0, 0, 0, 0, 0, 0, 0, 0, 0, , 0, 0, VONGFONG,
WP, 19, 2014101018,   , CHP6, 0, 202N, 1300E, 138,  916, ST,   0, , 0, 0, 0, 0, 0, 0, 0, 0, 0, 0, 0, , 0, 0, VONGFONG,
WP, 19, 2014101100,   , CHP6, 0, 208N, 1300E, 135,  920, ST,   0, , 0, 0, 0, 0, 0, 0, 0, 0, 0, 0, 0, , 0, 0, VONGFONG,
WP, 19, 2014101106,   , CHP6, 0, 216N, 1300E, 130,  926, ST,   0, , 0, 0, 0, 0, 0, 0, 0, 0, 0, 0, 0, , 0, 0, VONGFONG,
WP, 19, 2014101112,   , CHP6, 0, 223N, 1300E, 121,  935, TY,   0, , 0, 0, 0, 0, 0, 0, 0, 0, 0, 0, 0, , 0, 0, VONGFONG,
WP, 19, 2014101118,   , CHP6, 0, 230N, 1300E, 110,  945, TY,   0, , 0, 0, 0, 0, 0, 0, 0, 0, 0, 0, 0, , 0, 0, VONGFONG,
WP, 19, 2014101200,   , CHP6, 0, 238N, 1301E,  99,  956, TY,   0, , 0, 0, 0, 0, 0, 0, 0, 0, 0, 0, 0, , 0, 0, VONGFONG,
WP, 19, 2014101206,   , CHP6, 0, 245N, 1302E,  89,  966, TY,   0, , 0, 0, 0, 0, 0, 0, 0, 0, 0, 0, 0, , 0, 0, VONGFONG,
WP, 19, 2014101212,   , CHP6, 0, 252N, 1302E,  81,  972, TY,   0, , 0, 0, 0, 0, 0, 0, 0, 0, 0, 0, 0, , 0, 0, VONGFONG,
WP, 19, 2014101218,   , CHP6, 0, 260N, 1300E,  80,  976, TY,   0, , 0, 0, 0, 0, 0, 0, 0, 0, 0, 0, 0, , 0, 0, VONGFONG,
WP, 19, 2014101300,   , CHP6, 0, 267N, 1298E,  77,  978, TY,   0, , 0, 0, 0, 0, 0, 0, 0, 0, 0, 0, 0, , 0, 0, VONGFONG,
WP, 19, 2014101306,   , CHP6, 0, 275N, 1296E,  75,  980, TY,   0, , 0, 0, 0, 0, 0, 0, 0, 0, 0, 0, 0, , 0, 0, VONGFONG,
WP, 19, 2014101312,   , CHP6, 0, 282N, 1294E,  75,  982, TY,   0, , 0, 0, 0, 0, 0, 0, 0, 0, 0, 0, 0, , 0, 0, VONGFONG,
WP, 19, 2014101318,   , CHP6, 0, 290N, 1296E,  76,  984, TY,   0, , 0, 0, 0, 0, 0, 0, 0, 0, 0, 0, 0, , 0, 0, VONGFONG,
WP, 19, 2014101400,   , CHP6, 0, 298N, 1299E,  77,  985, TY,   0, , 0, 0, 0, 0, 0, 0, 0, 0, 0, 0, 0, , 0, 0, VONGFONG,
WP, 19, 2014101406,   , CHP6, 0, 308N, 1306E,  77,  987, TY,   0, , 0, 0, 0, 0, 0, 0, 0, 0, 0, 0, 0, , 0, 0, VONGFONG,
WP, 19, 2014101412,   , CHP6, 0, 319N, 1320E,  74,  989, TY,   0, , 0, 0, 0, 0, 0, 0, 0, 0, 0, 0, 0, , 0, 0, VONGFONG,
WP, 19, 2014101418,   , CHP6, 0, 331N, 1341E,  58,  992, TS,   0, , 0, 0, 0, 0, 0, 0, 0, 0, 0, 0, 0, , 0, 0, VONGFONG,
WP, 19, 2014101500,   , CHP6, 0, 348N, 1368E,  48,  994, TS,   0, , 0, 0, 0, 0, 0, 0, 0, 0, 0, 0, 0, , 0, 0, VONGFONG,
WP, 19, 2014101506,   , CHP6, 0, 365N, 1395E,  42,  997, TS,   0, , 0, 0, 0, 0, 0, 0, 0, 0, 0, 0, 0, , 0, 0, VONGFONG,
WP, 19, 2014101512,   , CHP6, 0, 382N, 1422E,  39,  997, EX,   0, , 0, 0, 0, 0, 0, 0, 0, 0, 0, 0, 0, , 0, 0, VONGFONG,
WP, 19, 2014101518,   , CHP6, 0, 399N, 1449E,  36,  998, EX,   0, , 0, 0, 0, 0, 0, 0, 0, 0, 0, 0, 0, , 0, 0, VONGFONG,
