WP, 99, 2014092600,   , CHP6, 0,  79N, 1652E,  15, 1010, DB,   0, , 0, 0, 0, 0, 0, 0, 0, 0, 0, 0, 0, , 0, 0, INVEST,
WP, 99, 2014092606,   , CHP6, 0,  81N, 1647E,  20, 1008, DB,   0, , 0, 0, 0, 0, 0, 0, 0, 0, 0, 0, 0, , 0, 0, INVEST,
WP, 18, 2014092612,   , CHP6, 0,  85N, 1641E,  25, 1006, TD,   0, , 0, 0, 0, 0, 0, 0, 0, 0, 0, 0, 0, , 0, 0, EIGHTEEN,
WP, 18, 2014092618,   , CHP6, 0,  88N, 1635E,  30, 1004, TD,   0, , 0, 0, 0, 0, 0, 0, 0, 0, 0, 0, 0, , 0, 0, EIGHTEEN,
WP, 18, 2014092700,   , CHP6, 0,  89N, 1625E,  35, 1000, TS,   0, , 0, 0, 0, 0, 0, 0, 0, 0, 0, 0, 0, , 0, 0, PHANFONE,
WP, 18, 2014092706,   , CHP6, 0,  92N, 1617E,  40,  998, TS,   0, , 0, 0, 0, 0, 0, 0, 0, 0, 0, 0, 0, , 0, 0, PHANFONE,
WP, 18, 2014092712,   , CHP6, 0,  95N, 1607E,  35, 1000, TS,   0, , 0, 0, 0, 0, 0, 0, 0, 0, 0, 0, 0, , 0, 0, PHANFONE,
WP, 18, 2014092718,   , CHP6, 0,  98N, 1595E,  45,  996, TS,   0, , 0, 0, 0, 0, 0, 0, 0, 0, 0, 0, 0, , 0, 0, PHANFONE,
WP, 18, 2014092800,   , CHP6, 0, 104N, 1581E,  40,  998, TS,   0, , 0, 0, 0, 0, 0, 0, 0, 0, 0, 0, 0, , 0, 0, PHANFONE,
WP, 18, 2014092806,   , CHP6, 0, 110N, 1568E,  35, 1000, TS,   0, , 0, 0, 0, 0, 0, 0, 0, 0, 0, 0, 0, , 0, 0, PHANFONE,
WP, 18, 2014092812,   , CHP6, 0, 117N, 1551E,  35, 1000, TS,   0, , 0, 0, 0, 0, 0, 0, 0, 0, 0, 0, 0, , 0, 0, PHANFONE,
WP, 18, 2014092818,   , CHP6, 0, 123N, 1535E,  35, 1000, TS,   0, , 0, 0, 0, 0, 0, 0, 0, 0, 0, 0, 0, , 0, 0, PHANFONE,
WP, 18, 2014092900,   , CHP6, 0, 127N, 1522E,  45,  996, TS,   0, , 0, 0, 0, 0, 0, 0, 0, 0, 0, 0, 0, , 0, 0, PHANFONE,
WP, 18, 2014092906,   , CHP6, 0, 131N, 1511E,  50,  992, TS,   0, , 0, 0, 0, 0, 0, 0, 0, 0, 0, 0, 0, , 0, 0, PHANFONE,
WP, 18, 2014092912,   , CHP6, 0, 137N, 1500E,  40,  998, TS,   0, , 0, 0, 0, 0, 0, 0, 0, 0, 0, 0, 0, , 0, 0, PHANFONE,
WP, 18, 2014092918,   , CHP6, 0, 141N, 1491E,  46,  996, TS,   0, , 0, 0, 0, 0, 0, 0, 0, 0, 0, 0, 0, , 0, 0, PHANFONE,
WP, 18, 2014093000,   , CHP6, 0, 146N, 1485E,  53,  992, TS,   0, , 0, 0, 0, 0, 0, 0, 0, 0, 0, 0, 0, , 0, 0, PHANFONE,
WP, 18, 2014093006,   , CHP6, 0, 151N, 1476E,  61,  989, TS,   0, , 0, 0, 0, 0, 0, 0, 0, 0, 0, 0, 0, , 0, 0, PHANFONE,
WP, 18, 2014093012,   , CHP6, 0, 157N, 1467E,  70,  984, TY,   0, , 0, 0, 0, 0, 0, 0, 0, 0, 0, 0, 0, , 0, 0, PHANFONE,
WP, 18, 2014093018,   , CHP6, 0, 163N, 1457E,  80,  977, TY,   0, , 0, 0, 0, 0, 0, 0, 0, 0, 0, 0, 0, , 0, 0, PHANFONE,
WP, 18, 2014100100,   , CHP6, 0, 168N, 1448E,  97,  961, TY,   0, , 0, 0, 0, 0, 0, 0, 0, 0, 0, 0, 0, , 0, 0, PHANFONE,
WP, 18, 2014100106,   , CHP6, 0, 174N, 1439E, 125,  936, ST,   0, , 0, 0, 0, 0, 0, 0, 0, 0, 0, 0, 0, , 0, 0, PHANFONE,
WP, 18, 2014100112,   , CHP6, 0, 180N, 1430E, 152,  903, ST,   0, , 0, 0, 0, 0, 0, 0, 0, 0, 0, 0, 0, , 0, 0, PHANFONE,
WP, 18, 2014100118,   , CHP6, 0, 185N, 1420E, 142,  911, ST,   0, , 0, 0, 0, 0, 0, 0, 0, 0, 0, 0, 0, , 0, 0, PHANFONE,
WP, 18, 2014100200,   , CHP6, 0, 190N, 1410E, 130,  925, ST,   0, , 0, 0, 0, 0, 0, 0, 0, 0, 0, 0, 0, , 0, 0, PHANFONE,
WP, 18, 2014100206,   , CHP6, 0, 196N, 1400E, 126,  930, TY,   0, , 0, 0, 0, 0, 0, 0, 0, 0, 0, 0, 0, , 0, 0, PHANFONE,
WP, 18, 2014100212,   , CHP6, 0, 202N, 1391E, 131,  924, ST,   0, , 0, 0, 0, 0, 0, 0, 0, 0, 0, 0, 0, , 0, 0, PHANFONE,
WP, 18, 2014100218,   , CHP6, 0, 207N, 1384E, 140,  912, ST,   0, , 0, 0, 0, 0, 0, 0, 0, 0, 0, 0, 0, , 0, 0, PHANFONE,
WP, 18, 2014100300,   , CHP6, 0, 212N, 1377E, 144,  908, ST,   0, , 0, 0, 0, 0, 0, 0, 0, 0, 0, 0, 0, , 0, 0, PHANFONE,
WP, 18, 2014100306,   , CHP6, 0, 217N, 1369E, 140,  912, ST,   0, , 0, 0, 0, 0, 0, 0, 0, 0, 0, 0, 0, , 0, 0, PHANFONE,
WP, 18, 2014100312,   , CHP6, 0, 222N, 1360E, 141,  915, ST,   0, , 0, 0, 0, 0, 0, 0, 0, 0, 0, 0, 0, , 0, 0, PHANFONE,
WP, 18, 2014100318,   , CHP6, 0, 228N, 1353E, 146,  915, ST,   0, , 0, 0, 0, 0, 0, 0, 0, 0, 0, 0, 0, , 0, 0, PHANFONE,
WP, 18, 2014100400,   , CHP6, 0, 237N, 1348E, 145,  909, ST,   0, , 0, 0, 0, 0, 0, 0, 0, 0, 0, 0, 0, , 0, 0, PHANFONE,
WP, 18, 2014100406,   , CHP6, 0, 246N, 1344E, 141,  915, ST,   0, , 0, 0, 0, 0, 0, 0, 0, 0, 0, 0, 0, , 0, 0, PHANFONE,
WP, 18, 2014100412,   , CHP6, 0, 255N, 1342E, 140,  918, ST,   0, , 0, 0, 0, 0, 0, 0, 0, 0, 0, 0, 0, , 0, 0, PHANFONE,
WP, 18, 2014100418,   , CHP6, 0, 263N, 1341E, 136,  925, ST,   0, , 0, 0, 0, 0, 0, 0, 0, 0, 0, 0, 0, , 0, 0, PHANFONE,
WP, 18, 2014100500,   , CHP6, 0, 273N, 1342E, 139,  920, ST,   0, , 0, 0, 0, 0, 0, 0, 0, 0, 0, 0, 0, , 0, 0, PHANFONE,
WP, 18, 2014100506,   , CHP6, 0, 283N, 1343E, 111,  948, TY,   0, , 0, 0, 0, 0, 0, 0, 0, 0, 0, 0, 0, , 0, 0, PHANFONE,
WP, 18, 2014100512,   , CHP6, 0, 293N, 1345E, 102,  962, TY,   0, , 0, 0, 0, 0, 0, 0, 0, 0, 0, 0, 0, , 0, 0, PHANFONE,
WP, 18, 2014100518,   , CHP6, 0, 303N, 1349E,  99,  968, TY,   0, , 0, 0, 0, 0, 0, 0, 0, 0, 0, 0, 0, , 0, 0, PHANFONE,
WP, 18, 2014100600,   , CHP6, 0, 312N, 1355E,  97,  973, TY,   0, , 0, 0, 0, 0, 0, 0, 0, 0, 0, 0, 0, , 0, 0, PHANFONE,
WP, 18, 2014100606,   , CHP6, 0, 324N, 1368E,  93,  984, TY,   0, , 0, 0, 0, 0, 0, 0, 0, 0, 0, 0, 0, , 0, 0, PHANFONE,
WP, 18, 2014100612,   , CHP6, 0, 335N, 1395E,  79,  991, TY,   0, , 0, 0, 0, 0, 0, 0, 0, 0, 0, 0, 0, , 0, 0, PHANFONE,
WP, 18, 2014100618,   , CHP6, 0, 346N, 1422E,  66,  993, TY,   0, , 0, 0, 0, 0, 0, 0, 0, 0, 0, 0, 0, , 0, 0, PHANFONE,
WP, 18, 2014100700,   , CHP6, 0, 357N, 1451E,  63,  993, TS,   0, , 0, 0, 0, 0, 0, 0, 0, 0, 0, 0, 0, , 0, 0, PHANFONE,
WP, 18, 2014100706,   , CHP6, 0, 368N, 1482E,  61,  993, TS,   0, , 0, 0, 0, 0, 0, 0, 0, 0, 0, 0, 0, , 0, 0, PHANFONE,
WP, 18, 2014100712,   , CHP6, 0, 385N, 1521E,  56,  996, TS,   0, , 0, 0, 0, 0, 0, 0, 0, 0, 0, 0, 0, , 0, 0, PHANFONE,
WP, 18, 2014100718,   , CHP6, 0, 398N, 1560E,  53,  996, TS,   0, , 0, 0, 0, 0, 0, 0, 0, 0, 0, 0, 0, , 0, 0, PHANFONE,
WP, 18, 2014100800,   , CHP6, 0, 405N, 1602E,  52,  993, EX,   0, , 0, 0, 0, 0, 0, 0, 0, 0, 0, 0, 0, , 0, 0, PHANFONE,
WP, 18, 2014100806,   , CHP6, 0, 418N, 1643E,  51,  993, EX,   0, , 0, 0, 0, 0, 0, 0, 0, 0, 0, 0, 0, , 0, 0, PHANFONE,
