CP, 92, 2015070800,   , CHP6, 0, 109N, 1497W,  15, 1014, DB,   0, , 0, 0, 0, 0, 0, 0, 0, 0, 0, 0, 0, , 0, 0, INVEST,
CP, 92, 2015070806,   , CHP6, 0, 112N, 1498W,  20, 1013, DB,   0, , 0, 0, 0, 0, 0, 0, 0, 0, 0, 0, 0, , 0, 0, INVEST,
CP, 92, 2015070812,   , CHP6, 0, 114N, 1501W,  20, 1013, DB,   0, , 0, 0, 0, 0, 0, 0, 0, 0, 0, 0, 0, , 0, 0, INVEST,
CP, 02, 2015070818,   , CHP6, 0, 115N, 1506W,  25, 1011, TD,   0, , 0, 0, 0, 0, 0, 0, 0, 0, 0, 0, 0, , 0, 0, TWO,
CP, 02, 2015070900,   , CHP6, 0, 115N, 1512W,  30, 1009, TD,   0, , 0, 0, 0, 0, 0, 0, 0, 0, 0, 0, 0, , 0, 0, TWO,
CP, 02, 2015070906,   , CHP6, 0, 115N, 1520W,  30, 1009, TD,   0, , 0, 0, 0, 0, 0, 0, 0, 0, 0, 0, 0, , 0, 0, TWO,
CP, 02, 2015070912,   , CHP6, 0, 115N, 1528W,  35, 1007, TS,   0, , 0, 0, 0, 0, 0, 0, 0, 0, 0, 0, 0, , 0, 0, IUNE,
CP, 02, 2015070918,   , CHP6, 0, 114N, 1535W,  35, 1007, TS,   0, , 0, 0, 0, 0, 0, 0, 0, 0, 0, 0, 0, , 0, 0, IUNE,
CP, 02, 2015071000,   , CHP6, 0, 113N, 1540W,  30, 1009, TD,   0, , 0, 0, 0, 0, 0, 0, 0, 0, 0, 0, 0, , 0, 0, IUNE,
CP, 02, 2015071006,   , CHP6, 0, 112N, 1543W,  30, 1008, TD,   0, , 0, 0, 0, 0, 0, 0, 0, 0, 0, 0, 0, , 0, 0, IUNE,
CP, 02, 2015071012,   , CHP6, 0, 114N, 1546W,  35, 1006, TS,   0, , 0, 0, 0, 0, 0, 0, 0, 0, 0, 0, 0, , 0, 0, IUNE,
CP, 02, 2015071018,   , CHP6, 0, 119N, 1549W,  35, 1006, TS,   0, , 0, 0, 0, 0, 0, 0, 0, 0, 0, 0, 0, , 0, 0, IUNE,
CP, 02, 2015071100,   , CHP6, 0, 126N, 1554W,  30, 1008, TD,   0, , 0, 0, 0, 0, 0, 0, 0, 0, 0, 0, 0, , 0, 0, IUNE,
CP, 02, 2015071106,   , CHP6, 0, 134N, 1561W,  30, 1007, TD,   0, , 0, 0, 0, 0, 0, 0, 0, 0, 0, 0, 0, , 0, 0, IUNE,
CP, 02, 2015071112,   , CHP6, 0, 140N, 1568W,  35, 1005, TS,   0, , 0, 0, 0, 0, 0, 0, 0, 0, 0, 0, 0, , 0, 0, IUNE,
CP, 02, 2015071118,   , CHP6, 0, 144N, 1577W,  40, 1003, TS,   0, , 0, 0, 0, 0, 0, 0, 0, 0, 0, 0, 0, , 0, 0, IUNE,
CP, 02, 2015071200,   , CHP6, 0, 148N, 1585W,  40, 1004, TS,   0, , 0, 0, 0, 0, 0, 0, 0, 0, 0, 0, 0, , 0, 0, IUNE,
CP, 02, 2015071206,   , CHP6, 0, 151N, 1595W,  35,  999, TS,   0, , 0, 0, 0, 0, 0, 0, 0, 0, 0, 0, 0, , 0, 0, IUNE,
CP, 02, 2015071212,   , CHP6, 0, 151N, 1605W,  39,  998, TS,   0, , 0, 0, 0, 0, 0, 0, 0, 0, 0, 0, 0, , 0, 0, IUNE,
CP, 02, 2015071218,   , CHP6, 0, 150N, 1614W,  40,  997, TS,   0, , 0, 0, 0, 0, 0, 0, 0, 0, 0, 0, 0, , 0, 0, IUNE,
CP, 02, 2015071300,   , CHP6, 0, 148N, 1623W,  40,  998, TS,   0, , 0, 0, 0, 0, 0, 0, 0, 0, 0, 0, 0, , 0, 0, IUNE,
CP, 02, 2015071306,   , CHP6, 0, 146N, 1631W,  43,  997, TS,   0, , 0, 0, 0, 0, 0, 0, 0, 0, 0, 0, 0, , 0, 0, IUNE,
CP, 02, 2015071312,   , CHP6, 0, 144N, 1640W,  47,  996, TS,   0, , 0, 0, 0, 0, 0, 0, 0, 0, 0, 0, 0, , 0, 0, IUNE,
CP, 02, 2015071318,   , CHP6, 0, 142N, 1650W,  50,  995, TS,   0, , 0, 0, 0, 0, 0, 0, 0, 0, 0, 0, 0, , 0, 0, IUNE,
CP, 02, 2015071400,   , CHP6, 0, 139N, 1660W,  50,  994, TS,   0, , 0, 0, 0, 0, 0, 0, 0, 0, 0, 0, 0, , 0, 0, IUNE,
CP, 02, 2015071406,   , CHP6, 0, 137N, 1670W,  51,  993, TS,   0, , 0, 0, 0, 0, 0, 0, 0, 0, 0, 0, 0, , 0, 0, IUNE,
CP, 02, 2015071412,   , CHP6, 0, 134N, 1680W,  55,  991, TS,   0, , 0, 0, 0, 0, 0, 0, 0, 0, 0, 0, 0, , 0, 0, IUNE,
CP, 02, 2015071418,   , CHP6, 0, 132N, 1690W,  61,  988, TS,   0, , 0, 0, 0, 0, 0, 0, 0, 0, 0, 0, 0, , 0, 0, IUNE,
CP, 02, 2015071500,   , CHP6, 0, 129N, 1700W,  69,  983, TY,   0, , 0, 0, 0, 0, 0, 0, 0, 0, 0, 0, 0, , 0, 0, IUNE,
CP, 02, 2015071506,   , CHP6, 0, 128N, 1710W,  81,  974, TY,   0, , 0, 0, 0, 0, 0, 0, 0, 0, 0, 0, 0, , 0, 0, IUNE,
CP, 02, 2015071512,   , CHP6, 0, 127N, 1720W,  97,  961, TY,   0, , 0, 0, 0, 0, 0, 0, 0, 0, 0, 0, 0, , 0, 0, IUNE,
CP, 02, 2015071518,   , CHP6, 0, 126N, 1730W, 114,  944, TY,   0, , 0, 0, 0, 0, 0, 0, 0, 0, 0, 0, 0, , 0, 0, IUNE,
CP, 02, 2015071600,   , CHP6, 0, 125N, 1740W, 128,  929, ST,   0, , 0, 0, 0, 0, 0, 0, 0, 0, 0, 0, 0, , 0, 0, IUNE,
CP, 02, 2015071606,   , CHP6, 0, 125N, 1749W, 138,  916, ST,   0, , 0, 0, 0, 0, 0, 0, 0, 0, 0, 0, 0, , 0, 0, IUNE,
CP, 02, 2015071612,   , CHP6, 0, 125N, 1758W, 148,  903, ST,   0, , 0, 0, 0, 0, 0, 0, 0, 0, 0, 0, 0, , 0, 0, IUNE,
CP, 02, 2015071618,   , CHP6, 0, 125N, 1766W, 149,  902, ST,   0, , 0, 0, 0, 0, 0, 0, 0, 0, 0, 0, 0, , 0, 0, IUNE,
CP, 02, 2015071700,   , CHP6, 0, 125N, 1775W, 143,  909, ST,   0, , 0, 0, 0, 0, 0, 0, 0, 0, 0, 0, 0, , 0, 0, IUNE,
CP, 02, 2015071706,   , CHP6, 0, 126N, 1785W, 130,  974, ST,   0, , 0, 0, 0, 0, 0, 0, 0, 0, 0, 0, 0, , 0, 0, IUNE,
CP, 02, 2015071712,   , CHP6, 0, 128N, 1796W, 117,  961, TY,   0, , 0, 0, 0, 0, 0, 0, 0, 0, 0, 0, 0, , 0, 0, IUNE,
CP, 02, 2015071718,   , CHP6, 0, 130N, 1793E, 104,  944, TY,   0, , 0, 0, 0, 0, 0, 0, 0, 0, 0, 0, 0, , 0, 0, IUNE,
CP, 02, 2015071800,   , CHP6, 0, 134N, 1785E,  90,  959, TY,   0, , 0, 0, 0, 0, 0, 0, 0, 0, 0, 0, 0, , 0, 0, IUNE,
CP, 02, 2015071806,   , CHP6, 0, 139N, 1778E,  76,  976, TY,   0, , 0, 0, 0, 0, 0, 0, 0, 0, 0, 0, 0, , 0, 0, IUNE,
CP, 02, 2015071812,   , CHP6, 0, 144N, 1772E,  64,  983, TY,   0, , 0, 0, 0, 0, 0, 0, 0, 0, 0, 0, 0, , 0, 0, IUNE,
CP, 02, 2015071818,   , CHP6, 0, 149N, 1765E,  50,  992, TS,   0, , 0, 0, 0, 0, 0, 0, 0, 0, 0, 0, 0, , 0, 0, IUNE,
CP, 02, 2015071900,   , CHP6, 0, 151N, 1758E,  43,  993, TS,   0, , 0, 0, 0, 0, 0, 0, 0, 0, 0, 0, 0, , 0, 0, IUNE,
CP, 02, 2015071906,   , CHP6, 0, 153N, 1752E,  34,  994, TS,   0, , 0, 0, 0, 0, 0, 0, 0, 0, 0, 0, 0, , 0, 0, IUNE,
CP, 02, 2015071912,   , CHP6, 0, 154N, 1745E,  30,  995, TD,   0, , 0, 0, 0, 0, 0, 0, 0, 0, 0, 0, 0, , 0, 0, IUNE,
CP, 02, 2015071918,   , CHP6, 0, 155N, 1740E,  22,  997, DB,   0, , 0, 0, 0, 0, 0, 0, 0, 0, 0, 0, 0, , 0, 0, IUNE,
CP, 02, 2015072000,   , CHP6, 0, 155N, 1734E,  17,  999, DB,   0, , 0, 0, 0, 0, 0, 0, 0, 0, 0, 0, 0, , 0, 0, IUNE,
