CP, 97, 2015100112,   , CHP6, 0, 134N, 1590W,  20, 1005, DB,   0, , 0, 0, 0, 0, 0, 0, 0, 0, 0, 0, 0, , 0, 0, INVEST,
CP, 97, 2015100118,   , CHP6, 0, 133N, 1584W,  20, 1005, DB,   0, , 0, 0, 0, 0, 0, 0, 0, 0, 0, 0, 0, , 0, 0, INVEST,
CP, 97, 2015100200,   , CHP6, 0, 132N, 1579W,  20, 1004, DB,   0, , 0, 0, 0, 0, 0, 0, 0, 0, 0, 0, 0, , 0, 0, INVEST,
CP, 97, 2015100206,   , CHP6, 0, 130N, 1574W,  20, 1002, DB,   0, , 0, 0, 0, 0, 0, 0, 0, 0, 0, 0, 0, , 0, 0, INVEST,
CP, 97, 2015100212,   , CHP6, 0, 128N, 1568W,  20, 1001, DB,   0, , 0, 0, 0, 0, 0, 0, 0, 0, 0, 0, 0, , 0, 0, INVEST,
CP, 07, 2015100218,   , CHP6, 0, 127N, 1562W,  30,  999, TD,   0, , 0, 0, 0, 0, 0, 0, 0, 0, 0, 0, 0, , 0, 0, SEVEN,
CP, 07, 2015100300,   , CHP6, 0, 127N, 1557W,  30,  998, TD,   0, , 0, 0, 0, 0, 0, 0, 0, 0, 0, 0, 0, , 0, 0, SEVEN,
CP, 07, 2015100306,   , CHP6, 0, 129N, 1553W,  35,  996, TS,   0, , 0, 0, 0, 0, 0, 0, 0, 0, 0, 0, 0, , 0, 0, OHO,
CP, 07, 2015100312,   , CHP6, 0, 130N, 1550W,  35,  996, TS,   0, , 0, 0, 0, 0, 0, 0, 0, 0, 0, 0, 0, , 0, 0, OHO,
CP, 07, 2015100318,   , CHP6, 0, 131N, 1548W,  35,  995, TS,   0, , 0, 0, 0, 0, 0, 0, 0, 0, 0, 0, 0, , 0, 0, OHO,
CP, 07, 2015100400,   , CHP6, 0, 132N, 1546W,  37,  998, TS,   0, , 0, 0, 0, 0, 0, 0, 0, 0, 0, 0, 0, , 0, 0, OHO,
CP, 07, 2015100406,   , CHP6, 0, 133N, 1544W,  39,  997, TS,   0, , 0, 0, 0, 0, 0, 0, 0, 0, 0, 0, 0, , 0, 0, OHO,
CP, 07, 2015100412,   , CHP6, 0, 134N, 1541W,  37,  997, TS,   0, , 0, 0, 0, 0, 0, 0, 0, 0, 0, 0, 0, , 0, 0, OHO,
CP, 07, 2015100418,   , CHP6, 0, 137N, 1542W,  40,  996, TS,   0, , 0, 0, 0, 0, 0, 0, 0, 0, 0, 0, 0, , 0, 0, OHO,
CP, 07, 2015100500,   , CHP6, 0, 139N, 1543W,  44,  995, TS,   0, , 0, 0, 0, 0, 0, 0, 0, 0, 0, 0, 0, , 0, 0, OHO,
CP, 07, 2015100506,   , CHP6, 0, 142N, 1543W,  48,  993, TS,   0, , 0, 0, 0, 0, 0, 0, 0, 0, 0, 0, 0, , 0, 0, OHO,
CP, 07, 2015100512,   , CHP6, 0, 144N, 1542W,  52,  991, TS,   0, , 0, 0, 0, 0, 0, 0, 0, 0, 0, 0, 0, , 0, 0, OHO,
CP, 07, 2015100518,   , CHP6, 0, 147N, 1541W,  58,  989, TS,   0, , 0, 0, 0, 0, 0, 0, 0, 0, 0, 0, 0, , 0, 0, OHO,
CP, 07, 2015100600,   , CHP6, 0, 148N, 1539W,  64,  985, HU,   0, , 0, 0, 0, 0, 0, 0, 0, 0, 0, 0, 0, , 0, 0, OHO,
CP, 07, 2015100606,   , CHP6, 0, 150N, 1537W,  71,  981, HU,   0, , 0, 0, 0, 0, 0, 0, 0, 0, 0, 0, 0, , 0, 0, OHO,
CP, 07, 2015100612,   , CHP6, 0, 152N, 1532W,  80,  974, HU,   0, , 0, 0, 0, 0, 0, 0, 0, 0, 0, 0, 0, , 0, 0, OHO,
CP, 07, 2015100618,   , CHP6, 0, 155N, 1526W,  95,  962, HU,   0, , 0, 0, 0, 0, 0, 0, 0, 0, 0, 0, 0, , 0, 0, OHO,
CP, 07, 2015100700,   , CHP6, 0, 157N, 1520W, 119,  938, HU,   0, , 0, 0, 0, 0, 0, 0, 0, 0, 0, 0, 0, , 0, 0, OHO,
CP, 07, 2015100706,   , CHP6, 0, 160N, 1516W, 139,  915, HU,   0, , 0, 0, 0, 0, 0, 0, 0, 0, 0, 0, 0, , 0, 0, OHO,
CP, 07, 2015100712,   , CHP6, 0, 166N, 1511W, 108,  949, HU,   0, , 0, 0, 0, 0, 0, 0, 0, 0, 0, 0, 0, , 0, 0, OHO,
CP, 07, 2015100718,   , CHP6, 0, 173N, 1507W,  96,  961, HU,   0, , 0, 0, 0, 0, 0, 0, 0, 0, 0, 0, 0, , 0, 0, OHO,
CP, 07, 2015100800,   , CHP6, 0, 179N, 1503W,  90,  966, HU,   0, , 0, 0, 0, 0, 0, 0, 0, 0, 0, 0, 0, , 0, 0, OHO,
CP, 07, 2015100806,   , CHP6, 0, 186N, 1499W,  84,  971, HU,   0, , 0, 0, 0, 0, 0, 0, 0, 0, 0, 0, 0, , 0, 0, OHO,
CP, 07, 2015100812,   , CHP6, 0, 200N, 1492W,  77,  978, HU,   0, , 0, 0, 0, 0, 0, 0, 0, 0, 0, 0, 0, , 0, 0, OHO,
CP, 07, 2015100818,   , CHP6, 0, 213N, 1484W,  77,  982, HU,   0, , 0, 0, 0, 0, 0, 0, 0, 0, 0, 0, 0, , 0, 0, OHO,
CP, 07, 2015100900,   , CHP6, 0, 227N, 1476W,  76,  986, HU,   0, , 0, 0, 0, 0, 0, 0, 0, 0, 0, 0, 0, , 0, 0, OHO,
CP, 07, 2015100906,   , CHP6, 0, 240N, 1469W,  76,  986, HU,   0, , 0, 0, 0, 0, 0, 0, 0, 0, 0, 0, 0, , 0, 0, OHO,
CP, 07, 2015100912,   , CHP6, 0, 252N, 1459W,  74,  987, HU,   0, , 0, 0, 0, 0, 0, 0, 0, 0, 0, 0, 0, , 0, 0, OHO,
CP, 07, 2015100918,   , CHP6, 0, 264N, 1451W,  67,  986, HU,   0, , 0, 0, 0, 0, 0, 0, 0, 0, 0, 0, 0, , 0, 0, OHO,
CP, 07, 2015101000,   , CHP6, 0, 290N, 1431W,  64,  994, HU,   0, , 0, 0, 0, 0, 0, 0, 0, 0, 0, 0, 0, , 0, 0, OHO,
CP, 07, 2015101006,   , CHP6, 0, 318N, 1414W,  64,  996, HU,   0, , 0, 0, 0, 0, 0, 0, 0, 0, 0, 0, 0, , 0, 0, OHO,
CP, 07, 2015101012,   , CHP6, 0, 350N, 1394W,  63,  996, TS,   0, , 0, 0, 0, 0, 0, 0, 0, 0, 0, 0, 0, , 0, 0, OHO,
CP, 07, 2015101018,   , CHP6, 0, 382N, 1382W,  60,  996, TS,   0, , 0, 0, 0, 0, 0, 0, 0, 0, 0, 0, 0, , 0, 0, OHO,
CP, 07, 2015101100,   , CHP6, 0, 422N, 1368W,  60,  996, TS,   0, , 0, 0, 0, 0, 0, 0, 0, 0, 0, 0, 0, , 0, 0, OHO,
CP, 07, 2015101106,   , CHP6, 0, 463N, 1348W,  60,  996, EX,   0, , 0, 0, 0, 0, 0, 0, 0, 0, 0, 0, 0, , 0, 0, OHO,
CP, 07, 2015101112,   , CHP6, 0, 506N, 1325W,  60,  996, EX,   0, , 0, 0, 0, 0, 0, 0, 0, 0, 0, 0, 0, , 0, 0, OHO,
