SH, 94, 2025101606,   , BEST,   0,  53S,  809E,  15, 1009, DB,   0, , 0, 0, 0, 0, 0, 0, 0, 0, 0, 0, 0, , 0, 0, INVEST,
SH, 94, 2025101612,   , BEST,   0,  57S,  803E,  20, 1009, DB,   0, , 0, 0, 0, 0, 0, 0, 0, 0, 0, 0, 0, , 0, 0, INVEST,
SH, 94, 2025101618,   , BEST,   0,  59S,  797E,  25, 1009, TD,   0, , 0, 0, 0, 0, 0, 0, 0, 0, 0, 0, 0, , 0, 0, INVEST,
SH, 94, 2025101700,   , BEST,   0,  61S,  786E,  30, 1009, TD,   0, , 0, 0, 0, 0, 0, 0, 0, 0, 0, 0, 0, , 0, 0, INVEST,
SH, 94, 2025101706,   , BEST,   0,  64S,  777E,  30, 1009, TD,   0, , 0, 0, 0, 0, 0, 0, 0, 0, 0, 0, 0, , 0, 0, INVEST,
SH, 04, 2025101712,   , BEST,   0,  68S,  768E,  35, 1009, TS,   0, , 0, 0, 0, 0, 0, 0, 0, 0, 0, 0, 0, , 0, 0, CHENGE,
SH, 04, 2025101718,   , BEST,   0,  72S,  760E,  40, 1004, TS,   0, , 0, 0, 0, 0, 0, 0, 0, 0, 0, 0, 0, , 0, 0, CHENGE,
SH, 04, 2025101800,   , BEST,   0,  76S,  752E,  35, 1004, TS,   0, , 0, 0, 0, 0, 0, 0, 0, 0, 0, 0, 0, , 0, 0, CHENGE,
SH, 04, 2025101806,   , BEST,   0,  79S,  743E,  35, 1003, TS,   0, , 0, 0, 0, 0, 0, 0, 0, 0, 0, 0, 0, , 0, 0, CHENGE,
SH, 04, 2025101812,   , BEST,   0,  82S,  736E,  36,  999, TS,   0, , 0, 0, 0, 0, 0, 0, 0, 0, 0, 0, 0, , 0, 0, CHENGE,
SH, 04, 2025101818,   , BEST,   0,  84S,  728E,  39,  998, TS,   0, , 0, 0, 0, 0, 0, 0, 0, 0, 0, 0, 0, , 0, 0, CHENGE,
SH, 04, 2025101900,   , BEST,   0,  86S,  719E,  41,  997, TS,   0, , 0, 0, 0, 0, 0, 0, 0, 0, 0, 0, 0, , 0, 0, CHENGE,
SH, 04, 2025101906,   , BEST,   0,  88S,  709E,  44,  996, TS,   0, , 0, 0, 0, 0, 0, 0, 0, 0, 0, 0, 0, , 0, 0, CHENGE,
SH, 04, 2025101912,   , BEST,   0,  89S,  701E,  46,  995, TS,   0, , 0, 0, 0, 0, 0, 0, 0, 0, 0, 0, 0, , 0, 0, CHENGE,
SH, 04, 2025101918,   , BEST,   0,  91S,  693E,  48,  995, TS,   0, , 0, 0, 0, 0, 0, 0, 0, 0, 0, 0, 0, , 0, 0, CHENGE,
SH, 04, 2025102000,   , BEST,   0,  92S,  688E,  50,  994, TS,   0, , 0, 0, 0, 0, 0, 0, 0, 0, 0, 0, 0, , 0, 0, CHENGE,
SH, 04, 2025102006,   , BEST,   0,  93S,  682E,  52,  992, TS,   0, , 0, 0, 0, 0, 0, 0, 0, 0, 0, 0, 0, , 0, 0, CHENGE,
SH, 04, 2025102012,   , BEST,   0,  94S,  678E,  55,  990, TS,   0, , 0, 0, 0, 0, 0, 0, 0, 0, 0, 0, 0, , 0, 0, CHENGE,
SH, 04, 2025102018,   , BEST,   0,  95S,  673E,  60,  987, TS,   0, , 0, 0, 0, 0, 0, 0, 0, 0, 0, 0, 0, , 0, 0, CHENGE,
SH, 04, 2025102100,   , BEST,   0,  96S,  668E,  65,  984, TY,   0, , 0, 0, 0, 0, 0, 0, 0, 0, 0, 0, 0, , 0, 0, CHENGE,
SH, 04, 2025102106,   , BEST,   0,  97S,  663E,  72,  980, TY,   0, , 0, 0, 0, 0, 0, 0, 0, 0, 0, 0, 0, , 0, 0, CHENGE,
SH, 04, 2025102112,   , BEST,   0,  98S,  657E,  79,  975, TY,   0, , 0, 0, 0, 0, 0, 0, 0, 0, 0, 0, 0, , 0, 0, CHENGE,
SH, 04, 2025102118,   , BEST,   0, 100S,  651E,  87,  968, TY,   0, , 0, 0, 0, 0, 0, 0, 0, 0, 0, 0, 0, , 0, 0, CHENGE,
SH, 04, 2025102200,   , BEST,   0, 102S,  644E,  95,  961, TY,   0, , 0, 0, 0, 0, 0, 0, 0, 0, 0, 0, 0, , 0, 0, CHENGE,
SH, 04, 2025102206,   , BEST,   0, 104S,  638E, 102,  955, TY,   0, , 0, 0, 0, 0, 0, 0, 0, 0, 0, 0, 0, , 0, 0, CHENGE,
SH, 04, 2025102212,   , BEST,   0, 106S,  629E, 109,  948, TY,   0, , 0, 0, 0, 0, 0, 0, 0, 0, 0, 0, 0, , 0, 0, CHENGE,
SH, 04, 2025102218,   , BEST,   0, 108S,  617E, 108,  949, TY,   0, , 0, 0, 0, 0, 0, 0, 0, 0, 0, 0, 0, , 0, 0, CHENGE,
SH, 04, 2025102300,   , BEST,   0, 109S,  605E, 107,  950, TY,   0, , 0, 0, 0, 0, 0, 0, 0, 0, 0, 0, 0, , 0, 0, CHENGE,
SH, 04, 2025102306,   , BEST,   0, 108S,  593E, 104,  953, TY,   0, , 0, 0, 0, 0, 0, 0, 0, 0, 0, 0, 0, , 0, 0, CHENGE,
SH, 04, 2025102312,   , BEST,   0, 107S,  582E,  97,  969, TY,   0, , 0, 0, 0, 0, 0, 0, 0, 0, 0, 0, 0, , 0, 0, CHENGE,
SH, 04, 2025102318,   , BEST,   0, 106S,  570E,  88,  970, TY,   0, , 0, 0, 0, 0, 0, 0, 0, 0, 0, 0, 0, , 0, 0, CHENGE,
SH, 04, 2025102400,   , BEST,   0, 105S,  557E,  84,  972, TY,   0, , 0, 0, 0, 0, 0, 0, 0, 0, 0, 0, 0, , 0, 0, CHENGE,
SH, 04, 2025102406,   , BEST,   0, 103S,  543E,  77,  977, TY,   0, , 0, 0, 0, 0, 0, 0, 0, 0, 0, 0, 0, , 0, 0, CHENGE,
SH, 04, 2025102412,   , BEST,   0, 101S,  532E,  73,  981, TY,   0, , 0, 0, 0, 0, 0, 0, 0, 0, 0, 0, 0, , 0, 0, CHENGE,
SH, 04, 2025102418,   , BEST,   0,  98S,  519E,  74,  980, TY,   0, , 0, 0, 0, 0, 0, 0, 0, 0, 0, 0, 0, , 0, 0, CHENGE,
SH, 04, 2025102500,   , BEST,   0,  96S,  507E,  75,  980, TY,   0, , 0, 0, 0, 0, 0, 0, 0, 0, 0, 0, 0, , 0, 0, CHENGE,
SH, 04, 2025102506,   , BEST,   0,  95S,  494E,  75,  980, TY,   0, , 0, 0, 0, 0, 0, 0, 0, 0, 0, 0, 0, , 0, 0, CHENGE,
SH, 04, 2025102512,   , BEST,   0,  94S,  482E,  74,  980, TY,   0, , 0, 0, 0, 0, 0, 0, 0, 0, 0, 0, 0, , 0, 0, CHENGE,
SH, 04, 2025102518,   , BEST,   0,  92S,  469E,  74,  981, TY,   0, , 0, 0, 0, 0, 0, 0, 0, 0, 0, 0, 0, , 0, 0, CHENGE,
SH, 04, 2025102600,   , BEST,   0,  91S,  455E,  74,  981, TY,   0, , 0, 0, 0, 0, 0, 0, 0, 0, 0, 0, 0, , 0, 0, CHENGE,
SH, 04, 2025102606,   , BEST,   0,  90S,  442E,  74,  981, TY,   0, , 0, 0, 0, 0, 0, 0, 0, 0, 0, 0, 0, , 0, 0, CHENGE,
SH, 04, 2025102612,   , BEST,   0,  88S,  428E,  76,  979, TY,   0, , 0, 0, 0, 0, 0, 0, 0, 0, 0, 0, 0, , 0, 0, CHENGE,
SH, 04, 2025102618,   , BEST,   0,  86S,  414E,  79,  977, TY,   0, , 0, 0, 0, 0, 0, 0, 0, 0, 0, 0, 0, , 0, 0, CHENGE,
SH, 04, 2025102700,   , BEST,   0,  83S,  400E,  82,  983, TY,   0, , 0, 0, 0, 0, 0, 0, 0, 0, 0, 0, 0, , 0, 0, CHENGE,
SH, 04, 2025102706,   , BEST,   0,  81S,  387E,  74,  984, TY,   0, , 0, 0, 0, 0, 0, 0, 0, 0, 0, 0, 0, , 0, 0, CHENGE,
SH, 04, 2025102712,   , BEST,   0,  81S,  375E,  62,  989, TS,   0, , 0, 0, 0, 0, 0, 0, 0, 0, 0, 0, 0, , 0, 0, CHENGE,
SH, 04, 2025102718,   , BEST,   0,  81S,  363E,  49,  992, TS,   0, , 0, 0, 0, 0, 0, 0, 0, 0, 0, 0, 0, , 0, 0, CHENGE,
SH, 04, 2025102800,   , BEST,   0,  82S,  352E,  38,  994, TS,   0, , 0, 0, 0, 0, 0, 0, 0, 0, 0, 0, 0, , 0, 0, CHENGE,
SH, 04, 2025102806,   , BEST,   0,  83S,  341E,  30,  997, TD,   0, , 0, 0, 0, 0, 0, 0, 0, 0, 0, 0, 0, , 0, 0, CHENGE,
SH, 04, 2025102812,   , BEST,   0,  84S,  331E,  23,  998, DB,   0, , 0, 0, 0, 0, 0, 0, 0, 0, 0, 0, 0, , 0, 0, CHENGE,
SH, 04, 2025102818,   , BEST,   0,  86S,  321E,  20,  999, DB,   0, , 0, 0, 0, 0, 0, 0, 0, 0, 0, 0, 0, , 0, 0, CHENGE,
