WP, 91, 2025091606,   , BEST,   0, 221N, 1693E,  15, 1009, DB,   0, , 0, 0, 0, 0, 0, 0, 0, 0, 0, 0, 0, , 0, 0, INVEST,
WP, 91, 2025091612,   , BEST,   0, 223N, 1684E,  15, 1009, DB,   0, , 0, 0, 0, 0, 0, 0, 0, 0, 0, 0, 0, , 0, 0, INVEST,
WP, 91, 2025091618,   , BEST,   0, 225N, 1677E,  15, 1013, DB,   0, , 0, 0, 0, 0, 0, 0, 0, 0, 0, 0, 0, , 0, 0, INVEST,
WP, 91, 2025091700,   , BEST,   0, 227N, 1671E,  15, 1013, DB,   0, , 0, 0, 0, 0, 0, 0, 0, 0, 0, 0, 0, , 0, 0, INVEST,
WP, 91, 2025091706,   , BEST,   0, 228N, 1663E,  20, 1013, DB,   0, , 0, 0, 0, 0, 0, 0, 0, 0, 0, 0, 0, , 0, 0, INVEST,
WP, 91, 2025091712,   , BEST,   0, 229N, 1658E,  25, 1010, TD,   0, , 0, 0, 0, 0, 0, 0, 0, 0, 0, 0, 0, , 0, 0, INVEST,
WP, 91, 2025091718,   , BEST,   0, 230N, 1652E,  30, 1009, TD,   0, , 0, 0, 0, 0, 0, 0, 0, 0, 0, 0, 0, , 0, 0, INVEST,
WP, 25, 2025091800,   , BEST,   0, 230N, 1646E,  35, 1009, TS,   0, , 0, 0, 0, 0, 0, 0, 0, 0, 0, 0, 0, , 0, 0, INVEST,
WP, 25, 2025091806,   , BEST,   0, 231N, 1640E,  35, 1009, TS,   0, , 0, 0, 0, 0, 0, 0, 0, 0, 0, 0, 0, , 0, 0, INVEST,
WP, 25, 2025091812,   , BEST,   0, 232N, 1633E,  40, 1008, TS,   0, , 0, 0, 0, 0, 0, 0, 0, 0, 0, 0, 0, , 0, 0, TWENTYFIVE, TRANSITIONED, wpE12025 to wp252025, 
WP, 25, 2025091818,   , BEST,   0, 234N, 1623E,  45, 1005, TS,   0, , 0, 0, 0, 0, 0, 0, 0, 0, 0, 0, 0, , 0, 0, NEOGURI,
WP, 25, 2025091900,   , BEST,   0, 237N, 1613E,  45, 1001, TS,   0, , 0, 0, 0, 0, 0, 0, 0, 0, 0, 0, 0, , 0, 0, NEOGURI,
WP, 25, 2025091906,   , BEST,   0, 241N, 1603E,  55,  991, TS,   0, , 0, 0, 0, 0, 0, 0, 0, 0, 0, 0, 0, , 0, 0, NEOGURI,
WP, 25, 2025091912,   , BEST,   0, 247N, 1591E,  65,  990, TY,   0, , 0, 0, 0, 0, 0, 0, 0, 0, 0, 0, 0, , 0, 0, NEOGURI,
WP, 25, 2025091918,   , BEST,   0, 251N, 1580E,  80,  986, TY,   0, , 0, 0, 0, 0, 0, 0, 0, 0, 0, 0, 0, , 0, 0, NEOGURI,
WP, 25, 2025092000,   , BEST,   0, 254N, 1570E,  90,  980, TY,   0, , 0, 0, 0, 0, 0, 0, 0, 0, 0, 0, 0, , 0, 0, NEOGURI,
WP, 25, 2025092006,   , BEST,   0, 258N, 1561E, 100,  970, TY,   0, , 0, 0, 0, 0, 0, 0, 0, 0, 0, 0, 0, , 0, 0, NEOGURI,
WP, 25, 2025092012,   , BEST,   0, 263N, 1550E, 115,  950, TY,   0, , 0, 0, 0, 0, 0, 0, 0, 0, 0, 0, 0, , 0, 0, NEOGURI,
WP, 25, 2025092018,   , BEST,   0, 268N, 1538E, 140,  927, ST,   0, , 0, 0, 0, 0, 0, 0, 0, 0, 0, 0, 0, , 0, 0, NEOGURI,
WP, 25, 2025092100,   , BEST,   0, 272N, 1527E, 130,  934, ST,   0, , 0, 0, 0, 0, 0, 0, 0, 0, 0, 0, 0, , 0, 0, NEOGURI,
WP, 25, 2025092106,   , BEST,   0, 278N, 1518E, 120,  936, TY,   0, , 0, 0, 0, 0, 0, 0, 0, 0, 0, 0, 0, , 0, 0, NEOGURI,
WP, 25, 2025092112,   , BEST,   0, 285N, 1513E, 105,  939, TY,   0, , 0, 0, 0, 0, 0, 0, 0, 0, 0, 0, 0, , 0, 0, NEOGURI,
WP, 25, 2025092118,   , BEST,   0, 292N, 1509E, 105,  947, TY,   0, , 0, 0, 0, 0, 0, 0, 0, 0, 0, 0, 0, , 0, 0, NEOGURI,
WP, 25, 2025092200,   , BEST,   0, 297N, 1510E, 100,  950, TY,   0, , 0, 0, 0, 0, 0, 0, 0, 0, 0, 0, 0, , 0, 0, NEOGURI,
WP, 25, 2025092206,   , BEST,   0, 302N, 1518E, 100,  950, TY,   0, , 0, 0, 0, 0, 0, 0, 0, 0, 0, 0, 0, , 0, 0, NEOGURI,
WP, 25, 2025092212,   , BEST,   0, 303N, 1523E,  95,  963, TY,   0, , 0, 0, 0, 0, 0, 0, 0, 0, 0, 0, 0, , 0, 0, NEOGURI,
WP, 25, 2025092218,   , BEST,   0, 304N, 1527E,  95,  970, TY,   0, , 0, 0, 0, 0, 0, 0, 0, 0, 0, 0, 0, , 0, 0, NEOGURI,
WP, 25, 2025092300,   , BEST,   0, 305N, 1530E,  90,  970, TY,   0, , 0, 0, 0, 0, 0, 0, 0, 0, 0, 0, 0, , 0, 0, NEOGURI,
WP, 25, 2025092306,   , BEST,   0, 306N, 1532E,  80,  970, TY,   0, , 0, 0, 0, 0, 0, 0, 0, 0, 0, 0, 0, , 0, 0, NEOGURI,
WP, 25, 2025092312,   , BEST,   0, 307N, 1537E,  75,  969, TY,   0, , 0, 0, 0, 0, 0, 0, 0, 0, 0, 0, 0, , 0, 0, NEOGURI,
WP, 25, 2025092318,   , BEST,   0, 306N, 1541E,  70,  969, TY,   0, , 0, 0, 0, 0, 0, 0, 0, 0, 0, 0, 0, , 0, 0, NEOGURI,
WP, 25, 2025092400,   , BEST,   0, 305N, 1547E,  65,  978, TY,   0, , 0, 0, 0, 0, 0, 0, 0, 0, 0, 0, 0, , 0, 0, NEOGURI,
WP, 25, 2025092406,   , BEST,   0, 307N, 1558E,  70,  987, TY,   0, , 0, 0, 0, 0, 0, 0, 0, 0, 0, 0, 0, , 0, 0, NEOGURI,
WP, 25, 2025092412,   , BEST,   0, 312N, 1568E,  80,  980, TY,   0, , 0, 0, 0, 0, 0, 0, 0, 0, 0, 0, 0, , 0, 0, NEOGURI,
WP, 25, 2025092418,   , BEST,   0, 323N, 1573E,  75,  967, TY,   0, , 0, 0, 0, 0, 0, 0, 0, 0, 0, 0, 0, , 0, 0, NEOGURI,
WP, 25, 2025092500,   , BEST,   0, 331N, 1570E,  75,  970, TY,   0, , 0, 0, 0, 0, 0, 0, 0, 0, 0, 0, 0, , 0, 0, NEOGURI,
WP, 25, 2025092506,   , BEST,   0, 330N, 1560E,  65,  973, TY,   0, , 0, 0, 0, 0, 0, 0, 0, 0, 0, 0, 0, , 0, 0, NEOGURI,
WP, 25, 2025092512,   , BEST,   0, 324N, 1549E,  55,  979, TS,   0, , 0, 0, 0, 0, 0, 0, 0, 0, 0, 0, 0, , 0, 0, NEOGURI,
WP, 25, 2025092518,   , BEST,   0, 322N, 1542E,  55,  983, TS,   0, , 0, 0, 0, 0, 0, 0, 0, 0, 0, 0, 0, , 0, 0, NEOGURI,
WP, 25, 2025092600,   , BEST,   0, 321N, 1539E,  55,  983, TS,   0, , 0, 0, 0, 0, 0, 0, 0, 0, 0, 0, 0, , 0, 0, NEOGURI,
WP, 25, 2025092606,   , BEST,   0, 320N, 1536E,  55,  985, TS,   0, , 0, 0, 0, 0, 0, 0, 0, 0, 0, 0, 0, , 0, 0, NEOGURI,
WP, 25, 2025092612,   , BEST,   0, 318N, 1538E,  55,  984, TS,   0, , 0, 0, 0, 0, 0, 0, 0, 0, 0, 0, 0, , 0, 0, NEOGURI,
WP, 25, 2025092618,   , BEST,   0, 316N, 1546E,  60,  986, TS,   0, , 0, 0, 0, 0, 0, 0, 0, 0, 0, 0, 0, , 0, 0, NEOGURI,
WP, 25, 2025092700,   , BEST,   0, 315N, 1558E,  65,  981, TY,   0, , 0, 0, 0, 0, 0, 0, 0, 0, 0, 0, 0, , 0, 0, NEOGURI,
WP, 25, 2025092706,   , BEST,   0, 318N, 1572E,  70,  982, TY,   0, , 0, 0, 0, 0, 0, 0, 0, 0, 0, 0, 0, , 0, 0, NEOGURI,
WP, 25, 2025092712,   , BEST,   0, 323N, 1588E,  80,  979, TY,   0, , 0, 0, 0, 0, 0, 0, 0, 0, 0, 0, 0, , 0, 0, NEOGURI,
WP, 25, 2025092718,   , BEST,   0, 332N, 1605E,  90,  972, TY,   0, , 0, 0, 0, 0, 0, 0, 0, 0, 0, 0, 0, , 0, 0, NEOGURI,
WP, 25, 2025092800,   , BEST,   0, 343N, 1624E, 105,  957, TY,   0, , 0, 0, 0, 0, 0, 0, 0, 0, 0, 0, 0, , 0, 0, NEOGURI,
WP, 25, 2025092806,   , BEST,   0, 357N, 1645E, 120,  943, TY,   0, , 0, 0, 0, 0, 0, 0, 0, 0, 0, 0, 0, , 0, 0, NEOGURI,
WP, 25, 2025092812,   , BEST,   0, 379N, 1671E, 115,  953, TY,   0, , 0, 0, 0, 0, 0, 0, 0, 0, 0, 0, 0, , 0, 0, NEOGURI,
WP, 25, 2025092818,   , BEST,   0, 404N, 1698E, 110,  951, TY,   0, , 0, 0, 0, 0, 0, 0, 0, 0, 0, 0, 0, , 0, 0, NEOGURI,
WP, 25, 2025092900,   , BEST,   0, 423N, 1725E,  90,  962, TY,   0, , 0, 0, 0, 0, 0, 0, 0, 0, 0, 0, 0, , 0, 0, NEOGURI,
WP, 25, 2025092906,   , BEST,   0, 433N, 1752E,  70,  972, EX,   0, , 0, 0, 0, 0, 0, 0, 0, 0, 0, 0, 0, , 0, 0, NEOGURI,
WP, 25, 2025092912,   , BEST,   0, 443N, 1782E,  60,  984, EX,   0, , 0, 0, 0, 0, 0, 0, 0, 0, 0, 0, 0, , 0, 0, NEOGURI,
WP, 25, 2025092918,   , BEST,   0, 454N, 1789W,  55,  984, EX,   0, , 0, 0, 0, 0, 0, 0, 0, 0, 0, 0, 0, , 0, 0, NEOGURI,
Analyzed by 223
