WP, 90, 2025091606,   , BEST,   0, 130N, 1383E,  15, 1009, DB,   0, , 0, 0, 0, 0, 0, 0, 0, 0, 0, 0, 0, , 0, 0, INVEST,
WP, 90, 2025091612,   , BEST,   0, 132N, 1375E,  15, 1007, DB,   0, , 0, 0, 0, 0, 0, 0, 0, 0, 0, 0, 0, , 0, 0, INVEST,
WP, 90, 2025091618,   , BEST,   0, 134N, 1371E,  15, 1007, DB,   0, , 0, 0, 0, 0, 0, 0, 0, 0, 0, 0, 0, , 0, 0, INVEST,
WP, 90, 2025091700,   , BEST,   0, 136N, 1366E,  20, 1007, DB,   0, , 0, 0, 0, 0, 0, 0, 0, 0, 0, 0, 0, , 0, 0, INVEST,
WP, 90, 2025091706,   , BEST,   0, 140N, 1359E,  20, 1007, DB,   0, , 0, 0, 0, 0, 0, 0, 0, 0, 0, 0, 0, , 0, 0, INVEST,
WP, 90, 2025091712,   , BEST,   0, 144N, 1352E,  20, 1008, DB,   0, , 0, 0, 0, 0, 0, 0, 0, 0, 0, 0, 0, , 0, 0, INVEST,
WP, 90, 2025091718,   , BEST,   0, 149N, 1346E,  20, 1008, DB,   0, , 0, 0, 0, 0, 0, 0, 0, 0, 0, 0, 0, , 0, 0, INVEST,
WP, 90, 2025091800,   , BEST,   0, 153N, 1341E,  30, 1008, TD,   0, , 0, 0, 0, 0, 0, 0, 0, 0, 0, 0, 0, , 0, 0, INVEST,
WP, 24, 2025091806,   , BEST,   0, 156N, 1335E,  35, 1006, TS,   0, , 0, 0, 0, 0, 0, 0, 0, 0, 0, 0, 0, , 0, 0, INVEST,
WP, 24, 2025091812,   , BEST,   0, 159N, 1329E,  35, 1005, TS,   0, , 0, 0, 0, 0, 0, 0, 0, 0, 0, 0, 0, , 0, 0, TWENTYFOUR, TRANSITIONED, wpF02025 to wp242025, 
WP, 24, 2025091818,   , BEST,   0, 160N, 1322E,  40, 1004, TS,   0, , 0, 0, 0, 0, 0, 0, 0, 0, 0, 0, 0, , 0, 0, RAGASA,
WP, 24, 2025091900,   , BEST,   0, 160N, 1314E,  45, 1000, TS,   0, , 0, 0, 0, 0, 0, 0, 0, 0, 0, 0, 0, , 0, 0, RAGASA,
WP, 24, 2025091906,   , BEST,   0, 160N, 1309E,  50,  998, TS,   0, , 0, 0, 0, 0, 0, 0, 0, 0, 0, 0, 0, , 0, 0, RAGASA,
WP, 24, 2025091912,   , BEST,   0, 160N, 1305E,  60,  996, TS,   0, , 0, 0, 0, 0, 0, 0, 0, 0, 0, 0, 0, , 0, 0, RAGASA,
WP, 24, 2025091918,   , BEST,   0, 161N, 1301E,  65,  992, TY,   0, , 0, 0, 0, 0, 0, 0, 0, 0, 0, 0, 0, , 0, 0, RAGASA,
WP, 24, 2025092000,   , BEST,   0, 163N, 1296E,  75,  985, TY,   0, , 0, 0, 0, 0, 0, 0, 0, 0, 0, 0, 0, , 0, 0, RAGASA,
WP, 24, 2025092006,   , BEST,   0, 167N, 1291E,  85,  974, TY,   0, , 0, 0, 0, 0, 0, 0, 0, 0, 0, 0, 0, , 0, 0, RAGASA,
WP, 24, 2025092012,   , BEST,   0, 173N, 1285E, 100,  996, TY,   0, , 0, 0, 0, 0, 0, 0, 0, 0, 0, 0, 0, , 0, 0, RAGASA,
WP, 24, 2025092018,   , BEST,   0, 177N, 1278E, 110,  937, TY,   0, , 0, 0, 0, 0, 0, 0, 0, 0, 0, 0, 0, , 0, 0, RAGASA,
WP, 24, 2025092100,   , BEST,   0, 181N, 1270E, 120,  933, TY,   0, , 0, 0, 0, 0, 0, 0, 0, 0, 0, 0, 0, , 0, 0, RAGASA, TRANSITIONED, wp242025 to T072025, 
WP, 24, 2025092106,   , BEST,   0, 184N, 1263E, 135,  922, ST,   0, , 0, 0, 0, 0, 0, 0, 0, 0, 0, 0, 0, , 0, 0, RAGASA,
WP, 24, 2025092112,   , BEST,   0, 188N, 1254E, 135,  910, ST,   0, , 0, 0, 0, 0, 0, 0, 0, 0, 0, 0, 0, , 0, 0, RAGASA,
WP, 24, 2025092118,   , BEST,   0, 191N, 1241E, 145,  904, ST,   0, , 0, 0, 0, 0, 0, 0, 0, 0, 0, 0, 0, , 0, 0, RAGASA,
WP, 24, 2025092122,   , BEST,   0, 192N, 1234E, 155,  896, ST,   0, , 0, 0, 0, 0, 0, 0, 0, 0, 0, 0, 0, , 0, 0, RAGASA,
WP, 24, 2025092200,   , BEST,   0, 193N, 1228E, 150,  910, ST,   0, , 0, 0, 0, 0, 0, 0, 0, 0, 0, 0, 0, , 0, 0, RAGASA,
WP, 24, 2025092206,   , BEST,   0, 194N, 1217E, 145,  916, ST,   0, , 0, 0, 0, 0, 0, 0, 0, 0, 0, 0, 0, , 0, 0, RAGASA,
WP, 24, 2025092212,   , BEST,   0, 195N, 1205E, 135,  926, ST,   0, , 0, 0, 0, 0, 0, 0, 0, 0, 0, 0, 0, , 0, 0, RAGASA,
WP, 24, 2025092218,   , BEST,   0, 197N, 1193E, 130,  930, ST,   0, , 0, 0, 0, 0, 0, 0, 0, 0, 0, 0, 0, , 0, 0, RAGASA,
WP, 24, 2025092300,   , BEST,   0, 200N, 1182E, 125,  930, TY,   0, , 0, 0, 0, 0, 0, 0, 0, 0, 0, 0, 0, , 0, 0, RAGASA,
WP, 24, 2025092306,   , BEST,   0, 204N, 1171E, 120,  931, TY,   0, , 0, 0, 0, 0, 0, 0, 0, 0, 0, 0, 0, , 0, 0, RAGASA,
WP, 24, 2025092312,   , BEST,   0, 208N, 1160E, 115,  927, TY,   0, , 0, 0, 0, 0, 0, 0, 0, 0, 0, 0, 0, , 0, 0, RAGASA,
WP, 24, 2025092318,   , BEST,   0, 211N, 1148E, 115,  939, TY,   0, , 0, 0, 0, 0, 0, 0, 0, 0, 0, 0, 0, , 0, 0, RAGASA,
WP, 24, 2025092400,   , BEST,   0, 213N, 1137E, 110,  944, TY,   0, , 0, 0, 0, 0, 0, 0, 0, 0, 0, 0, 0, , 0, 0, RAGASA,
WP, 24, 2025092406,   , BEST,   0, 216N, 1125E, 110,  944, TY,   0, , 0, 0, 0, 0, 0, 0, 0, 0, 0, 0, 0, , 0, 0, RAGASA,
WP, 24, 2025092412,   , BEST,   0, 218N, 1111E,  80,  966, TY,   0, , 0, 0, 0, 0, 0, 0, 0, 0, 0, 0, 0, , 0, 0, RAGASA,
WP, 24, 2025092418,   , BEST,   0, 219N, 1098E,  60,  974, TS,   0, , 0, 0, 0, 0, 0, 0, 0, 0, 0, 0, 0, , 0, 0, RAGASA,
WP, 24, 2025092500,   , BEST,   0, 220N, 1087E,  40,  981, TS,   0, , 0, 0, 0, 0, 0, 0, 0, 0, 0, 0, 0, , 0, 0, RAGASA,
WP, 24, 2025092506,   , BEST,   0, 221N, 1075E,  30,  996, TD,   0, , 0, 0, 0, 0, 0, 0, 0, 0, 0, 0, 0, , 0, 0, RAGASA,
WP, 24, 2025092512,   , BEST,   0, 222N, 1060E,  20, 1001, DB,   0, , 0, 0, 0, 0, 0, 0, 0, 0, 0, 0, 0, , 0, 0, RAGASA,
WP, 24, 2025092518,   , BEST,   0, 224N, 1044E,  15, 1001, DB,   0, , 0, 0, 0, 0, 0, 0, 0, 0, 0, 0, 0, , 0, 0, RAGASA,
Analyzed by 223
