WP, 95, 2025100406,   , BEST,   0,  65N, 1553E,  15, 1009, DB,   0, , 0, 0, 0, 0, 0, 0, 0, 0, 0, 0, 0, , 0, 0, INVEST,
WP, 95, 2025100412,   , BEST,   0,  69N, 1544E,  15, 1009, DB,   0, , 0, 0, 0, 0, 0, 0, 0, 0, 0, 0, 0, , 0, 0, INVEST,
WP, 95, 2025100418,   , BEST,   0,  73N, 1532E,  15, 1009, DB,   0, , 0, 0, 0, 0, 0, 0, 0, 0, 0, 0, 0, , 0, 0, INVEST,
WP, 95, 2025100500,   , BEST,   0,  78N, 1519E,  15, 1009, DB,   0, , 0, 0, 0, 0, 0, 0, 0, 0, 0, 0, 0, , 0, 0, INVEST,
WP, 95, 2025100506,   , BEST,   0,  87N, 1506E,  15, 1007, DB,   0, , 0, 0, 0, 0, 0, 0, 0, 0, 0, 0, 0, , 0, 0, INVEST,
WP, 95, 2025100512,   , BEST,   0, 100N, 1499E,  15, 1007, DB,   0, , 0, 0, 0, 0, 0, 0, 0, 0, 0, 0, 0, , 0, 0, INVEST,
WP, 95, 2025100518,   , BEST,   0, 108N, 1496E,  15, 1007, DB,   0, , 0, 0, 0, 0, 0, 0, 0, 0, 0, 0, 0, , 0, 0, INVEST,
WP, 95, 2025100600,   , BEST,   0, 116N, 1490E,  15, 1007, DB,   0, , 0, 0, 0, 0, 0, 0, 0, 0, 0, 0, 0, , 0, 0, INVEST,
WP, 95, 2025100606,   , BEST,   0, 122N, 1479E,  15, 1007, DB,   0, , 0, 0, 0, 0, 0, 0, 0, 0, 0, 0, 0, , 0, 0, INVEST,
WP, 95, 2025100612,   , BEST,   0, 128N, 1468E,  20, 1007, DB,   0, , 0, 0, 0, 0, 0, 0, 0, 0, 0, 0, 0, , 0, 0, INVEST,
WP, 95, 2025100618,   , BEST,   0, 134N, 1458E,  20, 1006, DB,   0, , 0, 0, 0, 0, 0, 0, 0, 0, 0, 0, 0, , 0, 0, INVEST,
WP, 95, 2025100700,   , BEST,   0, 141N, 1449E,  25, 1009, TD,   0, , 0, 0, 0, 0, 0, 0, 0, 0, 0, 0, 0, , 0, 0, INVEST,
WP, 95, 2025100706,   , BEST,   0, 153N, 1432E,  25, 1008, TD,   0, , 0, 0, 0, 0, 0, 0, 0, 0, 0, 0, 0, , 0, 0, INVEST,
WP, 95, 2025100712,   , BEST,   0, 162N, 1410E,  30, 1008, TD,   0, , 0, 0, 0, 0, 0, 0, 0, 0, 0, 0, 0, , 0, 0, INVEST,
WP, 95, 2025100718,   , BEST,   0, 169N, 1394E,  35, 1008, TS,   0, , 0, 0, 0, 0, 0, 0, 0, 0, 0, 0, 0, , 0, 0, INVEST,
WP, 95, 2025100800,   , BEST,   0, 177N, 1389E,  40, 1005, TS,   0, , 0, 0, 0, 0, 0, 0, 0, 0, 0, 0, 0, , 0, 0, INVEST,
WP, 29, 2025100806,   , BEST,   0, 190N, 1383E,  45, 1001, TS,   0, , 0, 0, 0, 0, 0, 0, 0, 0, 0, 0, 0, , 0, 0, TWENTYNINE, TRANSITIONED, wpF52025 to wp292025, 
WP, 29, 2025100812,   , BEST,   0, 205N, 1373E,  50, 1001, TS,   0, , 0, 0, 0, 0, 0, 0, 0, 0, 0, 0, 0, , 0, 0, NAKRI,
WP, 29, 2025100818,   , BEST,   0, 219N, 1363E,  45, 1000, TS,   0, , 0, 0, 0, 0, 0, 0, 0, 0, 0, 0, 0, , 0, 0, NAKRI,
WP, 29, 2025100900,   , BEST,   0, 230N, 1357E,  45, 1000, TS,   0, , 0, 0, 0, 0, 0, 0, 0, 0, 0, 0, 0, , 0, 0, NAKRI,
WP, 29, 2025100906,   , BEST,   0, 241N, 1348E,  45, 1002, TS,   0, , 0, 0, 0, 0, 0, 0, 0, 0, 0, 0, 0, , 0, 0, NAKRI,
WP, 29, 2025100912,   , BEST,   0, 250N, 1343E,  40, 1001, TS,   0, , 0, 0, 0, 0, 0, 0, 0, 0, 0, 0, 0, , 0, 0, NAKRI,
WP, 29, 2025100918,   , BEST,   0, 258N, 1339E,  40, 1002, TS,   0, , 0, 0, 0, 0, 0, 0, 0, 0, 0, 0, 0, , 0, 0, NAKRI,
WP, 29, 2025101000,   , BEST,   0, 267N, 1327E,  40, 1002, TS,   0, , 0, 0, 0, 0, 0, 0, 0, 0, 0, 0, 0, , 0, 0, NAKRI,
WP, 29, 2025101006,   , BEST,   0, 270N, 1316E,  35, 1003, TS,   0, , 0, 0, 0, 0, 0, 0, 0, 0, 0, 0, 0, , 0, 0, NAKRI,
WP, 29, 2025101012,   , BEST,   0, 265N, 1308E,  45, 1001, TS,   0, , 0, 0, 0, 0, 0, 0, 0, 0, 0, 0, 0, , 0, 0, NAKRI,
WP, 29, 2025101018,   , BEST,   0, 266N, 1304E,  45, 1000, TS,   0, , 0, 0, 0, 0, 0, 0, 0, 0, 0, 0, 0, , 0, 0, NAKRI,
WP, 29, 2025101100,   , BEST,   0, 272N, 1303E,  50, 1000, TS,   0, , 0, 0, 0, 0, 0, 0, 0, 0, 0, 0, 0, , 0, 0, NAKRI,
WP, 29, 2025101106,   , BEST,   0, 278N, 1310E,  55, 1000, TS,   0, , 0, 0, 0, 0, 0, 0, 0, 0, 0, 0, 0, , 0, 0, NAKRI,
WP, 29, 2025101112,   , BEST,   0, 288N, 1315E,  55,  997, TS,   0, , 0, 0, 0, 0, 0, 0, 0, 0, 0, 0, 0, , 0, 0, NAKRI,
WP, 29, 2025101118,   , BEST,   0, 296N, 1325E,  55,  993, TS,   0, , 0, 0, 0, 0, 0, 0, 0, 0, 0, 0, 0, , 0, 0, NAKRI,
WP, 29, 2025101200,   , BEST,   0, 302N, 1338E,  60,  984, TS,   0, , 0, 0, 0, 0, 0, 0, 0, 0, 0, 0, 0, , 0, 0, NAKRI,
WP, 29, 2025101206,   , BEST,   0, 309N, 1352E,  65,  984, TY,   0, , 0, 0, 0, 0, 0, 0, 0, 0, 0, 0, 0, , 0, 0, NAKRI,
WP, 29, 2025101212,   , BEST,   0, 315N, 1366E,  65,  982, TY,   0, , 0, 0, 0, 0, 0, 0, 0, 0, 0, 0, 0, , 0, 0, NAKRI,
WP, 29, 2025101218,   , BEST,   0, 322N, 1383E,  70,  978, TY,   0, , 0, 0, 0, 0, 0, 0, 0, 0, 0, 0, 0, , 0, 0, NAKRI,
WP, 29, 2025101300,   , BEST,   0, 331N, 1405E,  75,  974, TY,   0, , 0, 0, 0, 0, 0, 0, 0, 0, 0, 0, 0, , 0, 0, NAKRI,
WP, 29, 2025101306,   , BEST,   0, 337N, 1428E,  75,  981, TY,   0, , 0, 0, 0, 0, 0, 0, 0, 0, 0, 0, 0, , 0, 0, NAKRI,
WP, 29, 2025101312,   , BEST,   0, 341N, 1453E,  75,  980, TY,   0, , 0, 0, 0, 0, 0, 0, 0, 0, 0, 0, 0, , 0, 0, NAKRI,
WP, 29, 2025101318,   , BEST,   0, 344N, 1480E,  85,  985, TY,   0, , 0, 0, 0, 0, 0, 0, 0, 0, 0, 0, 0, , 0, 0, NAKRI,
WP, 29, 2025101400,   , BEST,   0, 347N, 1512E,  90,  974, TY,   0, , 0, 0, 0, 0, 0, 0, 0, 0, 0, 0, 0, , 0, 0, NAKRI,
WP, 29, 2025101406,   , BEST,   0, 350N, 1546E,  80,  979, TY,   0, , 0, 0, 0, 0, 0, 0, 0, 0, 0, 0, 0, , 0, 0, NAKRI,
WP, 29, 2025101412,   , BEST,   0, 350N, 1574E,  70,  979, TY,   0, , 0, 0, 0, 0, 0, 0, 0, 0, 0, 0, 0, , 0, 0, NAKRI,
WP, 29, 2025101418,   , BEST,   0, 349N, 1599E,  65,  980, TY,   0, , 0, 0, 0, 0, 0, 0, 0, 0, 0, 0, 0, , 0, 0, NAKRI,
WP, 29, 2025101500,   , BEST,   0, 345N, 1624E,  60,  985, EX,   0, , 0, 0, 0, 0, 0, 0, 0, 0, 0, 0, 0, , 0, 0, NAKRI,
WP, 29, 2025101506,   , BEST,   0, 340N, 1647E,  55,  988, EX,   0, , 0, 0, 0, 0, 0, 0, 0, 0, 0, 0, 0, , 0, 0, NAKRI,
Analyzed by 223
