WP, 94, 2025100200,   , BEST,   0, 168N, 1508E,  15, 1009, DB,   0, , 0, 0, 0, 0, 0, 0, 0, 0, 0, 0, 0, , 0, 0, INVEST,
WP, 94, 2025100206,   , BEST,   0, 171N, 1500E,  15, 1009, DB,   0, , 0, 0, 0, 0, 0, 0, 0, 0, 0, 0, 0, , 0, 0, INVEST,
WP, 94, 2025100212,   , BEST,   0, 174N, 1492E,  20, 1009, DB,   0, , 0, 0, 0, 0, 0, 0, 0, 0, 0, 0, 0, , 0, 0, INVEST,
WP, 94, 2025100218,   , BEST,   0, 181N, 1483E,  20, 1010, DB,   0, , 0, 0, 0, 0, 0, 0, 0, 0, 0, 0, 0, , 0, 0, INVEST,
WP, 94, 2025100300,   , BEST,   0, 190N, 1477E,  20, 1011, DB,   0, , 0, 0, 0, 0, 0, 0, 0, 0, 0, 0, 0, , 0, 0, INVEST,
WP, 94, 2025100306,   , BEST,   0, 203N, 1465E,  20, 1011, DB,   0, , 0, 0, 0, 0, 0, 0, 0, 0, 0, 0, 0, , 0, 0, INVEST,
WP, 94, 2025100312,   , BEST,   0, 213N, 1451E,  20, 1011, DB,   0, , 0, 0, 0, 0, 0, 0, 0, 0, 0, 0, 0, , 0, 0, INVEST,
WP, 94, 2025100318,   , BEST,   0, 227N, 1439E,  20, 1011, DB,   0, , 0, 0, 0, 0, 0, 0, 0, 0, 0, 0, 0, , 0, 0, INVEST,
WP, 28, 2025100400,   , BEST,   0, 234N, 1435E,  30, 1006, TD,   0, , 0, 0, 0, 0, 0, 0, 0, 0, 0, 0, 0, , 0, 0, INVEST,
WP, 28, 2025100406,   , BEST,   0, 240N, 1434E,  30, 1005, TD,   0, , 0, 0, 0, 0, 0, 0, 0, 0, 0, 0, 0, , 0, 0, INVEST,
WP, 28, 2025100412,   , BEST,   0, 247N, 1432E,  30, 1003, TD,   0, , 0, 0, 0, 0, 0, 0, 0, 0, 0, 0, 0, , 0, 0, TWENTYEIGHT, TRANSITIONED, wpF42025 to wp282025, 
WP, 28, 2025100418,   , BEST,   0, 250N, 1430E,  35, 1002, TS,   0, , 0, 0, 0, 0, 0, 0, 0, 0, 0, 0, 0, , 0, 0, HALONG,
WP, 28, 2025100500,   , BEST,   0, 251N, 1428E,  40, 1002, TS,   0, , 0, 0, 0, 0, 0, 0, 0, 0, 0, 0, 0, , 0, 0, HALONG,
WP, 28, 2025100506,   , BEST,   0, 251N, 1426E,  50,  994, TS,   0, , 0, 0, 0, 0, 0, 0, 0, 0, 0, 0, 0, , 0, 0, HALONG,
WP, 28, 2025100512,   , BEST,   0, 252N, 1423E,  60,  991, TS,   0, , 0, 0, 0, 0, 0, 0, 0, 0, 0, 0, 0, , 0, 0, HALONG,
WP, 28, 2025100518,   , BEST,   0, 254N, 1419E,  60,  985, TS,   0, , 0, 0, 0, 0, 0, 0, 0, 0, 0, 0, 0, , 0, 0, HALONG,
WP, 28, 2025100600,   , BEST,   0, 256N, 1415E,  65,  981, TY,   0, , 0, 0, 0, 0, 0, 0, 0, 0, 0, 0, 0, , 0, 0, HALONG,
WP, 28, 2025100606,   , BEST,   0, 259N, 1409E,  75,  977, TY,   0, , 0, 0, 0, 0, 0, 0, 0, 0, 0, 0, 0, , 0, 0, HALONG,
WP, 28, 2025100612,   , BEST,   0, 263N, 1400E,  70,  976, TY,   0, , 0, 0, 0, 0, 0, 0, 0, 0, 0, 0, 0, , 0, 0, HALONG,
WP, 28, 2025100618,   , BEST,   0, 266N, 1392E,  80,  977, TY,   0, , 0, 0, 0, 0, 0, 0, 0, 0, 0, 0, 0, , 0, 0, HALONG,
WP, 28, 2025100700,   , BEST,   0, 270N, 1385E,  95,  967, TY,   0, , 0, 0, 0, 0, 0, 0, 0, 0, 0, 0, 0, , 0, 0, HALONG,
WP, 28, 2025100706,   , BEST,   0, 275N, 1379E, 105,  958, TY,   0, , 0, 0, 0, 0, 0, 0, 0, 0, 0, 0, 0, , 0, 0, HALONG,
WP, 28, 2025100712,   , BEST,   0, 281N, 1373E, 120,  936, TY,   0, , 0, 0, 0, 0, 0, 0, 0, 0, 0, 0, 0, , 0, 0, HALONG,
WP, 28, 2025100718,   , BEST,   0, 288N, 1370E, 130,  936, ST,   0, , 0, 0, 0, 0, 0, 0, 0, 0, 0, 0, 0, , 0, 0, HALONG,
WP, 28, 2025100800,   , BEST,   0, 295N, 1370E, 125,  967, TY,   0, , 0, 0, 0, 0, 0, 0, 0, 0, 0, 0, 0, , 0, 0, HALONG,
WP, 28, 2025100806,   , BEST,   0, 305N, 1376E, 115,  935, TY,   0, , 0, 0, 0, 0, 0, 0, 0, 0, 0, 0, 0, , 0, 0, HALONG,
WP, 28, 2025100812,   , BEST,   0, 315N, 1385E, 110,  940, TY,   0, , 0, 0, 0, 0, 0, 0, 0, 0, 0, 0, 0, , 0, 0, HALONG,
WP, 28, 2025100818,   , BEST,   0, 324N, 1395E, 115,  942, TY,   0, , 0, 0, 0, 0, 0, 0, 0, 0, 0, 0, 0, , 0, 0, HALONG,
WP, 28, 2025100900,   , BEST,   0, 330N, 1411E, 110,  946, TY,   0, , 0, 0, 0, 0, 0, 0, 0, 0, 0, 0, 0, , 0, 0, HALONG,
WP, 28, 2025100906,   , BEST,   0, 336N, 1436E, 100,  959, TY,   0, , 0, 0, 0, 0, 0, 0, 0, 0, 0, 0, 0, , 0, 0, HALONG,
WP, 28, 2025100912,   , BEST,   0, 339N, 1467E, 100,  968, TY,   0, , 0, 0, 0, 0, 0, 0, 0, 0, 0, 0, 0, , 0, 0, HALONG,
WP, 28, 2025100918,   , BEST,   0, 341N, 1503E,  95,  980, TY,   0, , 0, 0, 0, 0, 0, 0, 0, 0, 0, 0, 0, , 0, 0, HALONG,
WP, 28, 2025101000,   , BEST,   0, 345N, 1547E,  90,  979, TY,   0, , 0, 0, 0, 0, 0, 0, 0, 0, 0, 0, 0, , 0, 0, HALONG,
WP, 28, 2025101006,   , BEST,   0, 346N, 1590E,  85,  975, TY,   0, , 0, 0, 0, 0, 0, 0, 0, 0, 0, 0, 0, , 0, 0, HALONG,
WP, 28, 2025101012,   , BEST,   0, 346N, 1624E,  80,  978, TY,   0, , 0, 0, 0, 0, 0, 0, 0, 0, 0, 0, 0, , 0, 0, HALONG,
WP, 28, 2025101018,   , BEST,   0, 354N, 1670E,  70,  980, EX,   0, , 0, 0, 0, 0, 0, 0, 0, 0, 0, 0, 0, , 0, 0, HALONG,
WP, 28, 2025101100,   , BEST,   0, 379N, 1710E,  65,  979, EX,   0, , 0, 0, 0, 0, 0, 0, 0, 0, 0, 0, 0, , 0, 0, HALONG,
Analyzed by 223
