WP, 90, 2025110212,   , BEST,   0,  81N, 1485E,  15, 1009, DB,   0, , 0, 0, 0, 0, 0, 0, 0, 0, 0, 0, 0, , 0, 0, INVEST,
WP, 90, 2025110218,   , BEST,   0,  82N, 1479E,  15, 1006, DB,   0, , 0, 0, 0, 0, 0, 0, 0, 0, 0, 0, 0, , 0, 0, INVEST,
WP, 90, 2025110300,   , BEST,   0,  85N, 1470E,  15, 1006, DB,   0, , 0, 0, 0, 0, 0, 0, 0, 0, 0, 0, 0, , 0, 0, INVEST,
WP, 90, 2025110306,   , BEST,   0,  87N, 1463E,  20, 1006, DB,   0, , 0, 0, 0, 0, 0, 0, 0, 0, 0, 0, 0, , 0, 0, INVEST,
WP, 90, 2025110312,   , BEST,   0,  90N, 1455E,  25, 1005, TD,   0, , 0, 0, 0, 0, 0, 0, 0, 0, 0, 0, 0, , 0, 0, INVEST,
WP, 90, 2025110318,   , BEST,   0,  93N, 1446E,  25, 1004, TD,   0, , 0, 0, 0, 0, 0, 0, 0, 0, 0, 0, 0, , 0, 0, INVEST,
WP, 90, 2025110400,   , BEST,   0,  96N, 1438E,  30, 1001, TD,   0, , 0, 0, 0, 0, 0, 0, 0, 0, 0, 0, 0, , 0, 0, INVEST,
WP, 32, 2025110406,   , BEST,   0,  96N, 1429E,  30, 1000, TD,   0, , 0, 0, 0, 0, 0, 0, 0, 0, 0, 0, 0, , 0, 0, THIRTYTWO, TRANSITIONED, wpG02025 to wp322025, 
WP, 32, 2025110412,   , BEST,   0,  91N, 1417E,  30, 1000, TD,   0, , 0, 0, 0, 0, 0, 0, 0, 0, 0, 0, 0, , 0, 0, THIRTYTWO,
WP, 32, 2025110418,   , BEST,   0,  84N, 1422E,  30, 1000, TD,   0, , 0, 0, 0, 0, 0, 0, 0, 0, 0, 0, 0, , 0, 0, THIRTYTWO,
WP, 32, 2025110500,   , BEST,   0,  81N, 1434E,  30,  999, TD,   0, , 0, 0, 0, 0, 0, 0, 0, 0, 0, 0, 0, , 0, 0, THIRTYTWO,
WP, 32, 2025110506,   , BEST,   0,  86N, 1428E,  30,  998, TD,   0, , 0, 0, 0, 0, 0, 0, 0, 0, 0, 0, 0, , 0, 0, THIRTYTWO,
WP, 32, 2025110512,   , BEST,   0,  91N, 1421E,  30,  998, TD,   0, , 0, 0, 0, 0, 0, 0, 0, 0, 0, 0, 0, , 0, 0, THIRTYTWO,
WP, 32, 2025110518,   , BEST,   0,  94N, 1414E,  30,  996, TD,   0, , 0, 0, 0, 0, 0, 0, 0, 0, 0, 0, 0, , 0, 0, THIRTYTWO,
WP, 32, 2025110600,   , BEST,   0,  96N, 1408E,  35,  996, TS,   0, , 0, 0, 0, 0, 0, 0, 0, 0, 0, 0, 0, , 0, 0, THIRTYTWO,
WP, 32, 2025110606,   , BEST,   0,  99N, 1400E,  35,  992, TS,   0, , 0, 0, 0, 0, 0, 0, 0, 0, 0, 0, 0, , 0, 0, FUNG-WONG,
WP, 32, 2025110612,   , BEST,   0, 103N, 1394E,  40,  995, TS,   0, , 0, 0, 0, 0, 0, 0, 0, 0, 0, 0, 0, , 0, 0, FUNG-WONG,
WP, 32, 2025110618,   , BEST,   0, 108N, 1389E,  45,  993, TS,   0, , 0, 0, 0, 0, 0, 0, 0, 0, 0, 0, 0, , 0, 0, FUNG-WONG,
WP, 32, 2025110700,   , BEST,   0, 114N, 1379E,  55,  991, TS,   0, , 0, 0, 0, 0, 0, 0, 0, 0, 0, 0, 0, , 0, 0, FUNG-WONG,
WP, 32, 2025110706,   , BEST,   0, 117N, 1366E,  60,  985, TS,   0, , 0, 0, 0, 0, 0, 0, 0, 0, 0, 0, 0, , 0, 0, FUNG-WONG,
WP, 32, 2025110712,   , BEST,   0, 120N, 1352E,  65,  982, TY,   0, , 0, 0, 0, 0, 0, 0, 0, 0, 0, 0, 0, , 0, 0, FUNG-WONG,
WP, 32, 2025110718,   , BEST,   0, 124N, 1338E,  70,  980, TY,   0, , 0, 0, 0, 0, 0, 0, 0, 0, 0, 0, 0, , 0, 0, FUNG-WONG,
WP, 32, 2025110800,   , BEST,   0, 127N, 1322E,  80,  975, TY,   0, , 0, 0, 0, 0, 0, 0, 0, 0, 0, 0, 0, , 0, 0, FUNG-WONG,
WP, 32, 2025110806,   , BEST,   0, 130N, 1306E,  90,  971, TY,   0, , 0, 0, 0, 0, 0, 0, 0, 0, 0, 0, 0, , 0, 0, FUNG-WONG,
WP, 32, 2025110812,   , BEST,   0, 134N, 1284E, 100,  971, TY,   0, , 0, 0, 0, 0, 0, 0, 0, 0, 0, 0, 0, , 0, 0, FUNG-WONG,
WP, 32, 2025110818,   , BEST,   0, 138N, 1266E, 110,  942, TY,   0, , 0, 0, 0, 0, 0, 0, 0, 0, 0, 0, 0, , 0, 0, FUNG-WONG,
WP, 32, 2025110900,   , BEST,   0, 143N, 1248E, 105,  945, TY,   0, , 0, 0, 0, 0, 0, 0, 0, 0, 0, 0, 0, , 0, 0, FUNG-WONG,
WP, 32, 2025110906,   , BEST,   0, 150N, 1232E, 105,  947, TY,   0, , 0, 0, 0, 0, 0, 0, 0, 0, 0, 0, 0, , 0, 0, FUNG-WONG,
WP, 32, 2025110912,   , BEST,   0, 159N, 1219E,  95,  945, TY,   0, , 0, 0, 0, 0, 0, 0, 0, 0, 0, 0, 0, , 0, 0, FUNG-WONG,
WP, 32, 2025110918,   , BEST,   0, 165N, 1203E,  80,  959, TY,   0, , 0, 0, 0, 0, 0, 0, 0, 0, 0, 0, 0, , 0, 0, FUNG-WONG,
WP, 32, 2025111000,   , BEST,   0, 168N, 1194E,  60,  967, TS,   0, , 0, 0, 0, 0, 0, 0, 0, 0, 0, 0, 0, , 0, 0, FUNG-WONG,
WP, 32, 2025111006,   , BEST,   0, 173N, 1189E,  70,  979, TY,   0, , 0, 0, 0, 0, 0, 0, 0, 0, 0, 0, 0, , 0, 0, FUNG-WONG,
WP, 32, 2025111012,   , BEST,   0, 178N, 1187E,  75,  978, TY,   0, , 0, 0, 0, 0, 0, 0, 0, 0, 0, 0, 0, , 0, 0, FUNG-WONG,
WP, 32, 2025111018,   , BEST,   0, 185N, 1184E,  75,  977, TY,   0, , 0, 0, 0, 0, 0, 0, 0, 0, 0, 0, 0, , 0, 0, FUNG-WONG,
WP, 32, 2025111100,   , BEST,   0, 194N, 1184E,  65,  982, TY,   0, , 0, 0, 0, 0, 0, 0, 0, 0, 0, 0, 0, , 0, 0, FUNG-WONG,
WP, 32, 2025111106,   , BEST,   0, 200N, 1186E,  60,  986, TS,   0, , 0, 0, 0, 0, 0, 0, 0, 0, 0, 0, 0, , 0, 0, FUNG-WONG,
WP, 32, 2025111112,   , BEST,   0, 206N, 1188E,  55,  990, TS,   0, , 0, 0, 0, 0, 0, 0, 0, 0, 0, 0, 0, , 0, 0, FUNG-WONG,
WP, 32, 2025111118,   , BEST,   0, 210N, 1190E,  50,  991, TS,   0, , 0, 0, 0, 0, 0, 0, 0, 0, 0, 0, 0, , 0, 0, FUNG-WONG,
WP, 32, 2025111200,   , BEST,   0, 214N, 1193E,  45,  993, TS,   0, , 0, 0, 0, 0, 0, 0, 0, 0, 0, 0, 0, , 0, 0, FUNG-WONG,
WP, 32, 2025111206,   , BEST,   0, 218N, 1198E,  40,  993, TS,   0, , 0, 0, 0, 0, 0, 0, 0, 0, 0, 0, 0, , 0, 0, FUNG-WONG,
WP, 32, 2025111212,   , BEST,   0, 222N, 1208E,  40,  998, TS,   0, , 0, 0, 0, 0, 0, 0, 0, 0, 0, 0, 0, , 0, 0, FUNG-WONG,
WP, 32, 2025111218,   , BEST,   0, 231N, 1218E,  35, 1001, TS,   0, , 0, 0, 0, 0, 0, 0, 0, 0, 0, 0, 0, , 0, 0, FUNG-WONG,
WP, 32, 2025111300,   , BEST,   0, 244N, 1228E,  35, 1001, EX,   0, , 0, 0, 0, 0, 0, 0, 0, 0, 0, 0, 0, , 0, 0, FUNG-WONG,
WP, 32, 2025111306,   , BEST,   0, 254N, 1244E,  35, 1003, EX,   0, , 0, 0, 0, 0, 0, 0, 0, 0, 0, 0, 0, , 0, 0, FUNG-WONG,
WP, 32, 2025111312,   , BEST,   0, 260N, 1266E,  30, 1004, EX,   0, , 0, 0, 0, 0, 0, 0, 0, 0, 0, 0, 0, , 0, 0, FUNG-WONG,
WP, 32, 2025111318,   , BEST,   0, 259N, 1287E,  25, 1005, EX,   0, , 0, 0, 0, 0, 0, 0, 0, 0, 0, 0, 0, , 0, 0, FUNG-WONG,
WP, 32, 2025111400,   , BEST,   0, 255N, 1308E,  20, 1006, EX,   0, , 0, 0, 0, 0, 0, 0, 0, 0, 0, 0, 0, , 0, 0, FUNG-WONG,
Analyzed by 223
