WP, 93, 2012121900,   , CHP6,   0,  26N, 1609E,  15, 1012, DB,   0, , 0, 0, 0, 0, 0, 0, 0, 0, 0, 0, 0, , 0, 0, INVEST,
WP, 93, 2012121906,   , CHP6,   0,  28N, 1601E,  15, 1011, DB,   0, , 0, 0, 0, 0, 0, 0, 0, 0, 0, 0, 0, , 0, 0, INVEST,
WP, 93, 2012121912,   , CHP6,   0,  31N, 1592E,  20, 1008, DB,   0, , 0, 0, 0, 0, 0, 0, 0, 0, 0, 0, 0, , 0, 0, INVEST,
WP, 27, 2012121918,   , CHP6,   0,  35N, 1582E,  25, 1005, TD,   0, , 0, 0, 0, 0, 0, 0, 0, 0, 0, 0, 0, , 0, 0, TWENTYSEVEN,
WP, 27, 2012122000,   , CHP6,   0,  39N, 1570E,  25, 1006, TD,   0, , 0, 0, 0, 0, 0, 0, 0, 0, 0, 0, 0, , 0, 0, TWENTYSEVEN,
WP, 27, 2012122006,   , CHP6,   0,  44N, 1556E,  20, 1006, DB,   0, , 0, 0, 0, 0, 0, 0, 0, 0, 0, 0, 0, , 0, 0, TWENTYSEVEN,
WP, 27, 2012122012,   , CHP6,   0,  47N, 1543E,  15, 1005, DB,   0, , 0, 0, 0, 0, 0, 0, 0, 0, 0, 0, 0, , 0, 0, TWENTYSEVEN,
WP, 27, 2012122018,   , CHP6,   0,  50N, 1531E,  20, 1005, DB,   0, , 0, 0, 0, 0, 0, 0, 0, 0, 0, 0, 0, , 0, 0, TWENTYSEVEN,
WP, 27, 2012122100,   , CHP6,   0,  52N, 1517E,  25, 1004, TD,   0, , 0, 0, 0, 0, 0, 0, 0, 0, 0, 0, 0, , 0, 0, TWENTYSEVEN,
WP, 27, 2012122106,   , CHP6,   0,  55N, 1502E,  25, 1002, TD,   0, , 0, 0, 0, 0, 0, 0, 0, 0, 0, 0, 0, , 0, 0, TWENTYSEVEN,
WP, 27, 2012122112,   , CHP6,   0,  58N, 1485E,  25, 1002, TD,   0, , 0, 0, 0, 0, 0, 0, 0, 0, 0, 0, 0, , 0, 0, TWENTYSEVEN,
WP, 27, 2012122118,   , CHP6,   0,  61N, 1469E,  30, 1000, TD,   0, , 0, 0, 0, 0, 0, 0, 0, 0, 0, 0, 0, , 0, 0, TWENTYSEVEN,
WP, 27, 2012122200,   , CHP6,   0,  65N, 1451E,  25, 1003, TD,   0, , 0, 0, 0, 0, 0, 0, 0, 0, 0, 0, 0, , 0, 0, TWENTYSEVEN,
WP, 27, 2012122206,   , CHP6,   0,  68N, 1430E,  20, 1005, DB,   0, , 0, 0, 0, 0, 0, 0, 0, 0, 0, 0, 0, , 0, 0, TWENTYSEVEN,
WP, 27, 2012122212,   , CHP6,   0,  69N, 1412E,  20, 1004, DB,   0, , 0, 0, 0, 0, 0, 0, 0, 0, 0, 0, 0, , 0, 0, TWENTYSEVEN,
WP, 27, 2012122218,   , CHP6,   0,  70N, 1397E,  20, 1004, DB,   0, , 0, 0, 0, 0, 0, 0, 0, 0, 0, 0, 0, , 0, 0, TWENTYSEVEN,
WP, 27, 2012122300,   , CHP6,   0,  74N, 1380E,  25, 1003, TD,   0, , 0, 0, 0, 0, 0, 0, 0, 0, 0, 0, 0, , 0, 0, TWENTYSEVEN,
WP, 27, 2012122306,   , CHP6,   0,  78N, 1365E,  25, 1001, TD,   0, , 0, 0, 0, 0, 0, 0, 0, 0, 0, 0, 0, , 0, 0, TWENTYSEVEN,
WP, 27, 2012122312,   , CHP6,   0,  81N, 1350E,  30,  999, TD,   0, , 0, 0, 0, 0, 0, 0, 0, 0, 0, 0, 0, , 0, 0, TWENTYSEVEN,
WP, 27, 2012122318,   , CHP6,   0,  83N, 1338E,  40,  997, TS,   0, , 0, 0, 0, 0, 0, 0, 0, 0, 0, 0, 0, , 0, 0, WUKONG,
WP, 27, 2012122400,   , CHP6,   0,  87N, 1327E,  35,  998, TS,   0, , 0, 0, 0, 0, 0, 0, 0, 0, 0, 0, 0, , 0, 0, WUKONG,
WP, 27, 2012122406,   , CHP6,   0,  92N, 1316E,  30,  999, TD,   0, , 0, 0, 0, 0, 0, 0, 0, 0, 0, 0, 0, , 0, 0, WUKONG,
WP, 27, 2012122412,   , CHP6,   0,  97N, 1307E,  30,  999, TD,   0, , 0, 0, 0, 0, 0, 0, 0, 0, 0, 0, 0, , 0, 0, WUKONG,
WP, 27, 2012122418,   , CHP6,   0, 100N, 1298E,  40,  997, TS,   0, , 0, 0, 0, 0, 0, 0, 0, 0, 0, 0, 0, , 0, 0, WUKONG,
WP, 27, 2012122500,   , CHP6,   0, 102N, 1286E,  45,  996, TS,   0, , 0, 0, 0, 0, 0, 0, 0, 0, 0, 0, 0, , 0, 0, WUKONG,
WP, 27, 2012122506,   , CHP6,   0, 103N, 1272E,  35,  998, TS,   0, , 0, 0, 0, 0, 0, 0, 0, 0, 0, 0, 0, , 0, 0, WUKONG,
WP, 27, 2012122512,   , CHP6,   0, 105N, 1261E,  40,  996, TS,   0, , 0, 0, 0, 0, 0, 0, 0, 0, 0, 0, 0, , 0, 0, WUKONG,
WP, 27, 2012122518,   , CHP6,   0, 108N, 1248E,  50,  993, TS,   0, , 0, 0, 0, 0, 0, 0, 0, 0, 0, 0, 0, , 0, 0, WUKONG,
WP, 27, 2012122600,   , CHP6,   0, 111N, 1233E,  55,  990, TS,   0, , 0, 0, 0, 0, 0, 0, 0, 0, 0, 0, 0, , 0, 0, WUKONG,
WP, 27, 2012122606,   , CHP6,   0, 114N, 1220E,  39,  997, TS,   0, , 0, 0, 0, 0, 0, 0, 0, 0, 0, 0, 0, , 0, 0, WUKONG,
WP, 27, 2012122612,   , CHP6,   0, 116N, 1205E,  34,  999, TS,   0, , 0, 0, 0, 0, 0, 0, 0, 0, 0, 0, 0, , 0, 0, WUKONG,
WP, 27, 2012122618,   , CHP6,   0, 117N, 1189E,  35,  999, TS,   0, , 0, 0, 0, 0, 0, 0, 0, 0, 0, 0, 0, , 0, 0, WUKONG,
WP, 27, 2012122700,   , CHP6,   0, 118N, 1177E,  44,  995, TS,   0, , 0, 0, 0, 0, 0, 0, 0, 0, 0, 0, 0, , 0, 0, WUKONG,
WP, 27, 2012122706,   , CHP6,   0, 119N, 1164E,  48,  996, TS,   0, , 0, 0, 0, 0, 0, 0, 0, 0, 0, 0, 0, , 0, 0, WUKONG,
WP, 27, 2012122712,   , CHP6,   0, 118N, 1154E,  51,  994, TS,   0, , 0, 0, 0, 0, 0, 0, 0, 0, 0, 0, 0, , 0, 0, WUKONG,
WP, 27, 2012122718,   , CHP6,   0, 116N, 1143E,  54,  993, TS,   0, , 0, 0, 0, 0, 0, 0, 0, 0, 0, 0, 0, , 0, 0, WUKONG,
WP, 27, 2012122800,   , CHP6,   0, 113N, 1135E,  56,  992, TS,   0, , 0, 0, 0, 0, 0, 0, 0, 0, 0, 0, 0, , 0, 0, WUKONG,
WP, 27, 2012122806,   , CHP6,   0, 109N, 1126E,  56,  990, TS,   0, , 0, 0, 0, 0, 0, 0, 0, 0, 0, 0, 0, , 0, 0, WUKONG,
WP, 27, 2012122812,   , CHP6,   0, 105N, 1119E,  57,  989, TS,   0, , 0, 0, 0, 0, 0, 0, 0, 0, 0, 0, 0, , 0, 0, WUKONG,
WP, 27, 2012122818,   , CHP6,   0, 101N, 1112E,  60,  987, TS,   0, , 0, 0, 0, 0, 0, 0, 0, 0, 0, 0, 0, , 0, 0, WUKONG,
WP, 27, 2012122900,   , CHP6,   0,  97N, 1105E,  64,  985, TY,   0, , 0, 0, 0, 0, 0, 0, 0, 0, 0, 0, 0, , 0, 0, WUKONG,
WP, 27, 2012122906,   , CHP6,   0,  93N, 1098E,  70,  981, TY,   0, , 0, 0, 0, 0, 0, 0, 0, 0, 0, 0, 0, , 0, 0, WUKONG,
WP, 27, 2012122912,   , CHP6,   0,  88N, 1089E,  66,  984, TY,   0, , 0, 0, 0, 0, 0, 0, 0, 0, 0, 0, 0, , 0, 0, WUKONG,
WP, 27, 2012122918,   , CHP6,   0,  83N, 1080E,  53,  988, TS,   0, , 0, 0, 0, 0, 0, 0, 0, 0, 0, 0, 0, , 0, 0, WUKONG,
WP, 27, 2012123000,   , CHP6,   0,  79N, 1070E,  41,  991, TS,   0, , 0, 0, 0, 0, 0, 0, 0, 0, 0, 0, 0, , 0, 0, WUKONG,
WP, 27, 2012123006,   , CHP6,   0,  75N, 1059E,  34,  993, TS,   0, , 0, 0, 0, 0, 0, 0, 0, 0, 0, 0, 0, , 0, 0, WUKONG,
WP, 27, 2012123012,   , CHP6,   0,  72N, 1048E,  25,  996, TD,   0, , 0, 0, 0, 0, 0, 0, 0, 0, 0, 0, 0, , 0, 0, WUKONG,
WP, 27, 2012123018,   , CHP6,   0,  70N, 1036E,  16,  998, DB,   0, , 0, 0, 0, 0, 0, 0, 0, 0, 0, 0, 0, , 0, 0, WUKONG,
WP, 27, 2012123100,   , CHP6,   0,  69N, 1023E,  12,  999, DB,   0, , 0, 0, 0, 0, 0, 0, 0, 0, 0, 0, 0, , 0, 0, WUKONG,
