AL, 97, 2025080812,   , BEST,   0,  95N,  135W,  20, 1000, DB,   0, , 0, 0, 0, 0, 0, 0, 0, 0, 0, 0, 0, , 0, 0, INVEST,
AL, 97, 2025080818,   , BEST,   0,  97N,  143W,  20, 1000, DB,   0, , 0, 0, 0, 0, 0, 0, 0, 0, 0, 0, 0, , 0, 0, INVEST,
AL, 97, 2025080900,   , BEST,   0,  99N,  152W,  20, 1008, DB,   0, , 0, 0, 0, 0, 0, 0, 0, 0, 0, 0, 0, , 0, 0, INVEST,
AL, 97, 2025080906,   , BEST,   0, 100N,  161W,  25, 1007, LO,   0, , 0, 0, 0, 0, 0, 0, 0, 0, 0, 0, 0, , 0, 0, INVEST,
AL, 97, 2025080912,   , BEST,   0, 101N,  170W,  25, 1006, LO,   0, , 0, 0, 0, 0, 0, 0, 0, 0, 0, 0, 0, , 0, 0, INVEST, SPAWNINVEST, al762025 to al972025, 
AL, 97, 2025080918,   , BEST,   0, 106N,  180W,  25, 1006, LO,   0, , 0, 0, 0, 0, 0, 0, 0, 0, 0, 0, 0, , 0, 0, INVEST,
AL, 97, 2025081000,   , BEST,   0, 116N,  190W,  25, 1006, TD,   0, , 0, 0, 0, 0, 0, 0, 0, 0, 0, 0, 0, , 0, 0, INVEST,
AL, 97, 2025081006,   , BEST,   0, 125N,  197W,  30, 1006, TD,   0, , 0, 0, 0, 0, 0, 0, 0, 0, 0, 0, 0, , 0, 0, INVEST,
AL, 97, 2025081012,   , BEST,   0, 140N,  203W,  30, 1006, TD,   0, , 0, 0, 0, 0, 0, 0, 0, 0, 0, 0, 0, , 0, 0, INVEST,
AL, 97, 2025081018,   , BEST,   0, 157N,  215W,  30, 1006, TD,   0, , 0, 0, 0, 0, 0, 0, 0, 0, 0, 0, 0, , 0, 0, INVEST,
AL, 97, 2025081100,   , BEST,   0, 165N,  234W,  30, 1006, TD,   0, , 0, 0, 0, 0, 0, 0, 0, 0, 0, 0, 0, , 0, 0, INVEST,
AL, 97, 2025081106,   , BEST,   0, 172N,  252W,  40, 1006, TS,   0, , 0, 0, 0, 0, 0, 0, 0, 0, 0, 0, 0, , 0, 0, INVEST,
AL, 05, 2025081112,   , BEST,   0, 173N,  273W,  45, 1006, TS,   0, , 0, 0, 0, 0, 0, 0, 0, 0, 0, 0, 0, , 0, 0, ERIN, TRANSITIONED, al972025 to al052025, 
AL, 05, 2025081118,   , BEST,   0, 174N,  293W,  40, 1004, TS,   0, , 0, 0, 0, 0, 0, 0, 0, 0, 0, 0, 0, , 0, 0, ERIN,
AL, 05, 2025081200,   , BEST,   0, 176N,  313W,  35, 1004, TS,   0, , 0, 0, 0, 0, 0, 0, 0, 0, 0, 0, 0, , 0, 0, ERIN,
AL, 05, 2025081206,   , BEST,   0, 175N,  333W,  35, 1004, TS,   0, , 0, 0, 0, 0, 0, 0, 0, 0, 0, 0, 0, , 0, 0, ERIN,
AL, 05, 2025081212,   , BEST,   0, 173N,  354W,  35, 1005, TS,   0, , 0, 0, 0, 0, 0, 0, 0, 0, 0, 0, 0, , 0, 0, ERIN,
AL, 05, 2025081218,   , BEST,   0, 171N,  374W,  35, 1006, TS,   0, , 0, 0, 0, 0, 0, 0, 0, 0, 0, 0, 0, , 0, 0, ERIN,
AL, 05, 2025081300,   , BEST,   0, 168N,  393W,  40, 1004, TS,   0, , 0, 0, 0, 0, 0, 0, 0, 0, 0, 0, 0, , 0, 0, ERIN,
AL, 05, 2025081306,   , BEST,   0, 166N,  410W,  45, 1004, TS,   0, , 0, 0, 0, 0, 0, 0, 0, 0, 0, 0, 0, , 0, 0, ERIN,
AL, 05, 2025081312,   , BEST,   0, 164N,  427W,  45, 1002, TS,   0, , 0, 0, 0, 0, 0, 0, 0, 0, 0, 0, 0, , 0, 0, ERIN,
AL, 05, 2025081318,   , BEST,   0, 163N,  443W,  45, 1002, TS,   0, , 0, 0, 0, 0, 0, 0, 0, 0, 0, 0, 0, , 0, 0, ERIN,
AL, 05, 2025081400,   , BEST,   0, 163N,  459W,  45, 1002, TS,   0, , 0, 0, 0, 0, 0, 0, 0, 0, 0, 0, 0, , 0, 0, ERIN,
AL, 05, 2025081406,   , BEST,   0, 163N,  475W,  45, 1002, TS,   0, , 0, 0, 0, 0, 0, 0, 0, 0, 0, 0, 0, , 0, 0, ERIN,
AL, 05, 2025081412,   , BEST,   0, 163N,  489W,  45,  999, TS,   0, , 0, 0, 0, 0, 0, 0, 0, 0, 0, 0, 0, , 0, 0, ERIN,
AL, 05, 2025081418,   , BEST,   0, 166N,  504W,  50,  998, TS,   0, , 0, 0, 0, 0, 0, 0, 0, 0, 0, 0, 0, , 0, 0, ERIN,
AL, 05, 2025081500,   , BEST,   0, 169N,  519W,  60,  998, TS,   0, , 0, 0, 0, 0, 0, 0, 0, 0, 0, 0, 0, , 0, 0, ERIN,
AL, 05, 2025081506,   , BEST,   0, 175N,  537W,  55,  998, TS,   0, , 0, 0, 0, 0, 0, 0, 0, 0, 0, 0, 0, , 0, 0, ERIN,
AL, 05, 2025081512,   , BEST,   0, 180N,  553W,  65,  998, HU,   0, , 0, 0, 0, 0, 0, 0, 0, 0, 0, 0, 0, , 0, 0, ERIN,
AL, 05, 2025081518,   , BEST,   0, 187N,  568W,  70,  993, HU,   0, , 0, 0, 0, 0, 0, 0, 0, 0, 0, 0, 0, , 0, 0, ERIN,
AL, 05, 2025081600,   , BEST,   0, 193N,  584W,  75,  981, HU,   0, , 0, 0, 0, 0, 0, 0, 0, 0, 0, 0, 0, , 0, 0, ERIN,
AL, 05, 2025081606,   , BEST,   0, 196N,  604W,  90,  970, HU,   0, , 0, 0, 0, 0, 0, 0, 0, 0, 0, 0, 0, , 0, 0, ERIN,
AL, 05, 2025081612,   , BEST,   0, 197N,  621W, 130,  934, HU,   0, , 0, 0, 0, 0, 0, 0, 0, 0, 0, 0, 0, , 0, 0, ERIN,
AL, 05, 2025081618,   , BEST,   0, 198N,  634W, 140,  913, HU,   0, , 0, 0, 0, 0, 0, 0, 0, 0, 0, 0, 0, , 0, 0, ERIN,
AL, 05, 2025081700,   , BEST,   0, 200N,  645W, 115,  934, HU,   0, , 0, 0, 0, 0, 0, 0, 0, 0, 0, 0, 0, , 0, 0, ERIN,
AL, 05, 2025081706,   , BEST,   0, 203N,  659W, 100,  940, HU,   0, , 0, 0, 0, 0, 0, 0, 0, 0, 0, 0, 0, , 0, 0, ERIN,
AL, 05, 2025081710,   , BEST,   0, 205N,  666W, 110,  940, HU,   0, , 0, 0, 0, 0, 0, 0, 0, 0, 0, 0, 0, , 0, 0, ERIN,
AL, 05, 2025081712,   , BEST,   0, 207N,  670W,  95,  940, HU,   0, , 0, 0, 0, 0, 0, 0, 0, 0, 0, 0, 0, , 0, 0, ERIN,
AL, 05, 2025081718,   , BEST,   0, 215N,  680W,  95,  946, HU,   0, , 0, 0, 0, 0, 0, 0, 0, 0, 0, 0, 0, , 0, 0, ERIN,
AL, 05, 2025081800,   , BEST,   0, 221N,  688W, 100,  946, HU,   0, , 0, 0, 0, 0, 0, 0, 0, 0, 0, 0, 0, , 0, 0, ERIN,
AL, 05, 2025081806,   , BEST,   0, 224N,  696W, 110,  945, HU,   0, , 0, 0, 0, 0, 0, 0, 0, 0, 0, 0, 0, , 0, 0, ERIN,
AL, 05, 2025081812,   , BEST,   0, 229N,  705W, 120,  935, HU,   0, , 0, 0, 0, 0, 0, 0, 0, 0, 0, 0, 0, , 0, 0, ERIN,
AL, 05, 2025081818,   , BEST,   0, 234N,  710W, 105,  937, HU,   0, , 0, 0, 0, 0, 0, 0, 0, 0, 0, 0, 0, , 0, 0, ERIN,
AL, 05, 2025081900,   , BEST,   0, 240N,  714W,  95,  947, HU,   0, , 0, 0, 0, 0, 0, 0, 0, 0, 0, 0, 0, , 0, 0, ERIN,
AL, 05, 2025081906,   , BEST,   0, 245N,  718W,  85,  955, HU,   0, , 0, 0, 0, 0, 0, 0, 0, 0, 0, 0, 0, , 0, 0, ERIN,
AL, 05, 2025081912,   , BEST,   0, 252N,  721W,  75,  958, HU,   0, , 0, 0, 0, 0, 0, 0, 0, 0, 0, 0, 0, , 0, 0, ERIN,
AL, 05, 2025081918,   , BEST,   0, 261N,  725W,  75,  958, HU,   0, , 0, 0, 0, 0, 0, 0, 0, 0, 0, 0, 0, , 0, 0, ERIN,
AL, 05, 2025082000,   , BEST,   0, 272N,  728W,  80,  959, HU,   0, , 0, 0, 0, 0, 0, 0, 0, 0, 0, 0, 0, , 0, 0, ERIN,
AL, 05, 2025082006,   , BEST,   0, 283N,  732W,  85,  954, HU,   0, , 0, 0, 0, 0, 0, 0, 0, 0, 0, 0, 0, , 0, 0, ERIN, 
AL, 05, 2025082012,   , BEST,   0, 294N,  734W,  90,  945, HU,   0, , 0, 0, 0, 0, 0, 0, 0, 0, 0, 0, 0, , 0, 0, ERIN,
AL, 05, 2025082018,   , BEST,   0, 309N,  735W,  95,  943, HU,   0, , 0, 0, 0, 0, 0, 0, 0, 0, 0, 0, 0, , 0, 0, ERIN,
AL, 05, 2025082100,   , BEST,   0, 321N,  733W,  90,  941, HU,   0, , 0, 0, 0, 0, 0, 0, 0, 0, 0, 0, 0, , 0, 0, ERIN,
AL, 05, 2025082106,   , BEST,   0, 336N,  726W,  85,  945, HU,   0, , 0, 0, 0, 0, 0, 0, 0, 0, 0, 0, 0, , 0, 0, ERIN,
AL, 05, 2025082112,   , BEST,   0, 349N,  717W,  80,  949, HU,   0, , 0, 0, 0, 0, 0, 0, 0, 0, 0, 0, 0, , 0, 0, ERIN,
AL, 05, 2025082118,   , BEST,   0, 359N,  701W,  75,  952, HU,   0, , 0, 0, 0, 0, 0, 0, 0, 0, 0, 0, 0, , 0, 0, ERIN,
AL, 05, 2025082200,   , BEST,   0, 369N,  684W,  70,  952, HU,   0, , 0, 0, 0, 0, 0, 0, 0, 0, 0, 0, 0, , 0, 0, ERIN,
AL, 05, 2025082206,   , BEST,   0, 379N,  665W,  70,  956, HU,   0, , 0, 0, 0, 0, 0, 0, 0, 0, 0, 0, 0, , 0, 0, ERIN,
AL, 05, 2025082212,   , BEST,   0, 385N,  646W,  75,  956, HU,   0, , 0, 0, 0, 0, 0, 0, 0, 0, 0, 0, 0, , 0, 0, ERIN,
AL, 05, 2025082218,   , BEST,   0, 396N,  614W,  75,  957, HU,   0, , 0, 0, 0, 0, 0, 0, 0, 0, 0, 0, 0, , 0, 0, ERIN,
AL, 05, 2025082300,   , BEST,   0, 407N,  578W,  75,  957, HU,   0, , 0, 0, 0, 0, 0, 0, 0, 0, 0, 0, 0, , 0, 0, ERIN,
AL, 05, 2025082306,   , BEST,   0, 418N,  542W,  75,  956, EX,   0, , 0, 0, 0, 0, 0, 0, 0, 0, 0, 0, 0, , 0, 0, ERIN,
AL, 05, 2025082312,   , BEST,   0, 427N,  502W,  75,  956, EX,   0, , 0, 0, 0, 0, 0, 0, 0, 0, 0, 0, 0, , 0, 0, ERIN,
Analyzed by 223
