AL, 95, 2025100406,   , BEST,   0,  69N,  213W,  20, 1012, DB,   0, , 0, 0, 0, 0, 0, 0, 0, 0, 0, 0, 0, , 0, 0, INVEST,
AL, 95, 2025100412,   , BEST,   0,  72N,  226W,  20, 1012, DB,   0, , 0, 0, 0, 0, 0, 0, 0, 0, 0, 0, 0, , 0, 0, INVEST,
AL, 95, 2025100418,   , BEST,   0,  76N,  237W,  20, 1012, DB,   0, , 0, 0, 0, 0, 0, 0, 0, 0, 0, 0, 0, , 0, 0, INVEST,
AL, 95, 2025100500,   , BEST,   0,  81N,  247W,  20, 1011, DB,   0, , 0, 0, 0, 0, 0, 0, 0, 0, 0, 0, 0, , 0, 0, INVEST,
AL, 95, 2025100506,   , BEST,   0,  85N,  259W,  20, 1011, DB,   0, , 0, 0, 0, 0, 0, 0, 0, 0, 0, 0, 0, , 0, 0, INVEST,
AL, 95, 2025100512,   , BEST,   0,  88N,  274W,  20, 1010, DB,   0, , 0, 0, 0, 0, 0, 0, 0, 0, 0, 0, 0, , 0, 0, INVEST,
AL, 95, 2025100518,   , BEST,   0,  91N,  297W,  20, 1010, DB,   0, , 0, 0, 0, 0, 0, 0, 0, 0, 0, 0, 0, , 0, 0, INVEST,
AL, 95, 2025100600,   , BEST,   0,  93N,  313W,  25, 1010, LO,   0, , 0, 0, 0, 0, 0, 0, 0, 0, 0, 0, 0, , 0, 0, INVEST,
AL, 95, 2025100606,   , BEST,   0,  95N,  334W,  25, 1010, LO,   0, , 0, 0, 0, 0, 0, 0, 0, 0, 0, 0, 0, , 0, 0, INVEST,
AL, 95, 2025100612,   , BEST,   0,  97N,  355W,  25, 1010, LO,   0, , 0, 0, 0, 0, 0, 0, 0, 0, 0, 0, 0, , 0, 0, INVEST,
AL, 95, 2025100618,   , BEST,   0, 100N,  375W,  25, 1010, LO,   0, , 0, 0, 0, 0, 0, 0, 0, 0, 0, 0, 0, , 0, 0, INVEST,
AL, 95, 2025100700,   , BEST,   0, 104N,  390W,  30, 1009, TD,   0, , 0, 0, 0, 0, 0, 0, 0, 0, 0, 0, 0, , 0, 0, INVEST,
AL, 95, 2025100706,   , BEST,   0, 108N,  407W,  40, 1009, TS,   0, , 0, 0, 0, 0, 0, 0, 0, 0, 0, 0, 0, , 0, 0, INVEST,
AL, 10, 2025100712,   , BEST,   0, 113N,  428W,  45, 1006, TS,   0, , 0, 0, 0, 0, 0, 0, 0, 0, 0, 0, 0, , 0, 0, JERRY, TRANSITIONED, alB52025 to al102025, 
AL, 10, 2025100718,   , BEST,   0, 118N,  451W,  45, 1003, TS,   0, , 0, 0, 0, 0, 0, 0, 0, 0, 0, 0, 0, , 0, 0, JERRY,
AL, 10, 2025100800,   , BEST,   0, 125N,  477W,  50, 1003, TS,   0, , 0, 0, 0, 0, 0, 0, 0, 0, 0, 0, 0, , 0, 0, JERRY,
AL, 10, 2025100806,   , BEST,   0, 130N,  498W,  50, 1003, TS,   0, , 0, 0, 0, 0, 0, 0, 0, 0, 0, 0, 0, , 0, 0, JERRY,
AL, 10, 2025100812,   , BEST,   0, 136N,  518W,  55, 1003, TS,   0, , 0, 0, 0, 0, 0, 0, 0, 0, 0, 0, 0, , 0, 0, JERRY,
AL, 10, 2025100818,   , BEST,   0, 144N,  538W,  55, 1000, TS,   0, , 0, 0, 0, 0, 0, 0, 0, 0, 0, 0, 0, , 0, 0, JERRY,
AL, 10, 2025100900,   , BEST,   0, 149N,  554W,  55,  999, TS,   0, , 0, 0, 0, 0, 0, 0, 0, 0, 0, 0, 0, , 0, 0, JERRY,
AL, 10, 2025100906,   , BEST,   0, 155N,  571W,  55,  999, TS,   0, , 0, 0, 0, 0, 0, 0, 0, 0, 0, 0, 0, , 0, 0, JERRY,
AL, 10, 2025100912,   , BEST,   0, 160N,  587W,  55,  999, TS,   0, , 0, 0, 0, 0, 0, 0, 0, 0, 0, 0, 0, , 0, 0, JERRY,
AL, 10, 2025100918,   , BEST,   0, 167N,  599W,  60, 1001, TS,   0, , 0, 0, 0, 0, 0, 0, 0, 0, 0, 0, 0, , 0, 0, JERRY,
AL, 10, 2025101000,   , BEST,   0, 176N,  611W,  60, 1006, TS,   0, , 0, 0, 0, 0, 0, 0, 0, 0, 0, 0, 0, , 0, 0, JERRY,
AL, 10, 2025101006,   , BEST,   0, 186N,  622W,  50, 1007, TS,   0, , 0, 0, 0, 0, 0, 0, 0, 0, 0, 0, 0, , 0, 0, JERRY,
AL, 10, 2025101012,   , BEST,   0, 196N,  631W,  45, 1006, TS,   0, , 0, 0, 0, 0, 0, 0, 0, 0, 0, 0, 0, , 0, 0, JERRY,
AL, 10, 2025101018,   , BEST,   0, 209N,  635W,  50, 1006, TS,   0, , 0, 0, 0, 0, 0, 0, 0, 0, 0, 0, 0, , 0, 0, JERRY,
AL, 10, 2025101100,   , BEST,   0, 221N,  637W,  55, 1004, TS,   0, , 0, 0, 0, 0, 0, 0, 0, 0, 0, 0, 0, , 0, 0, JERRY,
AL, 10, 2025101106,   , BEST,   0, 235N,  637W,  45, 1004, TS,   0, , 0, 0, 0, 0, 0, 0, 0, 0, 0, 0, 0, , 0, 0, JERRY,
AL, 10, 2025101112,   , BEST,   0, 251N,  635W,  40, 1005, TS,   0, , 0, 0, 0, 0, 0, 0, 0, 0, 0, 0, 0, , 0, 0, JERRY,
AL, 10, 2025101118,   , BEST,   0, 270N,  634W,  35, 1005, LO,   0, , 0, 0, 0, 0, 0, 0, 0, 0, 0, 0, 0, , 0, 0, JERRY,
AL, 10, 2025101200,   , BEST,   0, 277N,  631W,  30, 1004, LO,   0, , 0, 0, 0, 0, 0, 0, 0, 0, 0, 0, 0, , 0, 0, JERRY,
AL, 10, 2025101206,   , BEST,   0, 283N,  627W,  30, 1004, TD,   0, , 0, 0, 0, 0, 0, 0, 0, 0, 0, 0, 0, , 0, 0, JERRY,
AL, 10, 2025101212,   , BEST,   0, 285N,  620W,  35, 1005, TS,   0, , 0, 0, 0, 0, 0, 0, 0, 0, 0, 0, 0, , 0, 0, JERRY,
AL, 10, 2025101218,   , BEST,   0, 288N,  613W,  35, 1005, TS,   0, , 0, 0, 0, 0, 0, 0, 0, 0, 0, 0, 0, , 0, 0, JERRY,
AL, 10, 2025101300,   , BEST,   0, 290N,  602W,  35, 1004, TS,   0, , 0, 0, 0, 0, 0, 0, 0, 0, 0, 0, 0, , 0, 0, JERRY,
AL, 10, 2025101306,   , BEST,   0, 294N,  591W,  30, 1004, TD,   0, , 0, 0, 0, 0, 0, 0, 0, 0, 0, 0, 0, , 0, 0, JERRY,
AL, 10, 2025101312,   , BEST,   0, 300N,  586W,  25, 1005, TD,   0, , 0, 0, 0, 0, 0, 0, 0, 0, 0, 0, 0, , 0, 0, JERRY,
AL, 10, 2025101318,   , BEST,   0, 306N,  579W,  25, 1005, LO,   0, , 0, 0, 0, 0, 0, 0, 0, 0, 0, 0, 0, , 0, 0, JERRY,
AL, 10, 2025101400,   , BEST,   0, 304N,  566W,  20, 1004, DB,   0, , 0, 0, 0, 0, 0, 0, 0, 0, 0, 0, 0, , 0, 0, JERRY,
AL, 10, 2025101406,   , BEST,   0, 298N,  553W,  20, 1004, DB,   0, , 0, 0, 0, 0, 0, 0, 0, 0, 0, 0, 0, , 0, 0, JERRY,
AL, 10, 2025101412,   , BEST,   0, 292N,  539W,  30, 1005, LO,   0, , 0, 0, 0, 0, 0, 0, 0, 0, 0, 0, 0, , 0, 0, JERRY,
AL, 10, 2025101418,   , BEST,   0, 291N,  513W,  40, 1005, TS,   0, , 0, 0, 0, 0, 0, 0, 0, 0, 0, 0, 0, , 0, 0, JERRY,
AL, 10, 2025101500,   , BEST,   0, 293N,  494W,  55, 1004, TS,   0, , 0, 0, 0, 0, 0, 0, 0, 0, 0, 0, 0, , 0, 0, JERRY,
AL, 10, 2025101506,   , BEST,   0, 295N,  479W,  45, 1004, TS,   0, , 0, 0, 0, 0, 0, 0, 0, 0, 0, 0, 0, , 0, 0, JERRY,
AL, 10, 2025101512,   , BEST,   0, 297N,  466W,  35, 1005, TS,   0, , 0, 0, 0, 0, 0, 0, 0, 0, 0, 0, 0, , 0, 0, JERRY,
AL, 10, 2025101518,   , BEST,   0, 302N,  436W,  30, 1005, LO,   0, , 0, 0, 0, 0, 0, 0, 0, 0, 0, 0, 0, , 0, 0, JERRY,
AL, 10, 2025101600,   , BEST,   0, 309N,  403W,  25, 1004, LO,   0, , 0, 0, 0, 0, 0, 0, 0, 0, 0, 0, 0, , 0, 0, JERRY,
Analyzed by 223
