WP, 12, 2024090918,   , BEST,   0, 211N,  999E,  15, 1001, DB,   0, , 0, 0, 0, 0, 0, 0, 0, 0, 0, 0, 0, , 0, 0, YAGI,
WP, 12, 2024091000,   , BEST,   0, 209N,  991E,  15, 1002, DB,   0, , 0, 0, 0, 0, 0, 0, 0, 0, 0, 0, 0, , 0, 0, YAGI,
WP, 12, 2024091006,   , BEST,   0, 209N,  983E,  15, 1002, DB,   0, , 0, 0, 0, 0, 0, 0, 0, 0, 0, 0, 0, , 0, 0, YAGI,
WP, 12, 2024091012,   , BEST,   0, 208N,  979E,  20, 1002, DB,   0, , 0, 0, 0, 0, 0, 0, 0, 0, 0, 0, 0, , 0, 0, YAGI,
WP, 12, 2024091018,   , BEST,   0, 205N,  975E,  20, 1001, DB,   0, , 0, 0, 0, 0, 0, 0, 0, 0, 0, 0, 0, , 0, 0, YAGI,
WP, 12, 2024091100,   , BEST,   0, 203N,  968E,  20, 1002, DB,   0, , 0, 0, 0, 0, 0, 0, 0, 0, 0, 0, 0, , 0, 0, YAGI,
WP, 12, 2024091106,   , BEST,   0, 202N,  959E,  20, 1002, DB,   0, , 0, 0, 0, 0, 0, 0, 0, 0, 0, 0, 0, , 0, 0, YAGI,
WP, 12, 2024091112,   , BEST,   0, 202N,  953E,  20, 1002, DB,   0, , 0, 0, 0, 0, 0, 0, 0, 0, 0, 0, 0, , 0, 0, YAGI,
WP, 12, 2024091118,   , BEST,   0, 202N,  946E,  20, 1001, DB,   0, , 0, 0, 0, 0, 0, 0, 0, 0, 0, 0, 0, , 0, 0, YAGI,
WP, 12, 2024091200,   , BEST,   0, 202N,  939E,  20, 1002, DB,   0, , 0, 0, 0, 0, 0, 0, 0, 0, 0, 0, 0, , 0, 0, YAGI,
WP, 12, 2024091206,   , BEST,   0, 203N,  929E,  20, 1002, DB,   0, , 0, 0, 0, 0, 0, 0, 0, 0, 0, 0, 0, , 0, 0, YAGI,
WP, 12, 2024091212,   , BEST,   0, 204N,  922E,  30, 1002, TD,   0, , 0, 0, 0, 0, 0, 0, 0, 0, 0, 0, 0, , 0, 0, YAGI,
WP, 12, 2024091218,   , BEST,   0, 205N,  918E,  30, 1001, TD,   0, , 0, 0, 0, 0, 0, 0, 0, 0, 0, 0, 0, , 0, 0, YAGI,
WP, 12, 2024091300,   , BEST,   0, 208N,  914E,  35, 1002, TS,   0, , 0, 0, 0, 0, 0, 0, 0, 0, 0, 0, 0, , 0, 0, YAGI,
WP, 12, 2024091306,   , BEST,   0, 211N,  910E,  35, 1002, TS,   0, , 0, 0, 0, 0, 0, 0, 0, 0, 0, 0, 0, , 0, 0, YAGI,
WP, 12, 2024091312,   , BEST,   0, 216N,  905E,  40,  985, TS,   0, , 0, 0, 0, 0, 0, 0, 0, 0, 0, 0, 0, , 0, 0, YAGI,
WP, 12, 2024091318,   , BEST,   0, 221N,  900E,  35,  990, TS,   0, , 0, 0, 0, 0, 0, 0, 0, 0, 0, 0, 0, , 0, 0, YAGI,
WP, 12, 2024091400,   , BEST,   0, 223N,  895E,  35,  993, TS,   0, , 0, 0, 0, 0, 0, 0, 0, 0, 0, 0, 0, , 0, 0, YAGI,
WP, 12, 2024091406,   , BEST,   0, 223N,  890E,  35,  990, TS,   0, , 0, 0, 0, 0, 0, 0, 0, 0, 0, 0, 0, , 0, 0, YAGI,
WP, 12, 2024091412,   , BEST,   0, 224N,  886E,  35,  994, TS,   0, , 0, 0, 0, 0, 0, 0, 0, 0, 0, 0, 0, , 0, 0, YAGI,
WP, 12, 2024091418,   , BEST,   0, 225N,  883E,  35,  994, TS,   0, , 0, 0, 0, 0, 0, 0, 0, 0, 0, 0, 0, , 0, 0, YAGI,
WP, 12, 2024091500,   , BEST,   0, 225N,  881E,  35,  994, TS,   0, , 0, 0, 0, 0, 0, 0, 0, 0, 0, 0, 0, , 0, 0, YAGI,
WP, 12, 2024091506,   , BEST,   0, 226N,  879E,  35,  994, TS,   0, , 0, 0, 0, 0, 0, 0, 0, 0, 0, 0, 0, , 0, 0, YAGI,
WP, 12, 2024091512,   , BEST,   0, 228N,  875E,  35,  994, TS,   0, , 0, 0, 0, 0, 0, 0, 0, 0, 0, 0, 0, , 0, 0, YAGI,
WP, 12, 2024091518,   , BEST,   0, 230N,  870E,  30,  994, TD,   0, , 0, 0, 0, 0, 0, 0, 0, 0, 0, 0, 0, , 0, 0, YAGI,
WP, 12, 2024091600,   , BEST,   0, 231N,  864E,  30,  994, TD,   0, , 0, 0, 0, 0, 0, 0, 0, 0, 0, 0, 0, , 0, 0, YAGI,
WP, 12, 2024091606,   , BEST,   0, 232N,  857E,  30,  994, TD,   0, , 0, 0, 0, 0, 0, 0, 0, 0, 0, 0, 0, , 0, 0, YAGI,
WP, 12, 2024091612,   , BEST,   0, 233N,  850E,  30,  994, TD,   0, , 0, 0, 0, 0, 0, 0, 0, 0, 0, 0, 0, , 0, 0, YAGI,
WP, 12, 2024091618,   , BEST,   0, 235N,  843E,  30,  994, TD,   0, , 0, 0, 0, 0, 0, 0, 0, 0, 0, 0, 0, , 0, 0, YAGI,
WP, 12, 2024091700,   , BEST,   0, 239N,  832E,  30,  994, TD,   0, , 0, 0, 0, 0, 0, 0, 0, 0, 0, 0, 0, , 0, 0, YAGI,
WP, 12, 2024091706,   , BEST,   0, 245N,  820E,  25,  994, TD,   0, , 0, 0, 0, 0, 0, 0, 0, 0, 0, 0, 0, , 0, 0, YAGI,
WP, 12, 2024091712,   , BEST,   0, 250N,  810E,  25,  994, TD,   0, , 0, 0, 0, 0, 0, 0, 0, 0, 0, 0, 0, , 0, 0, YAGI,
WP, 12, 2024091718,   , BEST,   0, 255N,  799E,  25,  994, TD,   0, , 0, 0, 0, 0, 0, 0, 0, 0, 0, 0, 0, , 0, 0, YAGI,
WP, 12, 2024091800,   , BEST,   0, 260N,  791E,  20,  994, DB,   0, , 0, 0, 0, 0, 0, 0, 0, 0, 0, 0, 0, , 0, 0, YAGI,
WP, 12, 2024091806,   , BEST,   0, 267N,  783E,  20,  994, DB,   0, , 0, 0, 0, 0, 0, 0, 0, 0, 0, 0, 0, , 0, 0, YAGI,
Analyzed by 223
