EP, 95, 2021062412,   , CHP6, 0, 146N,  997W,  20, 1009, DB,   0, , 0, 0, 0, 0, 0, 0, 0, 0, 0, 0, 0, , 0, 0, INVEST,
EP, 95, 2021062418,   , CHP6, 0, 148N, 1002W,  20, 1009, DB,   0, , 0, 0, 0, 0, 0, 0, 0, 0, 0, 0, 0, , 0, 0, INVEST,
EP, 05, 2021062500,   , CHP6, 0, 150N, 1007W,  25, 1008, TD,   0, , 0, 0, 0, 0, 0, 0, 0, 0, 0, 0, 0, , 0, 0, FIVE,
EP, 05, 2021062506,   , CHP6, 0, 152N, 1013W,  35, 1006, TS,   0, , 0, 0, 0, 0, 0, 0, 0, 0, 0, 0, 0, , 0, 0, ENRIQUE,
EP, 05, 2021062512,   , CHP6, 0, 155N, 1021W,  40, 1004, TS,   0, , 0, 0, 0, 0, 0, 0, 0, 0, 0, 0, 0, , 0, 0, ENRIQUE,
EP, 05, 2021062518,   , CHP6, 0, 157N, 1028W,  51,  993, TS,   0, , 0, 0, 0, 0, 0, 0, 0, 0, 0, 0, 0, , 0, 0, ENRIQUE,
EP, 05, 2021062600,   , CHP6, 0, 160N, 1036W,  65,  985, HU,   0, , 0, 0, 0, 0, 0, 0, 0, 0, 0, 0, 0, , 0, 0, ENRIQUE,
EP, 05, 2021062606,   , CHP6, 0, 163N, 1042W,  93,  964, HU,   0, , 0, 0, 0, 0, 0, 0, 0, 0, 0, 0, 0, , 0, 0, ENRIQUE,
EP, 05, 2021062612,   , CHP6, 0, 165N, 1047W, 124,  932, HU,   0, , 0, 0, 0, 0, 0, 0, 0, 0, 0, 0, 0, , 0, 0, ENRIQUE,
EP, 05, 2021062618,   , CHP6, 0, 168N, 1052W, 125,  930, HU,   0, , 0, 0, 0, 0, 0, 0, 0, 0, 0, 0, 0, , 0, 0, ENRIQUE,
EP, 05, 2021062700,   , CHP6, 0, 172N, 1055W, 118,  938, HU,   0, , 0, 0, 0, 0, 0, 0, 0, 0, 0, 0, 0, , 0, 0, ENRIQUE,
EP, 05, 2021062706,   , CHP6, 0, 175N, 1058W, 109,  947, HU,   0, , 0, 0, 0, 0, 0, 0, 0, 0, 0, 0, 0, , 0, 0, ENRIQUE,
EP, 05, 2021062712,   , CHP6, 0, 179N, 1061W, 108,  948, HU,   0, , 0, 0, 0, 0, 0, 0, 0, 0, 0, 0, 0, , 0, 0, ENRIQUE,
EP, 05, 2021062718,   , CHP6, 0, 184N, 1062W, 118,  937, HU,   0, , 0, 0, 0, 0, 0, 0, 0, 0, 0, 0, 0, , 0, 0, ENRIQUE,
EP, 05, 2021062800,   , CHP6, 0, 188N, 1062W, 111,  945, HU,   0, , 0, 0, 0, 0, 0, 0, 0, 0, 0, 0, 0, , 0, 0, ENRIQUE,
EP, 05, 2021062806,   , CHP6, 0, 192N, 1062W, 105,  951, HU,   0, , 0, 0, 0, 0, 0, 0, 0, 0, 0, 0, 0, , 0, 0, ENRIQUE,
EP, 05, 2021062812,   , CHP6, 0, 197N, 1063W, 120,  934, HU,   0, , 0, 0, 0, 0, 0, 0, 0, 0, 0, 0, 0, , 0, 0, ENRIQUE,
EP, 05, 2021062818,   , CHP6, 0, 202N, 1065W, 121,  934, HU,   0, , 0, 0, 0, 0, 0, 0, 0, 0, 0, 0, 0, , 0, 0, ENRIQUE,
EP, 05, 2021062900,   , CHP6, 0, 206N, 1068W, 118,  937, HU,   0, , 0, 0, 0, 0, 0, 0, 0, 0, 0, 0, 0, , 0, 0, ENRIQUE,
EP, 05, 2021062906,   , CHP6, 0, 209N, 1072W, 109,  946, HU,   0, , 0, 0, 0, 0, 0, 0, 0, 0, 0, 0, 0, , 0, 0, ENRIQUE,
EP, 05, 2021062912,   , CHP6, 0, 212N, 1074W,  98,  956, HU,   0, , 0, 0, 0, 0, 0, 0, 0, 0, 0, 0, 0, , 0, 0, ENRIQUE,
EP, 05, 2021062918,   , CHP6, 0, 214N, 1077W,  78,  975, HU,   0, , 0, 0, 0, 0, 0, 0, 0, 0, 0, 0, 0, , 0, 0, ENRIQUE,
EP, 05, 2021063000,   , CHP6, 0, 216N, 1080W,  83,  970, HU,   0, , 0, 0, 0, 0, 0, 0, 0, 0, 0, 0, 0, , 0, 0, ENRIQUE,
EP, 05, 2021063006,   , CHP6, 0, 219N, 1083W,  84,  970, HU,   0, , 0, 0, 0, 0, 0, 0, 0, 0, 0, 0, 0, , 0, 0, ENRIQUE,
EP, 05, 2021063012,   , CHP6, 0, 223N, 1085W,  71,  980, HU,   0, , 0, 0, 0, 0, 0, 0, 0, 0, 0, 0, 0, , 0, 0, ENRIQUE,
EP, 05, 2021063018,   , CHP6, 0, 228N, 1087W,  62,  985, TS,   0, , 0, 0, 0, 0, 0, 0, 0, 0, 0, 0, 0, , 0, 0, ENRIQUE,
EP, 05, 2021070100,   , CHP6, 0, 233N, 1092W,  62,  985, TS,   0, , 0, 0, 0, 0, 0, 0, 0, 0, 0, 0, 0, , 0, 0, ENRIQUE,
EP, 05, 2021070106,   , CHP6, 0, 237N, 1096W,  68,  981, HU,   0, , 0, 0, 0, 0, 0, 0, 0, 0, 0, 0, 0, , 0, 0, ENRIQUE,
EP, 05, 2021070112,   , CHP6, 0, 240N, 1101W,  81,  972, HU,   0, , 0, 0, 0, 0, 0, 0, 0, 0, 0, 0, 0, , 0, 0, ENRIQUE,
EP, 05, 2021070118,   , CHP6, 0, 243N, 1105W,  96,  964, HU,   0, , 0, 0, 0, 0, 0, 0, 0, 0, 0, 0, 0, , 0, 0, ENRIQUE,
EP, 05, 2021070200,   , CHP6, 0, 246N, 1108W,  99,  956, HU,   0, , 0, 0, 0, 0, 0, 0, 0, 0, 0, 0, 0, , 0, 0, ENRIQUE,
EP, 05, 2021070206,   , CHP6, 0, 251N, 1112W, 104,  951, HU,   0, , 0, 0, 0, 0, 0, 0, 0, 0, 0, 0, 0, , 0, 0, ENRIQUE,
EP, 05, 2021070212,   , CHP6, 0, 255N, 1116W,  77,  971, HU,   0, , 0, 0, 0, 0, 0, 0, 0, 0, 0, 0, 0, , 0, 0, ENRIQUE,
EP, 05, 2021070218,   , CHP6, 0, 260N, 1121W,  56,  986, TS,   0, , 0, 0, 0, 0, 0, 0, 0, 0, 0, 0, 0, , 0, 0, ENRIQUE,
EP, 05, 2021070300,   , CHP6, 0, 264N, 1126W,  45,  991, TS,   0, , 0, 0, 0, 0, 0, 0, 0, 0, 0, 0, 0, , 0, 0, ENRIQUE,
EP, 05, 2021070306,   , CHP6, 0, 268N, 1130W,  36,  995, TS,   0, , 0, 0, 0, 0, 0, 0, 0, 0, 0, 0, 0, , 0, 0, ENRIQUE,
EP, 05, 2021070312,   , CHP6, 0, 273N, 1133W,  27,  997, EX,   0, , 0, 0, 0, 0, 0, 0, 0, 0, 0, 0, 0, , 0, 0, ENRIQUE,
EP, 05, 2021070318,   , CHP6, 0, 279N, 1135W,  22,  999, EX,   0, , 0, 0, 0, 0, 0, 0, 0, 0, 0, 0, 0, , 0, 0, ENRIQUE,
