EP, 96, 2021071312,   , CHP6, 0, 130N, 1074W,  20, 1009, DB,   0, , 0, 0, 0, 0, 0, 0, 0, 0, 0, 0, 0, , 0, 0, INVEST,
EP, 96, 2021071318,   , CHP6, 0, 132N, 1090W,  20, 1008, DB,   0, , 0, 0, 0, 0, 0, 0, 0, 0, 0, 0, 0, , 0, 0, INVEST,
EP, 06, 2021071400,   , CHP6, 0, 135N, 1106W,  30, 1007, TD,   0, , 0, 0, 0, 0, 0, 0, 0, 0, 0, 0, 0, , 0, 0, SIX,
EP, 06, 2021071406,   , CHP6, 0, 139N, 1122W,  35, 1006, TS,   0, , 0, 0, 0, 0, 0, 0, 0, 0, 0, 0, 0, , 0, 0, FELICIA,
EP, 06, 2021071412,   , CHP6, 0, 142N, 1135W,  45, 1004, TS,   0, , 0, 0, 0, 0, 0, 0, 0, 0, 0, 0, 0, , 0, 0, FELICIA,
EP, 06, 2021071418,   , CHP6, 0, 145N, 1146W,  56,  991, TS,   0, , 0, 0, 0, 0, 0, 0, 0, 0, 0, 0, 0, , 0, 0, FELICIA,
EP, 06, 2021071500,   , CHP6, 0, 149N, 1158W,  72,  982, HU,   0, , 0, 0, 0, 0, 0, 0, 0, 0, 0, 0, 0, , 0, 0, FELICIA,
EP, 06, 2021071506,   , CHP6, 0, 151N, 1168W,  89,  969, HU,   0, , 0, 0, 0, 0, 0, 0, 0, 0, 0, 0, 0, , 0, 0, FELICIA,
EP, 06, 2021071512,   , CHP6, 0, 153N, 1179W,  99,  960, HU,   0, , 0, 0, 0, 0, 0, 0, 0, 0, 0, 0, 0, , 0, 0, FELICIA,
EP, 06, 2021071518,   , CHP6, 0, 153N, 1187W, 106,  953, HU,   0, , 0, 0, 0, 0, 0, 0, 0, 0, 0, 0, 0, , 0, 0, FELICIA,
EP, 06, 2021071600,   , CHP6, 0, 154N, 1196W, 105,  954, HU,   0, , 0, 0, 0, 0, 0, 0, 0, 0, 0, 0, 0, , 0, 0, FELICIA,
EP, 06, 2021071606,   , CHP6, 0, 151N, 1205W, 107,  954, HU,   0, , 0, 0, 0, 0, 0, 0, 0, 0, 0, 0, 0, , 0, 0, FELICIA,
EP, 06, 2021071612,   , CHP6, 0, 150N, 1213W, 109,  948, HU,   0, , 0, 0, 0, 0, 0, 0, 0, 0, 0, 0, 0, , 0, 0, FELICIA,
EP, 06, 2021071618,   , CHP6, 0, 149N, 1220W, 105,  952, HU,   0, , 0, 0, 0, 0, 0, 0, 0, 0, 0, 0, 0, , 0, 0, FELICIA,
EP, 06, 2021071700,   , CHP6, 0, 148N, 1227W, 103,  956, HU,   0, , 0, 0, 0, 0, 0, 0, 0, 0, 0, 0, 0, , 0, 0, FELICIA,
EP, 06, 2021071706,   , CHP6, 0, 147N, 1235W, 102,  959, HU,   0, , 0, 0, 0, 0, 0, 0, 0, 0, 0, 0, 0, , 0, 0, FELICIA,
EP, 06, 2021071712,   , CHP6, 0, 147N, 1243W,  98,  961, HU,   0, , 0, 0, 0, 0, 0, 0, 0, 0, 0, 0, 0, , 0, 0, FELICIA,
EP, 06, 2021071718,   , CHP6, 0, 147N, 1252W,  93,  966, HU,   0, , 0, 0, 0, 0, 0, 0, 0, 0, 0, 0, 0, , 0, 0, FELICIA,
EP, 06, 2021071800,   , CHP6, 0, 147N, 1261W,  92,  968, HU,   0, , 0, 0, 0, 0, 0, 0, 0, 0, 0, 0, 0, , 0, 0, FELICIA,
EP, 06, 2021071806,   , CHP6, 0, 148N, 1270W,  94,  968, HU,   0, , 0, 0, 0, 0, 0, 0, 0, 0, 0, 0, 0, , 0, 0, FELICIA,
EP, 06, 2021071812,   , CHP6, 0, 148N, 1279W,  95,  969, HU,   0, , 0, 0, 0, 0, 0, 0, 0, 0, 0, 0, 0, , 0, 0, FELICIA,
EP, 06, 2021071818,   , CHP6, 0, 149N, 1289W,  94,  970, HU,   0, , 0, 0, 0, 0, 0, 0, 0, 0, 0, 0, 0, , 0, 0, FELICIA,
EP, 06, 2021071900,   , CHP6, 0, 149N, 1298W,  93,  970, HU,   0, , 0, 0, 0, 0, 0, 0, 0, 0, 0, 0, 0, , 0, 0, FELICIA,
EP, 06, 2021071906,   , CHP6, 0, 149N, 1307W,  91,  971, HU,   0, , 0, 0, 0, 0, 0, 0, 0, 0, 0, 0, 0, , 0, 0, FELICIA,
EP, 06, 2021071912,   , CHP6, 0, 149N, 1316W,  91,  971, HU,   0, , 0, 0, 0, 0, 0, 0, 0, 0, 0, 0, 0, , 0, 0, FELICIA,
EP, 06, 2021071918,   , CHP6, 0, 148N, 1325W,  90,  971, HU,   0, , 0, 0, 0, 0, 0, 0, 0, 0, 0, 0, 0, , 0, 0, FELICIA,
EP, 06, 2021072000,   , CHP6, 0, 148N, 1334W,  91,  971, HU,   0, , 0, 0, 0, 0, 0, 0, 0, 0, 0, 0, 0, , 0, 0, FELICIA,
EP, 06, 2021072006,   , CHP6, 0, 147N, 1343W,  90,  971, HU,   0, , 0, 0, 0, 0, 0, 0, 0, 0, 0, 0, 0, , 0, 0, FELICIA,
EP, 06, 2021072012,   , CHP6, 0, 146N, 1352W,  89,  971, HU,   0, , 0, 0, 0, 0, 0, 0, 0, 0, 0, 0, 0, , 0, 0, FELICIA,
EP, 06, 2021072018,   , CHP6, 0, 145N, 1361W,  83,  982, HU,   0, , 0, 0, 0, 0, 0, 0, 0, 0, 0, 0, 0, , 0, 0, FELICIA,
EP, 06, 2021072100,   , CHP6, 0, 142N, 1370W,  66,  987, HU,   0, , 0, 0, 0, 0, 0, 0, 0, 0, 0, 0, 0, , 0, 0, FELICIA,
EP, 06, 2021072106,   , CHP6, 0, 139N, 1379W,  61,  989, TS,   0, , 0, 0, 0, 0, 0, 0, 0, 0, 0, 0, 0, , 0, 0, FELICIA,
EP, 06, 2021072112,   , CHP6, 0, 137N, 1387W,  59,  987, TS,   0, , 0, 0, 0, 0, 0, 0, 0, 0, 0, 0, 0, , 0, 0, FELICIA,
EP, 06, 2021072118,   , CHP6, 0, 136N, 1394W,  59,  985, TS,   0, , 0, 0, 0, 0, 0, 0, 0, 0, 0, 0, 0, , 0, 0, FELICIA,
EP, 06, 2021072200,   , CHP6, 0, 136N, 1409W,  58,  987, TS,   0, , 0, 0, 0, 0, 0, 0, 0, 0, 0, 0, 0, , 0, 0, FELICIA,
EP, 06, 2021072206,   , CHP6, 0, 136N, 1421W,  58,  987, TS,   0, , 0, 0, 0, 0, 0, 0, 0, 0, 0, 0, 0, , 0, 0, FELICIA,
EP, 06, 2021072212,   , CHP6, 0, 136N, 1431W,  57,  988, TS,   0, , 0, 0, 0, 0, 0, 0, 0, 0, 0, 0, 0, , 0, 0, FELICIA,
EP, 06, 2021072218,   , CHP6, 0, 136N, 1442W,  57,  988, TS,   0, , 0, 0, 0, 0, 0, 0, 0, 0, 0, 0, 0, , 0, 0, FELICIA,
EP, 06, 2021072300,   , CHP6, 0, 136N, 1453W,  55,  990, TS,   0, , 0, 0, 0, 0, 0, 0, 0, 0, 0, 0, 0, , 0, 0, FELICIA,
EP, 06, 2021072306,   , CHP6, 0, 136N, 1464W,  55,  990, TS,   0, , 0, 0, 0, 0, 0, 0, 0, 0, 0, 0, 0, , 0, 0, FELICIA,
EP, 06, 2021072312,   , CHP6, 0, 137N, 1474W,  49,  994, TS,   0, , 0, 0, 0, 0, 0, 0, 0, 0, 0, 0, 0, , 0, 0, FELICIA,
EP, 06, 2021072318,   , CHP6, 0, 137N, 1485W,  49,  993, TS,   0, , 0, 0, 0, 0, 0, 0, 0, 0, 0, 0, 0, , 0, 0, FELICIA,
EP, 06, 2021072400,   , CHP6, 0, 137N, 1496W,  50,  994, TS,   0, , 0, 0, 0, 0, 0, 0, 0, 0, 0, 0, 0, , 0, 0, FELICIA,
EP, 06, 2021072406,   , CHP6, 0, 136N, 1511W,  50,  993, TS,   0, , 0, 0, 0, 0, 0, 0, 0, 0, 0, 0, 0, , 0, 0, FELICIA,
EP, 06, 2021072412,   , CHP6, 0, 135N, 1524W,  49,  993, TS,   0, , 0, 0, 0, 0, 0, 0, 0, 0, 0, 0, 0, , 0, 0, FELICIA,
EP, 06, 2021072418,   , CHP6, 0, 134N, 1539W,  50,  994, TS,   0, , 0, 0, 0, 0, 0, 0, 0, 0, 0, 0, 0, , 0, 0, FELICIA,
EP, 06, 2021072500,   , CHP6, 0, 133N, 1557W,  49,  995, TS,   0, , 0, 0, 0, 0, 0, 0, 0, 0, 0, 0, 0, , 0, 0, FELICIA,
EP, 06, 2021072506,   , CHP6, 0, 133N, 1568W,  51,  994, TS,   0, , 0, 0, 0, 0, 0, 0, 0, 0, 0, 0, 0, , 0, 0, FELICIA,
EP, 06, 2021072512,   , CHP6, 0, 133N, 1579W,  48,  995, TS,   0, , 0, 0, 0, 0, 0, 0, 0, 0, 0, 0, 0, , 0, 0, FELICIA,
EP, 06, 2021072518,   , CHP6, 0, 133N, 1592W,  48,  995, TS,   0, , 0, 0, 0, 0, 0, 0, 0, 0, 0, 0, 0, , 0, 0, FELICIA,
EP, 06, 2021072600,   , CHP6, 0, 133N, 1607W,  42,  995, TS,   0, , 0, 0, 0, 0, 0, 0, 0, 0, 0, 0, 0, , 0, 0, FELICIA,
EP, 06, 2021072606,   , CHP6, 0, 134N, 1622W,  36,  996, TS,   0, , 0, 0, 0, 0, 0, 0, 0, 0, 0, 0, 0, , 0, 0, FELICIA,
EP, 06, 2021072612,   , CHP6, 0, 135N, 1637W,  28,  997, TD,   0, , 0, 0, 0, 0, 0, 0, 0, 0, 0, 0, 0, , 0, 0, FELICIA,
EP, 06, 2021072618,   , CHP6, 0, 136N, 1652W,  22,  998, DB,   0, , 0, 0, 0, 0, 0, 0, 0, 0, 0, 0, 0, , 0, 0, FELICIA,
EP, 06, 2021072700,   , CHP6, 0, 137N, 1668W,  16,  999, DB,   0, , 0, 0, 0, 0, 0, 0, 0, 0, 0, 0, 0, , 0, 0, FELICIA,
