EP, 97, 2016071112,   , CHP6, 0, 145N, 1052W,  20, 1008, DB,   0, , 0, 0, 0, 0, 0, 0, 0, 0, 0, 0, 0, , 0, 0, INVEST,
EP, 97, 2016071118,   , CHP6, 0, 150N, 1057W,  20, 1007, DB,   0, , 0, 0, 0, 0, 0, 0, 0, 0, 0, 0, 0, , 0, 0, INVEST,
EP, 05, 2016071200,   , CHP6, 0, 155N, 1064W,  30, 1007, TD,   0, , 0, 0, 0, 0, 0, 0, 0, 0, 0, 0, 0, , 0, 0, FIVE,
EP, 05, 2016071206,   , CHP6, 0, 158N, 1072W,  30, 1007, TD,   0, , 0, 0, 0, 0, 0, 0, 0, 0, 0, 0, 0, , 0, 0, FIVE,
EP, 05, 2016071212,   , CHP6, 0, 159N, 1082W,  35, 1006, TS,   0, , 0, 0, 0, 0, 0, 0, 0, 0, 0, 0, 0, , 0, 0, DARBY,
EP, 05, 2016071218,   , CHP6, 0, 156N, 1091W,  45, 1002, TS,   0, , 0, 0, 0, 0, 0, 0, 0, 0, 0, 0, 0, , 0, 0, DARBY,
EP, 05, 2016071300,   , CHP6, 0, 155N, 1100W,  53,  992, TS,   0, , 0, 0, 0, 0, 0, 0, 0, 0, 0, 0, 0, , 0, 0, DARBY,
EP, 05, 2016071306,   , CHP6, 0, 154N, 1109W,  64,  986, HU,   0, , 0, 0, 0, 0, 0, 0, 0, 0, 0, 0, 0, , 0, 0, DARBY,
EP, 05, 2016071312,   , CHP6, 0, 153N, 1120W,  78,  975, HU,   0, , 0, 0, 0, 0, 0, 0, 0, 0, 0, 0, 0, , 0, 0, DARBY,
EP, 05, 2016071318,   , CHP6, 0, 153N, 1131W,  86,  969, HU,   0, , 0, 0, 0, 0, 0, 0, 0, 0, 0, 0, 0, , 0, 0, DARBY,
EP, 05, 2016071400,   , CHP6, 0, 153N, 1143W,  74,  979, HU,   0, , 0, 0, 0, 0, 0, 0, 0, 0, 0, 0, 0, , 0, 0, DARBY,
EP, 05, 2016071406,   , CHP6, 0, 153N, 1154W,  71,  981, HU,   0, , 0, 0, 0, 0, 0, 0, 0, 0, 0, 0, 0, , 0, 0, DARBY,
EP, 05, 2016071412,   , CHP6, 0, 154N, 1166W,  76,  979, HU,   0, , 0, 0, 0, 0, 0, 0, 0, 0, 0, 0, 0, , 0, 0, DARBY,
EP, 05, 2016071418,   , CHP6, 0, 155N, 1177W,  83,  975, HU,   0, , 0, 0, 0, 0, 0, 0, 0, 0, 0, 0, 0, , 0, 0, DARBY,
EP, 05, 2016071500,   , CHP6, 0, 156N, 1189W,  87,  969, HU,   0, , 0, 0, 0, 0, 0, 0, 0, 0, 0, 0, 0, , 0, 0, DARBY,
EP, 05, 2016071506,   , CHP6, 0, 157N, 1200W,  93,  963, HU,   0, , 0, 0, 0, 0, 0, 0, 0, 0, 0, 0, 0, , 0, 0, DARBY,
EP, 05, 2016071512,   , CHP6, 0, 159N, 1210W,  91,  964, HU,   0, , 0, 0, 0, 0, 0, 0, 0, 0, 0, 0, 0, , 0, 0, DARBY,
EP, 05, 2016071518,   , CHP6, 0, 161N, 1221W,  91,  965, HU,   0, , 0, 0, 0, 0, 0, 0, 0, 0, 0, 0, 0, , 0, 0, DARBY,
EP, 05, 2016071600,   , CHP6, 0, 163N, 1232W,  91,  967, HU,   0, , 0, 0, 0, 0, 0, 0, 0, 0, 0, 0, 0, , 0, 0, DARBY,
EP, 05, 2016071606,   , CHP6, 0, 165N, 1242W,  79,  974, HU,   0, , 0, 0, 0, 0, 0, 0, 0, 0, 0, 0, 0, , 0, 0, DARBY,
EP, 05, 2016071612,   , CHP6, 0, 167N, 1252W,  70,  982, HU,   0, , 0, 0, 0, 0, 0, 0, 0, 0, 0, 0, 0, , 0, 0, DARBY,
EP, 05, 2016071618,   , CHP6, 0, 169N, 1261W,  64,  986, HU,   0, , 0, 0, 0, 0, 0, 0, 0, 0, 0, 0, 0, , 0, 0, DARBY,
EP, 05, 2016071700,   , CHP6, 0, 171N, 1271W,  56,  989, TS,   0, , 0, 0, 0, 0, 0, 0, 0, 0, 0, 0, 0, , 0, 0, DARBY,
EP, 05, 2016071706,   , CHP6, 0, 173N, 1281W,  46,  993, TS,   0, , 0, 0, 0, 0, 0, 0, 0, 0, 0, 0, 0, , 0, 0, DARBY,
EP, 05, 2016071712,   , CHP6, 0, 176N, 1292W,  44,  994, TS,   0, , 0, 0, 0, 0, 0, 0, 0, 0, 0, 0, 0, , 0, 0, DARBY,
EP, 05, 2016071718,   , CHP6, 0, 178N, 1302W,  44,  995, TS,   0, , 0, 0, 0, 0, 0, 0, 0, 0, 0, 0, 0, , 0, 0, DARBY,
EP, 05, 2016071800,   , CHP6, 0, 180N, 1311W,  43,  998, TS,   0, , 0, 0, 0, 0, 0, 0, 0, 0, 0, 0, 0, , 0, 0, DARBY,
EP, 05, 2016071806,   , CHP6, 0, 182N, 1318W,  41,  998, TS,   0, , 0, 0, 0, 0, 0, 0, 0, 0, 0, 0, 0, , 0, 0, DARBY,
EP, 05, 2016071812,   , CHP6, 0, 185N, 1324W,  39,  998, TS,   0, , 0, 0, 0, 0, 0, 0, 0, 0, 0, 0, 0, , 0, 0, DARBY,
EP, 05, 2016071818,   , CHP6, 0, 188N, 1329W,  38,  998, TS,   0, , 0, 0, 0, 0, 0, 0, 0, 0, 0, 0, 0, , 0, 0, DARBY,
EP, 05, 2016071900,   , CHP6, 0, 190N, 1333W,  37,  998, TS,   0, , 0, 0, 0, 0, 0, 0, 0, 0, 0, 0, 0, , 0, 0, DARBY,
EP, 05, 2016071906,   , CHP6, 0, 192N, 1338W,  36,  998, TS,   0, , 0, 0, 0, 0, 0, 0, 0, 0, 0, 0, 0, , 0, 0, DARBY,
EP, 05, 2016071912,   , CHP6, 0, 195N, 1350W,  38,  996, TS,   0, , 0, 0, 0, 0, 0, 0, 0, 0, 0, 0, 0, , 0, 0, DARBY,
EP, 05, 2016071918,   , CHP6, 0, 198N, 1360W,  36,  998, TS,   0, , 0, 0, 0, 0, 0, 0, 0, 0, 0, 0, 0, , 0, 0, DARBY,
EP, 05, 2016072000,   , CHP6, 0, 199N, 1372W,  36,  997, TS,   0, , 0, 0, 0, 0, 0, 0, 0, 0, 0, 0, 0, , 0, 0, DARBY,
EP, 05, 2016072006,   , CHP6, 0, 200N, 1384W,  35,  999, TS,   0, , 0, 0, 0, 0, 0, 0, 0, 0, 0, 0, 0, , 0, 0, DARBY,
EP, 05, 2016072012,   , CHP6, 0, 199N, 1395W,  37,  998, TS,   0, , 0, 0, 0, 0, 0, 0, 0, 0, 0, 0, 0, , 0, 0, DARBY,
EP, 05, 2016072018,   , CHP6, 0, 197N, 1407W,  36,  998, TS,   0, , 0, 0, 0, 0, 0, 0, 0, 0, 0, 0, 0, , 0, 0, DARBY,
EP, 05, 2016072100,   , CHP6, 0, 197N, 1419W,  41,  996, TS,   0, , 0, 0, 0, 0, 0, 0, 0, 0, 0, 0, 0, , 0, 0, DARBY,
EP, 05, 2016072106,   , CHP6, 0, 196N, 1433W,  41,  996, TS,   0, , 0, 0, 0, 0, 0, 0, 0, 0, 0, 0, 0, , 0, 0, DARBY,
EP, 05, 2016072112,   , CHP6, 0, 192N, 1445W,  47,  992, TS,   0, , 0, 0, 0, 0, 0, 0, 0, 0, 0, 0, 0, , 0, 0, DARBY,
EP, 05, 2016072118,   , CHP6, 0, 189N, 1458W,  49,  991, TS,   0, , 0, 0, 0, 0, 0, 0, 0, 0, 0, 0, 0, , 0, 0, DARBY,
EP, 05, 2016072200,   , CHP6, 0, 187N, 1468W,  50,  990, TS,   0, , 0, 0, 0, 0, 0, 0, 0, 0, 0, 0, 0, , 0, 0, DARBY,
EP, 05, 2016072206,   , CHP6, 0, 187N, 1478W,  51,  989, TS,   0, , 0, 0, 0, 0, 0, 0, 0, 0, 0, 0, 0, , 0, 0, DARBY,
EP, 05, 2016072212,   , CHP6, 0, 188N, 1487W,  52,  988, TS,   0, , 0, 0, 0, 0, 0, 0, 0, 0, 0, 0, 0, , 0, 0, DARBY,
EP, 05, 2016072218,   , CHP6, 0, 188N, 1498W,  53,  990, TS,   0, , 0, 0, 0, 0, 0, 0, 0, 0, 0, 0, 0, , 0, 0, DARBY,
EP, 05, 2016072300,   , CHP6, 0, 189N, 1507W,  55,  989, TS,   0, , 0, 0, 0, 0, 0, 0, 0, 0, 0, 0, 0, , 0, 0, DARBY,
EP, 05, 2016072306,   , CHP6, 0, 190N, 1517W,  58,  987, TS,   0, , 0, 0, 0, 0, 0, 0, 0, 0, 0, 0, 0, , 0, 0, DARBY,
EP, 05, 2016072312,   , CHP6, 0, 192N, 1525W,  60,  986, TS,   0, , 0, 0, 0, 0, 0, 0, 0, 0, 0, 0, 0, , 0, 0, DARBY,
EP, 05, 2016072318,   , CHP6, 0, 194N, 1533W,  63,  985, TS,   0, , 0, 0, 0, 0, 0, 0, 0, 0, 0, 0, 0, , 0, 0, DARBY,
EP, 05, 2016072400,   , CHP6, 0, 197N, 1540W,  64,  984, HU,   0, , 0, 0, 0, 0, 0, 0, 0, 0, 0, 0, 0, , 0, 0, DARBY,
EP, 05, 2016072406,   , CHP6, 0, 201N, 1547W,  62,  984, TS,   0, , 0, 0, 0, 0, 0, 0, 0, 0, 0, 0, 0, , 0, 0, DARBY,
EP, 05, 2016072412,   , CHP6, 0, 205N, 1553W,  62,  984, TS,   0, , 0, 0, 0, 0, 0, 0, 0, 0, 0, 0, 0, , 0, 0, DARBY,
EP, 05, 2016072418,   , CHP6, 0, 210N, 1559W,  59,  985, TS,   0, , 0, 0, 0, 0, 0, 0, 0, 0, 0, 0, 0, , 0, 0, DARBY,
EP, 05, 2016072500,   , CHP6, 0, 214N, 1565W,  58,  987, TS,   0, , 0, 0, 0, 0, 0, 0, 0, 0, 0, 0, 0, , 0, 0, DARBY,
EP, 05, 2016072506,   , CHP6, 0, 218N, 1571W,  60,  987, TS,   0, , 0, 0, 0, 0, 0, 0, 0, 0, 0, 0, 0, , 0, 0, DARBY,
EP, 05, 2016072512,   , CHP6, 0, 225N, 1577W,  60,  987, TS,   0, , 0, 0, 0, 0, 0, 0, 0, 0, 0, 0, 0, , 0, 0, DARBY,
EP, 05, 2016072518,   , CHP6, 0, 232N, 1583W,  58,  988, TS,   0, , 0, 0, 0, 0, 0, 0, 0, 0, 0, 0, 0, , 0, 0, DARBY,
EP, 05, 2016072600,   , CHP6, 0, 238N, 1589W,  56,  989, TS,   0, , 0, 0, 0, 0, 0, 0, 0, 0, 0, 0, 0, , 0, 0, DARBY,
EP, 05, 2016072606,   , CHP6, 0, 245N, 1596W,  55,  990, TS,   0, , 0, 0, 0, 0, 0, 0, 0, 0, 0, 0, 0, , 0, 0, DARBY,
EP, 05, 2016072612,   , CHP6, 0, 253N, 1603W,  53,  991, TS,   0, , 0, 0, 0, 0, 0, 0, 0, 0, 0, 0, 0, , 0, 0, DARBY,
EP, 05, 2016072618,   , CHP6, 0, 262N, 1611W,  52,  992, TS,   0, , 0, 0, 0, 0, 0, 0, 0, 0, 0, 0, 0, , 0, 0, DARBY,
EP, 05, 2016072700,   , CHP6, 0, 270N, 1620W,  50,  992, TS,   0, , 0, 0, 0, 0, 0, 0, 0, 0, 0, 0, 0, , 0, 0, DARBY,
EP, 05, 2016072706,   , CHP6, 0, 279N, 1630W,  49,  993, TS,   0, , 0, 0, 0, 0, 0, 0, 0, 0, 0, 0, 0, , 0, 0, DARBY,
EP, 05, 2016072712,   , CHP6, 0, 291N, 1641W,  50,  993, TS,   0, , 0, 0, 0, 0, 0, 0, 0, 0, 0, 0, 0, , 0, 0, DARBY,
EP, 05, 2016072718,   , CHP6, 0, 301N, 1651W,  50,  993, TS,   0, , 0, 0, 0, 0, 0, 0, 0, 0, 0, 0, 0, , 0, 0, DARBY,
EP, 05, 2016072800,   , CHP6, 0, 311N, 1657W,  49,  993, TS,   0, , 0, 0, 0, 0, 0, 0, 0, 0, 0, 0, 0, , 0, 0, DARBY,
EP, 05, 2016072806,   , CHP6, 0, 320N, 1664W,  48,  994, TS,   0, , 0, 0, 0, 0, 0, 0, 0, 0, 0, 0, 0, , 0, 0, DARBY,
EP, 05, 2016072812,   , CHP6, 0, 327N, 1671W,  44,  996, TS,   0, , 0, 0, 0, 0, 0, 0, 0, 0, 0, 0, 0, , 0, 0, DARBY,
EP, 05, 2016072818,   , CHP6, 0, 336N, 1672W,  42,  996, TS,   0, , 0, 0, 0, 0, 0, 0, 0, 0, 0, 0, 0, , 0, 0, DARBY,
EP, 05, 2016072900,   , CHP6, 0, 345N, 1668W,  34,  999, TS,   0, , 0, 0, 0, 0, 0, 0, 0, 0, 0, 0, 0, , 0, 0, DARBY,
EP, 05, 2016072906,   , CHP6, 0, 355N, 1662W,  28,  998, EX,   0, , 0, 0, 0, 0, 0, 0, 0, 0, 0, 0, 0, , 0, 0, DARBY,
EP, 05, 2016072912,   , CHP6, 0, 365N, 1653W,  24,  996, EX,   0, , 0, 0, 0, 0, 0, 0, 0, 0, 0, 0, 0, , 0, 0, DARBY,
