AL, 99, 2024091000,   , BEST, 0, 135N,  172W,  20, 1011, DB,   0, , 0, 0, 0, 0, 0, 0, 0, 0, 0, 0, 0, , 0, 0, INVEST,
AL, 99, 2024091006,   , BEST, 0, 139N,  190W,  20, 1010, DB,   0, , 0, 0, 0, 0, 0, 0, 0, 0, 0, 0, 0, , 0, 0, INVEST,
AL, 99, 2024091012,   , BEST, 0, 142N,  208W,  20, 1010, DB,   0, , 0, 0, 0, 0, 0, 0, 0, 0, 0, 0, 0, , 0, 0, INVEST,
AL, 07, 2024091018,   , BEST, 0, 144N,  226W,  25, 1008, TD,   0, , 0, 0, 0, 0, 0, 0, 0, 0, 0, 0, 0, , 0, 0, SEVEN,
AL, 07, 2024091100,   , BEST, 0, 148N,  242W,  25, 1008, TD,   0, , 0, 0, 0, 0, 0, 0, 0, 0, 0, 0, 0, , 0, 0, SEVEN,
AL, 07, 2024091106,   , BEST, 0, 152N,  260W,  25, 1007, TD,   0, , 0, 0, 0, 0, 0, 0, 0, 0, 0, 0, 0, , 0, 0, SEVEN,
AL, 07, 2024091112,   , BEST, 0, 155N,  277W,  30, 1005, TD,   0, , 0, 0, 0, 0, 0, 0, 0, 0, 0, 0, 0, , 0, 0, SEVEN,
AL, 07, 2024091118,   , BEST, 0, 157N,  293W,  30, 1005, TD,   0, , 0, 0, 0, 0, 0, 0, 0, 0, 0, 0, 0, , 0, 0, SEVEN,
AL, 07, 2024091200,   , BEST, 0, 160N,  307W,  30, 1004, TD,   0, , 0, 0, 0, 0, 0, 0, 0, 0, 0, 0, 0, , 0, 0, SEVEN,
AL, 07, 2024091206,   , BEST, 0, 164N,  322W,  30, 1004, TD,   0, , 0, 0, 0, 0, 0, 0, 0, 0, 0, 0, 0, , 0, 0, SEVEN,
AL, 07, 2024091212,   , BEST, 0, 170N,  338W,  30, 1004, TD,   0, , 0, 0, 0, 0, 0, 0, 0, 0, 0, 0, 0, , 0, 0, SEVEN,
AL, 07, 2024091218,   , BEST, 0, 176N,  351W,  30, 1005, TD,   0, , 0, 0, 0, 0, 0, 0, 0, 0, 0, 0, 0, , 0, 0, SEVEN,
AL, 07, 2024091300,   , BEST, 0, 183N,  360W,  30, 1005, TD,   0, , 0, 0, 0, 0, 0, 0, 0, 0, 0, 0, 0, , 0, 0, SEVEN,
AL, 07, 2024091306,   , BEST, 0, 188N,  369W,  35, 1003, TS,   0, , 0, 0, 0, 0, 0, 0, 0, 0, 0, 0, 0, , 0, 0, GORDON,
AL, 07, 2024091312,   , BEST, 0, 191N,  378W,  37, 1001, TS,   0, , 0, 0, 0, 0, 0, 0, 0, 0, 0, 0, 0, , 0, 0, GORDON,
AL, 07, 2024091318,   , BEST, 0, 194N,  386W,  40, 1000, TS,   0, , 0, 0, 0, 0, 0, 0, 0, 0, 0, 0, 0, , 0, 0, GORDON,
AL, 07, 2024091400,   , BEST, 0, 197N,  399W,  40,  998, TS,   0, , 0, 0, 0, 0, 0, 0, 0, 0, 0, 0, 0, , 0, 0, GORDON,
AL, 07, 2024091406,   , BEST, 0, 198N,  408W,  41,  997, TS,   0, , 0, 0, 0, 0, 0, 0, 0, 0, 0, 0, 0, , 0, 0, GORDON,
AL, 07, 2024091412,   , BEST, 0, 198N,  418W,  44,  996, TS,   0, , 0, 0, 0, 0, 0, 0, 0, 0, 0, 0, 0, , 0, 0, GORDON,
AL, 07, 2024091418,   , BEST, 0, 197N,  428W,  47,  995, TS,   0, , 0, 0, 0, 0, 0, 0, 0, 0, 0, 0, 0, , 0, 0, GORDON,
AL, 07, 2024091500,   , BEST, 0, 196N,  438W,  49,  994, TS,   0, , 0, 0, 0, 0, 0, 0, 0, 0, 0, 0, 0, , 0, 0, GORDON,
AL, 07, 2024091506,   , BEST, 0, 195N,  445W,  52,  992, TS,   0, , 0, 0, 0, 0, 0, 0, 0, 0, 0, 0, 0, , 0, 0, GORDON,
AL, 07, 2024091512,   , BEST, 0, 194N,  452W,  56,  990, TS,   0, , 0, 0, 0, 0, 0, 0, 0, 0, 0, 0, 0, , 0, 0, GORDON,
AL, 07, 2024091518,   , BEST, 0, 194N,  458W,  60,  988, TS,   0, , 0, 0, 0, 0, 0, 0, 0, 0, 0, 0, 0, , 0, 0, GORDON,
AL, 07, 2024091600,   , BEST, 0, 194N,  464W,  65,  984, HU,   0, , 0, 0, 0, 0, 0, 0, 0, 0, 0, 0, 0, , 0, 0, GORDON,
AL, 07, 2024091606,   , BEST, 0, 194N,  471W,  71,  979, HU,   0, , 0, 0, 0, 0, 0, 0, 0, 0, 0, 0, 0, , 0, 0, GORDON,
AL, 07, 2024091612,   , BEST, 0, 194N,  476W,  80,  973, HU,   0, , 0, 0, 0, 0, 0, 0, 0, 0, 0, 0, 0, , 0, 0, GORDON,
AL, 07, 2024091618,   , BEST, 0, 194N,  481W,  89,  965, HU,   0, , 0, 0, 0, 0, 0, 0, 0, 0, 0, 0, 0, , 0, 0, GORDON,
AL, 07, 2024091700,   , BEST, 0, 195N,  486W,  98,  956, HU,   0, , 0, 0, 0, 0, 0, 0, 0, 0, 0, 0, 0, , 0, 0, GORDON,
AL, 07, 2024091706,   , BEST, 0, 196N,  491W, 106,  949, HU,   0, , 0, 0, 0, 0, 0, 0, 0, 0, 0, 0, 0, , 0, 0, GORDON,
AL, 07, 2024091712,   , BEST, 0, 197N,  495W, 109,  945, HU,   0, , 0, 0, 0, 0, 0, 0, 0, 0, 0, 0, 0, , 0, 0, GORDON,
AL, 07, 2024091718,   , BEST, 0, 198N,  498W, 109,  945, HU,   0, , 0, 0, 0, 0, 0, 0, 0, 0, 0, 0, 0, , 0, 0, GORDON,
AL, 07, 2024091800,   , BEST, 0, 199N,  500W, 108,  946, HU,   0, , 0, 0, 0, 0, 0, 0, 0, 0, 0, 0, 0, , 0, 0, GORDON,
AL, 07, 2024091806,   , BEST, 0, 200N,  502W, 107,  947, HU,   0, , 0, 0, 0, 0, 0, 0, 0, 0, 0, 0, 0, , 0, 0, GORDON,
AL, 07, 2024091812,   , BEST, 0, 201N,  503W, 105,  949, HU,   0, , 0, 0, 0, 0, 0, 0, 0, 0, 0, 0, 0, , 0, 0, GORDON,
AL, 07, 2024091818,   , BEST, 0, 202N,  504W, 103,  950, HU,   0, , 0, 0, 0, 0, 0, 0, 0, 0, 0, 0, 0, , 0, 0, GORDON,
AL, 07, 2024091900,   , BEST, 0, 204N,  503W, 106,  949, HU,   0, , 0, 0, 0, 0, 0, 0, 0, 0, 0, 0, 0, , 0, 0, GORDON,
AL, 07, 2024091906,   , BEST, 0, 206N,  501W, 117,  937, HU,   0, , 0, 0, 0, 0, 0, 0, 0, 0, 0, 0, 0, , 0, 0, GORDON,
AL, 07, 2024091912,   , BEST, 0, 210N,  499W, 121,  932, HU,   0, , 0, 0, 0, 0, 0, 0, 0, 0, 0, 0, 0, , 0, 0, GORDON,
AL, 07, 2024091918,   , BEST, 0, 216N,  495W, 114,  940, HU,   0, , 0, 0, 0, 0, 0, 0, 0, 0, 0, 0, 0, , 0, 0, GORDON,
AL, 07, 2024092000,   , BEST, 0, 223N,  492W, 106,  948, HU,   0, , 0, 0, 0, 0, 0, 0, 0, 0, 0, 0, 0, , 0, 0, GORDON,
AL, 07, 2024092006,   , BEST, 0, 229N,  488W, 102,  952, HU,   0, , 0, 0, 0, 0, 0, 0, 0, 0, 0, 0, 0, , 0, 0, GORDON,
AL, 07, 2024092012,   , BEST, 0, 235N,  484W, 100,  955, HU,   0, , 0, 0, 0, 0, 0, 0, 0, 0, 0, 0, 0, , 0, 0, GORDON,
AL, 07, 2024092018,   , BEST, 0, 241N,  480W,  89,  967, HU,   0, , 0, 0, 0, 0, 0, 0, 0, 0, 0, 0, 0, , 0, 0, GORDON,
AL, 07, 2024092100,   , BEST, 0, 247N,  476W,  71,  978, HU,   0, , 0, 0, 0, 0, 0, 0, 0, 0, 0, 0, 0, , 0, 0, GORDON,
AL, 07, 2024092106,   , BEST, 0, 255N,  472W,  58,  983, TS,   0, , 0, 0, 0, 0, 0, 0, 0, 0, 0, 0, 0, , 0, 0, GORDON,
AL, 07, 2024092112,   , BEST, 0, 263N,  469W,  43,  988, TS,   0, , 0, 0, 0, 0, 0, 0, 0, 0, 0, 0, 0, , 0, 0, GORDON,
AL, 07, 2024092118,   , BEST, 0, 273N,  465W,  35,  992, TS,   0, , 0, 0, 0, 0, 0, 0, 0, 0, 0, 0, 0, , 0, 0, GORDON,
AL, 07, 2024092200,   , BEST, 0, 282N,  460W,  29,  994, TD,   0, , 0, 0, 0, 0, 0, 0, 0, 0, 0, 0, 0, , 0, 0, GORDON,
AL, 07, 2024092206,   , BEST, 0, 291N,  450W,  24,  995, TD,   0, , 0, 0, 0, 0, 0, 0, 0, 0, 0, 0, 0, , 0, 0, GORDON,
AL, 07, 2024092212,   , BEST, 0, 303N,  435W,  22,  997, DB,   0, , 0, 0, 0, 0, 0, 0, 0, 0, 0, 0, 0, , 0, 0, GORDON,
AL, 07, 2024092218,   , BEST, 0, 312N,  416W,  17,  998, DB,   0, , 0, 0, 0, 0, 0, 0, 0, 0, 0, 0, 0, , 0, 0, GORDON,
AL, 07, 2024092300,   , BEST, 0, 323N,  398W,  14,  999, DB,   0, , 0, 0, 0, 0, 0, 0, 0, 0, 0, 0, 0, , 0, 0, GORDON,
