AL, 94, 2024062900,   , CHP6, 0, 183N,  863W,  20, 1009, DB,   0, , 0, 0, 0, 0, 0, 0, 0, 0, 0, 0, 0, , 0, 0, INVEST,
AL, 94, 2024062906,   , CHP6, 0, 182N,  876W,  20, 1009, DB,   0, , 0, 0, 0, 0, 0, 0, 0, 0, 0, 0, 0, , 0, 0, INVEST,
AL, 94, 2024062912,   , CHP6, 0, 182N,  889W,  20, 1009, DB,   0, , 0, 0, 0, 0, 0, 0, 0, 0, 0, 0, 0, , 0, 0, INVEST,
AL, 94, 2024062918,   , CHP6, 0, 184N,  902W,  20, 1009, DB,   0, , 0, 0, 0, 0, 0, 0, 0, 0, 0, 0, 0, , 0, 0, INVEST,
AL, 94, 2024063000,   , CHP6, 0, 187N,  915W,  20, 1009, DB,   0, , 0, 0, 0, 0, 0, 0, 0, 0, 0, 0, 0, , 0, 0, INVEST,
AL, 03, 2024063006,   , CHP6, 0, 190N,  927W,  25, 1008, TD,   0, , 0, 0, 0, 0, 0, 0, 0, 0, 0, 0, 0, , 0, 0, THREE,
AL, 03, 2024063012,   , CHP6, 0, 194N,  937W,  25, 1007, TD,   0, , 0, 0, 0, 0, 0, 0, 0, 0, 0, 0, 0, , 0, 0, THREE,
AL, 03, 2024063018,   , CHP6, 0, 197N,  947W,  30, 1005, TD,   0, , 0, 0, 0, 0, 0, 0, 0, 0, 0, 0, 0, , 0, 0, THREE,
AL, 03, 2024070100,   , CHP6, 0, 200N,  958W,  40, 1003, TS,   0, , 0, 0, 0, 0, 0, 0, 0, 0, 0, 0, 0, , 0, 0, CHRIS,
AL, 03, 2024070106,   , CHP6, 0, 201N,  970W,  35, 1006, TS,   0, , 0, 0, 0, 0, 0, 0, 0, 0, 0, 0, 0, , 0, 0, CHRIS,
AL, 03, 2024070112,   , CHP6, 0, 202N,  978W,  28, 1001, TD,   0, , 0, 0, 0, 0, 0, 0, 0, 0, 0, 0, 0, , 0, 0, CHRIS,
AL, 03, 2024070118,   , CHP6, 0, 203N,  986W,  29, 1001, TD,   0, , 0, 0, 0, 0, 0, 0, 0, 0, 0, 0, 0, , 0, 0, CHRIS,
AL, 03, 2024070200,   , CHP6, 0, 205N,  996W,  25, 1002, TD,   0, , 0, 0, 0, 0, 0, 0, 0, 0, 0, 0, 0, , 0, 0, CHRIS,
AL, 03, 2024070206,   , CHP6, 0, 206N, 1004W,  22, 1006, DB,   0, , 0, 0, 0, 0, 0, 0, 0, 0, 0, 0, 0, , 0, 0, CHRIS,
AL, 03, 2024070212,   , CHP6, 0, 207N, 1009W,  18, 1007, DB,   0, , 0, 0, 0, 0, 0, 0, 0, 0, 0, 0, 0, , 0, 0, CHRIS,