AL, 95, 2024091500,   , BEST, 0, 315N,  765W,  25, 1010, EX,   0, , 0, 0, 0, 0, 0, 0, 0, 0, 0, 0, 0, , 0, 0, INVEST,
AL, 95, 2024091506,   , BEST, 0, 317N,  769W,  25, 1009, EX,   0, , 0, 0, 0, 0, 0, 0, 0, 0, 0, 0, 0, , 0, 0, INVEST,
AL, 95, 2024091512,   , BEST, 0, 318N,  772W,  30, 1007, EX,   0, , 0, 0, 0, 0, 0, 0, 0, 0, 0, 0, 0, , 0, 0, INVEST,
AL, 95, 2024091518,   , BEST, 0, 320N,  775W,  35, 1005, EX,   0, , 0, 0, 0, 0, 0, 0, 0, 0, 0, 0, 0, , 0, 0, INVEST,
AL, 08, 2024091600,   , BEST, 0, 322N,  778W,  48,  994, SS,   0, , 0, 0, 0, 0, 0, 0, 0, 0, 0, 0, 0, , 0, 0, EIGHT,
AL, 08, 2024091606,   , BEST, 0, 324N,  781W,  50,  991, SS,   0, , 0, 0, 0, 0, 0, 0, 0, 0, 0, 0, 0, , 0, 0, EIGHT,
AL, 08, 2024091612,   , BEST, 0, 328N,  785W,  54,  990, SS,   0, , 0, 0, 0, 0, 0, 0, 0, 0, 0, 0, 0, , 0, 0, EIGHT,
AL, 08, 2024091618,   , BEST, 0, 332N,  789W,  51,  991, SS,   0, , 0, 0, 0, 0, 0, 0, 0, 0, 0, 0, 0, , 0, 0, EIGHT,
AL, 08, 2024091700,   , BEST, 0, 336N,  793W,  44,  993, EX,   0, , 0, 0, 0, 0, 0, 0, 0, 0, 0, 0, 0, , 0, 0, EIGHT,
AL, 08, 2024091706,   , BEST, 0, 340N,  796W,  39,  996, EX,   0, , 0, 0, 0, 0, 0, 0, 0, 0, 0, 0, 0, , 0, 0, EIGHT,
AL, 08, 2024091712,   , BEST, 0, 345N,  800W,  33,  998, EX,   0, , 0, 0, 0, 0, 0, 0, 0, 0, 0, 0, 0, , 0, 0, EIGHT,
AL, 08, 2024091718,   , BEST, 0, 350N,  803W,  30,  999, EX,   0, , 0, 0, 0, 0, 0, 0, 0, 0, 0, 0, 0, , 0, 0, EIGHT,
AL, 08, 2024091800,   , BEST, 0, 355N,  806W,  26, 1000, EX,   0, , 0, 0, 0, 0, 0, 0, 0, 0, 0, 0, 0, , 0, 0, EIGHT,
