AL, 97, 2024110218,   , BEST, 0, 110N,  790W,  20, 1007, DB,   0, , 0, 0, 0, 0, 0, 0, 0, 0, 0, 0, 0, , 0, 0, INVEST,
AL, 97, 2024110300,   , BEST, 0, 114N,  784W,  20, 1007, DB,   0, , 0, 0, 0, 0, 0, 0, 0, 0, 0, 0, 0, , 0, 0, INVEST,
AL, 97, 2024110306,   , BEST, 0, 118N,  778W,  20, 1006, DB,   0, , 0, 0, 0, 0, 0, 0, 0, 0, 0, 0, 0, , 0, 0, INVEST,
AL, 18, 2024110312,   , BEST, 0, 122N,  772W,  25, 1004, TD,   0, , 0, 0, 0, 0, 0, 0, 0, 0, 0, 0, 0, , 0, 0, EIGHTEEN,
AL, 18, 2024110318,   , BEST, 0, 126N,  766W,  25, 1004, TD,   0, , 0, 0, 0, 0, 0, 0, 0, 0, 0, 0, 0, , 0, 0, EIGHTEEN,
AL, 18, 2024110400,   , BEST, 0, 130N,  765W,  25, 1003, TD,   0, , 0, 0, 0, 0, 0, 0, 0, 0, 0, 0, 0, , 0, 0, EIGHTEEN,
AL, 18, 2024110406,   , BEST, 0, 135N,  765W,  30, 1001, TD,   0, , 0, 0, 0, 0, 0, 0, 0, 0, 0, 0, 0, , 0, 0, EIGHTEEN,
AL, 18, 2024110412,   , BEST, 0, 142N,  766W,  30, 1000, TD,   0, , 0, 0, 0, 0, 0, 0, 0, 0, 0, 0, 0, , 0, 0, EIGHTEEN,
AL, 18, 2024110418,   , BEST, 0, 152N,  767W,  35,  998, TS,   0, , 0, 0, 0, 0, 0, 0, 0, 0, 0, 0, 0, , 0, 0, RAFAEL,
AL, 18, 2024110500,   , BEST, 0, 161N,  770W,  40,  996, TS,   0, , 0, 0, 0, 0, 0, 0, 0, 0, 0, 0, 0, , 0, 0, RAFAEL,
AL, 18, 2024110506,   , BEST, 0, 167N,  776W,  44,  996, TS,   0, , 0, 0, 0, 0, 0, 0, 0, 0, 0, 0, 0, , 0, 0, RAFAEL,
AL, 18, 2024110512,   , BEST, 0, 175N,  784W,  49,  995, TS,   0, , 0, 0, 0, 0, 0, 0, 0, 0, 0, 0, 0, , 0, 0, RAFAEL,
AL, 18, 2024110518,   , BEST, 0, 184N,  792W,  58,  990, TS,   0, , 0, 0, 0, 0, 0, 0, 0, 0, 0, 0, 0, , 0, 0, RAFAEL,
AL, 18, 2024110600,   , BEST, 0, 193N,  800W,  75,  981, HU,   0, , 0, 0, 0, 0, 0, 0, 0, 0, 0, 0, 0, , 0, 0, RAFAEL,
AL, 18, 2024110606,   , BEST, 0, 203N,  808W, 104,  957, HU,   0, , 0, 0, 0, 0, 0, 0, 0, 0, 0, 0, 0, , 0, 0, RAFAEL,
AL, 18, 2024110612,   , BEST, 0, 212N,  816W, 139,  919, HU,   0, , 0, 0, 0, 0, 0, 0, 0, 0, 0, 0, 0, , 0, 0, RAFAEL,
AL, 18, 2024110618,   , BEST, 0, 222N,  825W, 118,  940, HU,   0, , 0, 0, 0, 0, 0, 0, 0, 0, 0, 0, 0, , 0, 0, RAFAEL,
AL, 18, 2024110700,   , BEST, 0, 228N,  832W,  95,  962, HU,   0, , 0, 0, 0, 0, 0, 0, 0, 0, 0, 0, 0, , 0, 0, RAFAEL,
AL, 18, 2024110706,   , BEST, 0, 233N,  840W,  98,  960, HU,   0, , 0, 0, 0, 0, 0, 0, 0, 0, 0, 0, 0, , 0, 0, RAFAEL,
AL, 18, 2024110712,   , BEST, 0, 239N,  848W, 103,  955, HU,   0, , 0, 0, 0, 0, 0, 0, 0, 0, 0, 0, 0, , 0, 0, RAFAEL,
AL, 18, 2024110718,   , BEST, 0, 241N,  856W, 108,  950, HU,   0, , 0, 0, 0, 0, 0, 0, 0, 0, 0, 0, 0, , 0, 0, RAFAEL,
AL, 18, 2024110800,   , BEST, 0, 243N,  864W, 113,  946, HU,   0, , 0, 0, 0, 0, 0, 0, 0, 0, 0, 0, 0, , 0, 0, RAFAEL,
AL, 18, 2024110806,   , BEST, 0, 243N,  872W, 122,  936, HU,   0, , 0, 0, 0, 0, 0, 0, 0, 0, 0, 0, 0, , 0, 0, RAFAEL,
AL, 18, 2024110812,   , BEST, 0, 244N,  880W, 129,  925, HU,   0, , 0, 0, 0, 0, 0, 0, 0, 0, 0, 0, 0, , 0, 0, RAFAEL,
AL, 18, 2024110818,   , BEST, 0, 245N,  887W, 111,  943, HU,   0, , 0, 0, 0, 0, 0, 0, 0, 0, 0, 0, 0, , 0, 0, RAFAEL,
AL, 18, 2024110900,   , BEST, 0, 246N,  893W,  89,  963, HU,   0, , 0, 0, 0, 0, 0, 0, 0, 0, 0, 0, 0, , 0, 0, RAFAEL,
AL, 18, 2024110906,   , BEST, 0, 247N,  900W,  76,  974, HU,   0, , 0, 0, 0, 0, 0, 0, 0, 0, 0, 0, 0, , 0, 0, RAFAEL,
AL, 18, 2024110912,   , BEST, 0, 248N,  906W,  74,  977, HU,   0, , 0, 0, 0, 0, 0, 0, 0, 0, 0, 0, 0, , 0, 0, RAFAEL,
AL, 18, 2024110918,   , BEST, 0, 249N,  911W,  76,  975, HU,   0, , 0, 0, 0, 0, 0, 0, 0, 0, 0, 0, 0, , 0, 0, RAFAEL,
AL, 18, 2024111000,   , BEST, 0, 250N,  916W,  92,  961, HU,   0, , 0, 0, 0, 0, 0, 0, 0, 0, 0, 0, 0, , 0, 0, RAFAEL,
AL, 18, 2024111006,   , BEST, 0, 250N,  920W,  90,  963, HU,   0, , 0, 0, 0, 0, 0, 0, 0, 0, 0, 0, 0, , 0, 0, RAFAEL,
AL, 18, 2024111012,   , BEST, 0, 250N,  923W,  86,  966, HU,   0, , 0, 0, 0, 0, 0, 0, 0, 0, 0, 0, 0, , 0, 0, RAFAEL,
AL, 18, 2024111018,   , BEST, 0, 249N,  926W,  83,  969, HU,   0, , 0, 0, 0, 0, 0, 0, 0, 0, 0, 0, 0, , 0, 0, RAFAEL,
AL, 18, 2024111100,   , BEST, 0, 246N,  928W,  83,  970, HU,   0, , 0, 0, 0, 0, 0, 0, 0, 0, 0, 0, 0, , 0, 0, RAFAEL,
AL, 18, 2024111106,   , BEST, 0, 243N,  929W,  85,  968, HU,   0, , 0, 0, 0, 0, 0, 0, 0, 0, 0, 0, 0, , 0, 0, RAFAEL,
AL, 18, 2024111112,   , BEST, 0, 240N,  931W,  90,  964, HU,   0, , 0, 0, 0, 0, 0, 0, 0, 0, 0, 0, 0, , 0, 0, RAFAEL,
AL, 18, 2024111118,   , BEST, 0, 236N,  932W,  97,  958, HU,   0, , 0, 0, 0, 0, 0, 0, 0, 0, 0, 0, 0, , 0, 0, RAFAEL,
AL, 18, 2024111200,   , BEST, 0, 232N,  933W, 104,  950, HU,   0, , 0, 0, 0, 0, 0, 0, 0, 0, 0, 0, 0, , 0, 0, RAFAEL,
AL, 18, 2024111206,   , BEST, 0, 228N,  934W, 108,  946, HU,   0, , 0, 0, 0, 0, 0, 0, 0, 0, 0, 0, 0, , 0, 0, RAFAEL,
AL, 18, 2024111212,   , BEST, 0, 224N,  935W, 105,  949, HU,   0, , 0, 0, 0, 0, 0, 0, 0, 0, 0, 0, 0, , 0, 0, RAFAEL,
AL, 18, 2024111218,   , BEST, 0, 221N,  936W,  90,  962, HU,   0, , 0, 0, 0, 0, 0, 0, 0, 0, 0, 0, 0, , 0, 0, RAFAEL,
AL, 18, 2024111300,   , BEST, 0, 218N,  937W,  86,  967, HU,   0, , 0, 0, 0, 0, 0, 0, 0, 0, 0, 0, 0, , 0, 0, RAFAEL,
AL, 18, 2024111306,   , BEST, 0, 215N,  938W,  86,  968, HU,   0, , 0, 0, 0, 0, 0, 0, 0, 0, 0, 0, 0, , 0, 0, RAFAEL,
AL, 18, 2024111312,   , BEST, 0, 212N,  939W,  85,  967, HU,   0, , 0, 0, 0, 0, 0, 0, 0, 0, 0, 0, 0, , 0, 0, RAFAEL,
AL, 18, 2024111318,   , BEST, 0, 208N,  940W,  85,  968, HU,   0, , 0, 0, 0, 0, 0, 0, 0, 0, 0, 0, 0, , 0, 0, RAFAEL,
AL, 18, 2024111400,   , BEST, 0, 204N,  942W,  86,  967, HU,   0, , 0, 0, 0, 0, 0, 0, 0, 0, 0, 0, 0, , 0, 0, RAFAEL,
AL, 18, 2024111406,   , BEST, 0, 200N,  944W,  72,  976, HU,   0, , 0, 0, 0, 0, 0, 0, 0, 0, 0, 0, 0, , 0, 0, RAFAEL,
AL, 18, 2024111412,   , BEST, 0, 197N,  947W,  61,  983, TS,   0, , 0, 0, 0, 0, 0, 0, 0, 0, 0, 0, 0, , 0, 0, RAFAEL,
AL, 18, 2024111418,   , BEST, 0, 193N,  950W,  48,  988, TS,   0, , 0, 0, 0, 0, 0, 0, 0, 0, 0, 0, 0, , 0, 0, RAFAEL,
AL, 18, 2024111500,   , BEST, 0, 188N,  954W,  36,  992, TS,   0, , 0, 0, 0, 0, 0, 0, 0, 0, 0, 0, 0, , 0, 0, RAFAEL,
AL, 18, 2024111506,   , BEST, 0, 185N,  958W,  22,  995, DB,   0, , 0, 0, 0, 0, 0, 0, 0, 0, 0, 0, 0, , 0, 0, RAFAEL,
AL, 18, 2024111512,   , BEST, 0, 182N,  963W,  17,  999, DB,   0, , 0, 0, 0, 0, 0, 0, 0, 0, 0, 0, 0, , 0, 0, RAFAEL,
