AL, 92, 2024100312,   , BEST, 0, 195N,  944W,  20, 1010, DB,   0, , 0, 0, 0, 0, 0, 0, 0, 0, 0, 0, 0, , 0, 0, INVEST,
AL, 92, 2024100318,   , BEST, 0, 198N,  946W,  20, 1010, DB,   0, , 0, 0, 0, 0, 0, 0, 0, 0, 0, 0, 0, , 0, 0, INVEST,
AL, 92, 2024100400,   , BEST, 0, 201N,  948W,  20, 1009, DB,   0, , 0, 0, 0, 0, 0, 0, 0, 0, 0, 0, 0, , 0, 0, INVEST,
AL, 92, 2024100406,   , BEST, 0, 205N,  951W,  20, 1007, DB,   0, , 0, 0, 0, 0, 0, 0, 0, 0, 0, 0, 0, , 0, 0, INVEST,
AL, 14, 2024100412,   , BEST, 0, 209N,  954W,  30, 1005, TD,   0, , 0, 0, 0, 0, 0, 0, 0, 0, 0, 0, 0, , 0, 0, FOURTEEN,
AL, 14, 2024100418,   , BEST, 0, 212N,  956W,  35, 1003, TS,   0, , 0, 0, 0, 0, 0, 0, 0, 0, 0, 0, 0, , 0, 0, MILTON,
AL, 14, 2024100500,   , BEST, 0, 215N,  956W,  40, 1001, TS,   0, , 0, 0, 0, 0, 0, 0, 0, 0, 0, 0, 0, , 0, 0, MILTON,
AL, 14, 2024100506,   , BEST, 0, 217N,  955W,  40, 1000, TS,   0, , 0, 0, 0, 0, 0, 0, 0, 0, 0, 0, 0, , 0, 0, MILTON,
AL, 14, 2024100512,   , BEST, 0, 219N,  955W,  40, 1000, TS,   0, , 0, 0, 0, 0, 0, 0, 0, 0, 0, 0, 0, , 0, 0, MILTON,
AL, 14, 2024100518,   , BEST, 0, 220N,  954W,  41,  997, TS,   0, , 0, 0, 0, 0, 0, 0, 0, 0, 0, 0, 0, , 0, 0, MILTON,
AL, 14, 2024100600,   , BEST, 0, 221N,  952W,  45,  997, TS,   0, , 0, 0, 0, 0, 0, 0, 0, 0, 0, 0, 0, , 0, 0, MILTON,
AL, 14, 2024100606,   , BEST, 0, 222N,  949W,  45,  996, TS,   0, , 0, 0, 0, 0, 0, 0, 0, 0, 0, 0, 0, , 0, 0, MILTON,
AL, 14, 2024100612,   , BEST, 0, 223N,  945W,  45,  995, TS,   0, , 0, 0, 0, 0, 0, 0, 0, 0, 0, 0, 0, , 0, 0, MILTON,
AL, 14, 2024100618,   , BEST, 0, 223N,  940W,  60,  988, TS,   0, , 0, 0, 0, 0, 0, 0, 0, 0, 0, 0, 0, , 0, 0, MILTON,
AL, 14, 2024100700,   , BEST, 0, 223N,  933W,  98,  959, HU,   0, , 0, 0, 0, 0, 0, 0, 0, 0, 0, 0, 0, , 0, 0, MILTON,
AL, 14, 2024100706,   , BEST, 0, 222N,  925W, 132,  924, HU,   0, , 0, 0, 0, 0, 0, 0, 0, 0, 0, 0, 0, , 0, 0, MILTON,
AL, 14, 2024100712,   , BEST, 0, 222N,  917W, 130,  924, HU,   0, , 0, 0, 0, 0, 0, 0, 0, 0, 0, 0, 0, , 0, 0, MILTON,
AL, 14, 2024100718,   , BEST, 0, 222N,  908W, 140,  915, HU,   0, , 0, 0, 0, 0, 0, 0, 0, 0, 0, 0, 0, , 0, 0, MILTON,
AL, 14, 2024100800,   , BEST, 0, 224N,  899W, 169,  877, HU,   0, , 0, 0, 0, 0, 0, 0, 0, 0, 0, 0, 0, , 0, 0, MILTON,
AL, 14, 2024100806,   , BEST, 0, 226N,  889W, 171,  875, HU,   0, , 0, 0, 0, 0, 0, 0, 0, 0, 0, 0, 0, , 0, 0, MILTON,
AL, 14, 2024100812,   , BEST, 0, 231N,  879W, 163,  888, HU,   0, , 0, 0, 0, 0, 0, 0, 0, 0, 0, 0, 0, , 0, 0, MILTON,
AL, 14, 2024100818,   , BEST, 0, 236N,  868W, 140,  915, HU,   0, , 0, 0, 0, 0, 0, 0, 0, 0, 0, 0, 0, , 0, 0, MILTON,
AL, 14, 2024100900,   , BEST, 0, 244N,  859W, 140,  913, HU,   0, , 0, 0, 0, 0, 0, 0, 0, 0, 0, 0, 0, , 0, 0, MILTON,
AL, 14, 2024100906,   , BEST, 0, 253N,  849W, 120,  935, HU,   0, , 0, 0, 0, 0, 0, 0, 0, 0, 0, 0, 0, , 0, 0, MILTON,
AL, 14, 2024100912,   , BEST, 0, 261N,  840W, 109,  945, HU,   0, , 0, 0, 0, 0, 0, 0, 0, 0, 0, 0, 0, , 0, 0, MILTON,
AL, 14, 2024100918,   , BEST, 0, 269N,  830W, 112,  942, HU,   0, , 0, 0, 0, 0, 0, 0, 0, 0, 0, 0, 0, , 0, 0, MILTON,
AL, 14, 2024101000,   , BEST, 0, 277N,  816W, 104,  951, HU,   0, , 0, 0, 0, 0, 0, 0, 0, 0, 0, 0, 0, , 0, 0, MILTON,
AL, 14, 2024101006,   , BEST, 0, 283N,  802W,  74,  975, HU,   0, , 0, 0, 0, 0, 0, 0, 0, 0, 0, 0, 0, , 0, 0, MILTON,
AL, 14, 2024101012,   , BEST, 0, 289N,  788W,  73,  979, HU,   0, , 0, 0, 0, 0, 0, 0, 0, 0, 0, 0, 0, , 0, 0, MILTON,
AL, 14, 2024101018,   , BEST, 0, 293N,  773W,  85,  970, HU,   0, , 0, 0, 0, 0, 0, 0, 0, 0, 0, 0, 0, , 0, 0, MILTON,
AL, 14, 2024101100,   , BEST, 0, 296N,  751W,  92,  968, HU,   0, , 0, 0, 0, 0, 0, 0, 0, 0, 0, 0, 0, , 0, 0, MILTON,
AL, 14, 2024101106,   , BEST, 0, 299N,  726W,  90,  970, HU,   0, , 0, 0, 0, 0, 0, 0, 0, 0, 0, 0, 0, , 0, 0, MILTON,
AL, 14, 2024101112,   , BEST, 0, 301N,  703W,  85,  974, HU,   0, , 0, 0, 0, 0, 0, 0, 0, 0, 0, 0, 0, , 0, 0, MILTON,
AL, 14, 2024101118,   , BEST, 0, 302N,  678W,  80,  978, HU,   0, , 0, 0, 0, 0, 0, 0, 0, 0, 0, 0, 0, , 0, 0, MILTON,
AL, 14, 2024101200,   , BEST, 0, 303N,  651W,  77,  982, HU,   0, , 0, 0, 0, 0, 0, 0, 0, 0, 0, 0, 0, , 0, 0, MILTON,
AL, 14, 2024101206,   , BEST, 0, 304N,  627W,  83,  979, HU,   0, , 0, 0, 0, 0, 0, 0, 0, 0, 0, 0, 0, , 0, 0, MILTON,
AL, 14, 2024101212,   , BEST, 0, 305N,  607W,  79,  979, HU,   0, , 0, 0, 0, 0, 0, 0, 0, 0, 0, 0, 0, , 0, 0, MILTON,
AL, 14, 2024101218,   , BEST, 0, 306N,  589W,  75,  980, HU,   0, , 0, 0, 0, 0, 0, 0, 0, 0, 0, 0, 0, , 0, 0, MILTON,
AL, 14, 2024101300,   , BEST, 0, 307N,  572W,  73,  981, HU,   0, , 0, 0, 0, 0, 0, 0, 0, 0, 0, 0, 0, , 0, 0, MILTON,
AL, 14, 2024101306,   , BEST, 0, 310N,  554W,  72,  982, EX,   0, , 0, 0, 0, 0, 0, 0, 0, 0, 0, 0, 0, , 0, 0, MILTON,
AL, 14, 2024101312,   , BEST, 0, 314N,  537W,  71,  982, EX,   0, , 0, 0, 0, 0, 0, 0, 0, 0, 0, 0, 0, , 0, 0, MILTON,
