AL, 91, 2024100106,   , BEST, 0, 102N,  250W,  20, 1009, DB,   0, , 0, 0, 0, 0, 0, 0, 0, 0, 0, 0, 0, , 0, 0, INVEST,
AL, 91, 2024100112,   , BEST, 0, 104N,  260W,  20, 1009, DB,   0, , 0, 0, 0, 0, 0, 0, 0, 0, 0, 0, 0, , 0, 0, INVEST,
AL, 91, 2024100118,   , BEST, 0, 106N,  268W,  20, 1008, DB,   0, , 0, 0, 0, 0, 0, 0, 0, 0, 0, 0, 0, , 0, 0, INVEST,
AL, 91, 2024100200,   , BEST, 0, 106N,  274W,  20, 1008, DB,   0, , 0, 0, 0, 0, 0, 0, 0, 0, 0, 0, 0, , 0, 0, INVEST,
AL, 13, 2024100206,   , BEST, 0, 106N,  280W,  25, 1006, TD,   0, , 0, 0, 0, 0, 0, 0, 0, 0, 0, 0, 0, , 0, 0, THIRTEEN,
AL, 13, 2024100212,   , BEST, 0, 105N,  287W,  30, 1004, TD,   0, , 0, 0, 0, 0, 0, 0, 0, 0, 0, 0, 0, , 0, 0, THIRTEEN,
AL, 13, 2024100218,   , BEST, 0, 103N,  294W,  30, 1003, TD,   0, , 0, 0, 0, 0, 0, 0, 0, 0, 0, 0, 0, , 0, 0, THIRTEEN,
AL, 13, 2024100300,   , BEST, 0, 101N,  299W,  35, 1001, TS,   0, , 0, 0, 0, 0, 0, 0, 0, 0, 0, 0, 0, , 0, 0, LESLIE,
AL, 13, 2024100306,   , BEST, 0, 101N,  303W,  38,  999, TS,   0, , 0, 0, 0, 0, 0, 0, 0, 0, 0, 0, 0, , 0, 0, LESLIE,
AL, 13, 2024100312,   , BEST, 0, 101N,  307W,  40,  998, TS,   0, , 0, 0, 0, 0, 0, 0, 0, 0, 0, 0, 0, , 0, 0, LESLIE,
AL, 13, 2024100318,   , BEST, 0, 101N,  312W,  43,  996, TS,   0, , 0, 0, 0, 0, 0, 0, 0, 0, 0, 0, 0, , 0, 0, LESLIE,
AL, 13, 2024100400,   , BEST, 0, 101N,  317W,  49,  993, TS,   0, , 0, 0, 0, 0, 0, 0, 0, 0, 0, 0, 0, , 0, 0, LESLIE,
AL, 13, 2024100406,   , BEST, 0, 102N,  323W,  57,  990, TS,   0, , 0, 0, 0, 0, 0, 0, 0, 0, 0, 0, 0, , 0, 0, LESLIE,
AL, 13, 2024100412,   , BEST, 0, 103N,  329W,  68,  984, HU,   0, , 0, 0, 0, 0, 0, 0, 0, 0, 0, 0, 0, , 0, 0, LESLIE,
AL, 13, 2024100418,   , BEST, 0, 105N,  336W,  84,  973, HU,   0, , 0, 0, 0, 0, 0, 0, 0, 0, 0, 0, 0, , 0, 0, LESLIE,
AL, 13, 2024100500,   , BEST, 0, 108N,  343W, 104,  956, HU,   0, , 0, 0, 0, 0, 0, 0, 0, 0, 0, 0, 0, , 0, 0, LESLIE,
AL, 13, 2024100506,   , BEST, 0, 111N,  350W, 126,  931, HU,   0, , 0, 0, 0, 0, 0, 0, 0, 0, 0, 0, 0, , 0, 0, LESLIE,
AL, 13, 2024100512,   , BEST, 0, 115N,  356W, 111,  945, HU,   0, , 0, 0, 0, 0, 0, 0, 0, 0, 0, 0, 0, , 0, 0, LESLIE,
AL, 13, 2024100518,   , BEST, 0, 119N,  363W, 105,  952, HU,   0, , 0, 0, 0, 0, 0, 0, 0, 0, 0, 0, 0, , 0, 0, LESLIE,
AL, 13, 2024100600,   , BEST, 0, 123N,  369W, 104,  953, HU,   0, , 0, 0, 0, 0, 0, 0, 0, 0, 0, 0, 0, , 0, 0, LESLIE,
AL, 13, 2024100606,   , BEST, 0, 127N,  376W, 108,  950, HU,   0, , 0, 0, 0, 0, 0, 0, 0, 0, 0, 0, 0, , 0, 0, LESLIE,
AL, 13, 2024100612,   , BEST, 0, 133N,  383W, 112,  946, HU,   0, , 0, 0, 0, 0, 0, 0, 0, 0, 0, 0, 0, , 0, 0, LESLIE,
AL, 13, 2024100618,   , BEST, 0, 140N,  390W, 116,  942, HU,   0, , 0, 0, 0, 0, 0, 0, 0, 0, 0, 0, 0, , 0, 0, LESLIE,
AL, 13, 2024100700,   , BEST, 0, 146N,  397W, 122,  935, HU,   0, , 0, 0, 0, 0, 0, 0, 0, 0, 0, 0, 0, , 0, 0, LESLIE,
AL, 13, 2024100706,   , BEST, 0, 152N,  404W, 136,  919, HU,   0, , 0, 0, 0, 0, 0, 0, 0, 0, 0, 0, 0, , 0, 0, LESLIE,
AL, 13, 2024100712,   , BEST, 0, 158N,  413W, 151,  900, HU,   0, , 0, 0, 0, 0, 0, 0, 0, 0, 0, 0, 0, , 0, 0, LESLIE,
AL, 13, 2024100718,   , BEST, 0, 164N,  421W, 135,  919, HU,   0, , 0, 0, 0, 0, 0, 0, 0, 0, 0, 0, 0, , 0, 0, LESLIE,
AL, 13, 2024100800,   , BEST, 0, 170N,  429W, 129,  927, HU,   0, , 0, 0, 0, 0, 0, 0, 0, 0, 0, 0, 0, , 0, 0, LESLIE,
AL, 13, 2024100806,   , BEST, 0, 176N,  437W, 131,  925, HU,   0, , 0, 0, 0, 0, 0, 0, 0, 0, 0, 0, 0, , 0, 0, LESLIE,
AL, 13, 2024100812,   , BEST, 0, 182N,  445W, 120,  937, HU,   0, , 0, 0, 0, 0, 0, 0, 0, 0, 0, 0, 0, , 0, 0, LESLIE,
AL, 13, 2024100818,   , BEST, 0, 188N,  453W, 115,  942, HU,   0, , 0, 0, 0, 0, 0, 0, 0, 0, 0, 0, 0, , 0, 0, LESLIE,
AL, 13, 2024100900,   , BEST, 0, 195N,  462W, 118,  939, HU,   0, , 0, 0, 0, 0, 0, 0, 0, 0, 0, 0, 0, , 0, 0, LESLIE,
AL, 13, 2024100906,   , BEST, 0, 202N,  471W, 128,  927, HU,   0, , 0, 0, 0, 0, 0, 0, 0, 0, 0, 0, 0, , 0, 0, LESLIE,
AL, 13, 2024100912,   , BEST, 0, 210N,  478W, 139,  914, HU,   0, , 0, 0, 0, 0, 0, 0, 0, 0, 0, 0, 0, , 0, 0, LESLIE,
AL, 13, 2024100918,   , BEST, 0, 218N,  484W, 130,  923, HU,   0, , 0, 0, 0, 0, 0, 0, 0, 0, 0, 0, 0, , 0, 0, LESLIE,
AL, 13, 2024101000,   , BEST, 0, 225N,  489W, 123,  932, HU,   0, , 0, 0, 0, 0, 0, 0, 0, 0, 0, 0, 0, , 0, 0, LESLIE,
AL, 13, 2024101006,   , BEST, 0, 229N,  493W, 125,  933, HU,   0, , 0, 0, 0, 0, 0, 0, 0, 0, 0, 0, 0, , 0, 0, LESLIE,
AL, 13, 2024101012,   , BEST, 0, 234N,  497W, 137,  919, HU,   0, , 0, 0, 0, 0, 0, 0, 0, 0, 0, 0, 0, , 0, 0, LESLIE,
AL, 13, 2024101018,   , BEST, 0, 239N,  500W, 132,  929, HU,   0, , 0, 0, 0, 0, 0, 0, 0, 0, 0, 0, 0, , 0, 0, LESLIE,
AL, 13, 2024101100,   , BEST, 0, 247N,  500W, 127,  935, HU,   0, , 0, 0, 0, 0, 0, 0, 0, 0, 0, 0, 0, , 0, 0, LESLIE,
AL, 13, 2024101106,   , BEST, 0, 255N,  498W, 118,  943, HU,   0, , 0, 0, 0, 0, 0, 0, 0, 0, 0, 0, 0, , 0, 0, LESLIE,
AL, 13, 2024101112,   , BEST, 0, 266N,  489W, 102,  958, HU,   0, , 0, 0, 0, 0, 0, 0, 0, 0, 0, 0, 0, , 0, 0, LESLIE,
AL, 13, 2024101118,   , BEST, 0, 278N,  479W,  90,  968, HU,   0, , 0, 0, 0, 0, 0, 0, 0, 0, 0, 0, 0, , 0, 0, LESLIE,
AL, 13, 2024101200,   , BEST, 0, 289N,  469W,  84,  973, HU,   0, , 0, 0, 0, 0, 0, 0, 0, 0, 0, 0, 0, , 0, 0, LESLIE,
AL, 13, 2024101206,   , BEST, 0, 301N,  452W,  84,  975, HU,   0, , 0, 0, 0, 0, 0, 0, 0, 0, 0, 0, 0, , 0, 0, LESLIE,
AL, 13, 2024101212,   , BEST, 0, 312N,  434W,  85,  974, HU,   0, , 0, 0, 0, 0, 0, 0, 0, 0, 0, 0, 0, , 0, 0, LESLIE,
AL, 13, 2024101218,   , BEST, 0, 322N,  411W,  82,  977, HU,   0, , 0, 0, 0, 0, 0, 0, 0, 0, 0, 0, 0, , 0, 0, LESLIE,
AL, 13, 2024101300,   , BEST, 0, 333N,  388W,  73,  982, HU,   0, , 0, 0, 0, 0, 0, 0, 0, 0, 0, 0, 0, , 0, 0, LESLIE,
AL, 13, 2024101306,   , BEST, 0, 341N,  365W,  58,  989, TS,   0, , 0, 0, 0, 0, 0, 0, 0, 0, 0, 0, 0, , 0, 0, LESLIE,
AL, 13, 2024101312,   , BEST, 0, 346N,  345W,  51,  994, TS,   0, , 0, 0, 0, 0, 0, 0, 0, 0, 0, 0, 0, , 0, 0, LESLIE,
AL, 13, 2024101318,   , BEST, 0, 348N,  325W,  48,  995, TS,   0, , 0, 0, 0, 0, 0, 0, 0, 0, 0, 0, 0, , 0, 0, LESLIE,
AL, 13, 2024101400,   , BEST, 0, 351N,  306W,  46,  997, EX,   0, , 0, 0, 0, 0, 0, 0, 0, 0, 0, 0, 0, , 0, 0, LESLIE,
AL, 13, 2024101406,   , BEST, 0, 354N,  286W,  44,  997, EX,   0, , 0, 0, 0, 0, 0, 0, 0, 0, 0, 0, 0, , 0, 0, LESLIE,
