EP, 97, 2017071712,   , BEST, 0, 141N, 1050W,  20, 1008, DB,   0, , 0, 0, 0, 0, 0, 0, 0, 0, 0, 0, 0, , 0, 0, INVEST,
EP, 97, 2017071718,   , BEST, 0, 141N, 1057W,  20, 1007, DB,   0, , 0, 0, 0, 0, 0, 0, 0, 0, 0, 0, 0, , 0, 0, INVEST,
EP, 07, 2017071800,   , BEST, 0, 142N, 1064W,  30, 1007, TD,   0, , 0, 0, 0, 0, 0, 0, 0, 0, 0, 0, 0, , 0, 0, SEVEN,
EP, 07, 2017071806,   , BEST, 0, 144N, 1071W,  30, 1007, TD,   0, , 0, 0, 0, 0, 0, 0, 0, 0, 0, 0, 0, , 0, 0, SEVEN,
EP, 07, 2017071812,   , BEST, 0, 145N, 1079W,  35, 1006, TS,   0, , 0, 0, 0, 0, 0, 0, 0, 0, 0, 0, 0, , 0, 0, GREG,
EP, 07, 2017071818,   , BEST, 0, 145N, 1087W,  35, 1006, TS,   0, , 0, 0, 0, 0, 0, 0, 0, 0, 0, 0, 0, , 0, 0, GREG,
EP, 07, 2017071900,   , BEST, 0, 144N, 1096W,  35, 1006, TS,   0, , 0, 0, 0, 0, 0, 0, 0, 0, 0, 0, 0, , 0, 0, GREG,
EP, 07, 2017071906,   , BEST, 0, 142N, 1105W,  35, 1006, TS,   0, , 0, 0, 0, 0, 0, 0, 0, 0, 0, 0, 0, , 0, 0, GREG,
EP, 07, 2017071912,   , BEST, 0, 141N, 1114W,  40, 1005, TS,   0, , 0, 0, 0, 0, 0, 0, 0, 0, 0, 0, 0, , 0, 0, GREG,
EP, 07, 2017071918,   , BEST, 0, 140N, 1123W,  40, 1005, TS,   0, , 0, 0, 0, 0, 0, 0, 0, 0, 0, 0, 0, , 0, 0, GREG,
EP, 07, 2017072000,   , BEST, 0, 140N, 1133W,  35, 1006, TS,   0, , 0, 0, 0, 0, 0, 0, 0, 0, 0, 0, 0, , 0, 0, GREG,
EP, 07, 2017072006,   , BEST, 0, 140N, 1143W,  35, 1006, TS,   0, , 0, 0, 0, 0, 0, 0, 0, 0, 0, 0, 0, , 0, 0, GREG,
EP, 07, 2017072012,   , BEST, 0, 140N, 1152W,  40, 1005, TS,   0, , 0, 0, 0, 0, 0, 0, 0, 0, 0, 0, 0, , 0, 0, GREG,
EP, 07, 2017072018,   , BEST, 0, 141N, 1161W,  45, 1003, TS,   0, , 0, 0, 0, 0, 0, 0, 0, 0, 0, 0, 0, , 0, 0, GREG,
EP, 07, 2017072100,   , BEST, 0, 142N, 1170W,  50, 1000, TS,   0, , 0, 0, 0, 0, 0, 0, 0, 0, 0, 0, 0, , 0, 0, GREG,
EP, 07, 2017072106,   , BEST, 0, 143N, 1179W,  50, 1000, TS,   0, , 0, 0, 0, 0, 0, 0, 0, 0, 0, 0, 0, , 0, 0, GREG,
EP, 07, 2017072112,   , BEST, 0, 145N, 1190W,  45, 1001, TS,   0, , 0, 0, 0, 0, 0, 0, 0, 0, 0, 0, 0, , 0, 0, GREG,
EP, 07, 2017072118,   , BEST, 0, 147N, 1201W,  45, 1001, TS,   0, , 0, 0, 0, 0, 0, 0, 0, 0, 0, 0, 0, , 0, 0, GREG,
EP, 07, 2017072200,   , BEST, 0, 149N, 1212W,  45, 1001, TS,   0, , 0, 0, 0, 0, 0, 0, 0, 0, 0, 0, 0, , 0, 0, GREG,
EP, 07, 2017072206,   , BEST, 0, 150N, 1223W,  45, 1001, TS,   0, , 0, 0, 0, 0, 0, 0, 0, 0, 0, 0, 0, , 0, 0, GREG,
EP, 07, 2017072212,   , BEST, 0, 150N, 1235W,  45, 1001, TS,   0, , 0, 0, 0, 0, 0, 0, 0, 0, 0, 0, 0, , 0, 0, GREG,
EP, 07, 2017072218,   , BEST, 0, 149N, 1247W,  45, 1001, TS,   0, , 0, 0, 0, 0, 0, 0, 0, 0, 0, 0, 0, , 0, 0, GREG,
EP, 07, 2017072300,   , BEST, 0, 147N, 1259W,  45, 1001, TS,   0, , 0, 0, 0, 0, 0, 0, 0, 0, 0, 0, 0, , 0, 0, GREG,
EP, 07, 2017072306,   , BEST, 0, 144N, 1272W,  45, 1001, TS,   0, , 0, 0, 0, 0, 0, 0, 0, 0, 0, 0, 0, , 0, 0, GREG,
EP, 07, 2017072312,   , BEST, 0, 143N, 1284W,  45, 1001, TS,   0, , 0, 0, 0, 0, 0, 0, 0, 0, 0, 0, 0, , 0, 0, GREG,
EP, 07, 2017072318,   , BEST, 0, 143N, 1296W,  45, 1001, TS,   0, , 0, 0, 0, 0, 0, 0, 0, 0, 0, 0, 0, , 0, 0, GREG,
EP, 07, 2017072400,   , BEST, 0, 143N, 1307W,  45, 1001, TS,   0, , 0, 0, 0, 0, 0, 0, 0, 0, 0, 0, 0, , 0, 0, GREG,
EP, 07, 2017072406,   , BEST, 0, 143N, 1318W,  40, 1003, TS,   0, , 0, 0, 0, 0, 0, 0, 0, 0, 0, 0, 0, , 0, 0, GREG,
EP, 07, 2017072412,   , BEST, 0, 143N, 1328W,  40, 1003, TS,   0, , 0, 0, 0, 0, 0, 0, 0, 0, 0, 0, 0, , 0, 0, GREG,
EP, 07, 2017072418,   , BEST, 0, 144N, 1336W,  37,  998, TS,   0, , 0, 0, 0, 0, 0, 0, 0, 0, 0, 0, 0, , 0, 0, GREG,
EP, 07, 2017072500,   , BEST, 0, 146N, 1344W,  37,  998, TS,   0, , 0, 0, 0, 0, 0, 0, 0, 0, 0, 0, 0, , 0, 0, GREG,
EP, 07, 2017072506,   , BEST, 0, 149N, 1352W,  37,  998, TS,   0, , 0, 0, 0, 0, 0, 0, 0, 0, 0, 0, 0, , 0, 0, GREG,
EP, 07, 2017072512,   , BEST, 0, 153N, 1360W,  37,  998, TS,   0, , 0, 0, 0, 0, 0, 0, 0, 0, 0, 0, 0, , 0, 0, GREG,
EP, 07, 2017072518,   , BEST, 0, 157N, 1367W,  37,  998, TS,   0, , 0, 0, 0, 0, 0, 0, 0, 0, 0, 0, 0, , 0, 0, GREG,
EP, 07, 2017072600,   , BEST, 0, 161N, 1374W,  38,  998, TS,   0, , 0, 0, 0, 0, 0, 0, 0, 0, 0, 0, 0, , 0, 0, GREG,
EP, 07, 2017072606,   , BEST, 0, 164N, 1381W,  37,  998, TS,   0, , 0, 0, 0, 0, 0, 0, 0, 0, 0, 0, 0, , 0, 0, GREG,
EP, 07, 2017072612,   , BEST, 0, 168N, 1387W,  37,  998, TS,   0, , 0, 0, 0, 0, 0, 0, 0, 0, 0, 0, 0, , 0, 0, GREG,
EP, 07, 2017072618,   , BEST, 0, 169N, 1395W,  37,  999, TS,   0, , 0, 0, 0, 0, 0, 0, 0, 0, 0, 0, 0, , 0, 0, GREG,
EP, 07, 2017072700,   , BEST, 0, 170N, 1402W,  36,  999, TS,   0, , 0, 0, 0, 0, 0, 0, 0, 0, 0, 0, 0, , 0, 0, GREG,
EP, 07, 2017072706,   , BEST, 0, 169N, 1410W,  34,  999, TS,   0, , 0, 0, 0, 0, 0, 0, 0, 0, 0, 0, 0, , 0, 0, GREG,
EP, 07, 2017072712,   , BEST, 0, 168N, 1417W,  32,  999, TD,   0, , 0, 0, 0, 0, 0, 0, 0, 0, 0, 0, 0, , 0, 0, GREG,
EP, 07, 2017072718,   , BEST, 0, 167N, 1425W,  28, 1000, TD,   0, , 0, 0, 0, 0, 0, 0, 0, 0, 0, 0, 0, , 0, 0, GREG,
EP, 07, 2017072800,   , BEST, 0, 165N, 1432W,  22, 1000, DB,   0, , 0, 0, 0, 0, 0, 0, 0, 0, 0, 0, 0, , 0, 0, GREG,
EP, 07, 2017072806,   , BEST, 0, 163N, 1439W,  15, 1000, DB,   0, , 0, 0, 0, 0, 0, 0, 0, 0, 0, 0, 0, , 0, 0, GREG,
