SH, 91, 2017050706,   , CHP6, 0, 175S, 1762W,  20, 1007, DB,   0, , 0, 0, 0, 0, 0, 0, 0, 0, 0, 0, 0, , 0, 0, INVEST,
SH, 91, 2017050712,   , CHP6, 0, 173S, 1752W,  20, 1004, DB,   0, , 0, 0, 0, 0, 0, 0, 0, 0, 0, 0, 0, , 0, 0, INVEST,
SH, 91, 2017050718,   , CHP6, 0, 169S, 1745W,  30, 1000, TD,   0, , 0, 0, 0, 0, 0, 0, 0, 0, 0, 0, 0, , 0, 0, INVEST,
SH, 19, 2017050800,   , CHP6, 0, 164S, 1736W,  35,  996, TS,   0, , 0, 0, 0, 0, 0, 0, 0, 0, 0, 0, 0, , 0, 0, ELLA,
SH, 19, 2017050806,   , CHP6, 0, 161S, 1728W,  40,  993, TS,   0, , 0, 0, 0, 0, 0, 0, 0, 0, 0, 0, 0, , 0, 0, ELLA,
SH, 19, 2017050812,   , CHP6, 0, 158S, 1725W,  40,  993, TS,   0, , 0, 0, 0, 0, 0, 0, 0, 0, 0, 0, 0, , 0, 0, ELLA,
SH, 19, 2017050818,   , CHP6, 0, 155S, 1726W,  40,  993, TS,   0, , 0, 0, 0, 0, 0, 0, 0, 0, 0, 0, 0, , 0, 0, ELLA,
SH, 19, 2017050900,   , CHP6, 0, 152S, 1728W,  45,  989, TS,   0, , 0, 0, 0, 0, 0, 0, 0, 0, 0, 0, 0, , 0, 0, ELLA,
SH, 19, 2017050906,   , CHP6, 0, 150S, 1730W,  45,  989, TS,   0, , 0, 0, 0, 0, 0, 0, 0, 0, 0, 0, 0, , 0, 0, ELLA,
SH, 19, 2017050912,   , CHP6, 0, 149S, 1734W,  46,  995, TS,   0, , 0, 0, 0, 0, 0, 0, 0, 0, 0, 0, 0, , 0, 0, ELLA,
SH, 19, 2017050918,   , CHP6, 0, 148S, 1740W,  50,  993, TS,   0, , 0, 0, 0, 0, 0, 0, 0, 0, 0, 0, 0, , 0, 0, ELLA,
SH, 19, 2017051000,   , CHP6, 0, 147S, 1751W,  50,  994, TS,   0, , 0, 0, 0, 0, 0, 0, 0, 0, 0, 0, 0, , 0, 0, ELLA,
SH, 19, 2017051006,   , CHP6, 0, 146S, 1760W,  55,  990, TS,   0, , 0, 0, 0, 0, 0, 0, 0, 0, 0, 0, 0, , 0, 0, ELLA,
SH, 19, 2017051012,   , CHP6, 0, 145S, 1765W,  62,  986, TS,   0, , 0, 0, 0, 0, 0, 0, 0, 0, 0, 0, 0, , 0, 0, ELLA,
SH, 19, 2017051018,   , CHP6, 0, 144S, 1769W,  69,  982, TY,   0, , 0, 0, 0, 0, 0, 0, 0, 0, 0, 0, 0, , 0, 0, ELLA,
SH, 19, 2017051100,   , CHP6, 0, 143S, 1772W,  76,  976, TY,   0, , 0, 0, 0, 0, 0, 0, 0, 0, 0, 0, 0, , 0, 0, ELLA,
SH, 19, 2017051106,   , CHP6, 0, 142S, 1775W,  85,  969, TY,   0, , 0, 0, 0, 0, 0, 0, 0, 0, 0, 0, 0, , 0, 0, ELLA,
SH, 19, 2017051112,   , CHP6, 0, 141S, 1779W,  97,  967, TY,   0, , 0, 0, 0, 0, 0, 0, 0, 0, 0, 0, 0, , 0, 0, ELLA,
SH, 19, 2017051118,   , CHP6, 0, 140S, 1781W, 111,  946, TY,   0, , 0, 0, 0, 0, 0, 0, 0, 0, 0, 0, 0, , 0, 0, ELLA,
SH, 19, 2017051200,   , CHP6, 0, 139S, 1783W, 139,  913, ST,   0, , 0, 0, 0, 0, 0, 0, 0, 0, 0, 0, 0, , 0, 0, ELLA,
SH, 19, 2017051206,   , CHP6, 0, 138S, 1786W, 147,  900, ST,   0, , 0, 0, 0, 0, 0, 0, 0, 0, 0, 0, 0, , 0, 0, ELLA,
SH, 19, 2017051212,   , CHP6, 0, 137S, 1789W, 150,  898, ST,   0, , 0, 0, 0, 0, 0, 0, 0, 0, 0, 0, 0, , 0, 0, ELLA,
SH, 19, 2017051218,   , CHP6, 0, 136S, 1792W, 150,  897, ST,   0, , 0, 0, 0, 0, 0, 0, 0, 0, 0, 0, 0, , 0, 0, ELLA,
SH, 19, 2017051300,   , CHP6, 0, 135S, 1795W, 147,  902, ST,   0, , 0, 0, 0, 0, 0, 0, 0, 0, 0, 0, 0, , 0, 0, ELLA,
SH, 19, 2017051306,   , CHP6, 0, 134S, 1799W, 153,  893, ST,   0, , 0, 0, 0, 0, 0, 0, 0, 0, 0, 0, 0, , 0, 0, ELLA,
SH, 19, 2017051312,   , CHP6, 0, 133S, 1796E, 163,  883, ST,   0, , 0, 0, 0, 0, 0, 0, 0, 0, 0, 0, 0, , 0, 0, ELLA,
SH, 19, 2017051318,   , CHP6, 0, 132S, 1789E, 171,  871, ST,   0, , 0, 0, 0, 0, 0, 0, 0, 0, 0, 0, 0, , 0, 0, ELLA,
SH, 19, 2017051400,   , CHP6, 0, 131S, 1780E, 171,  871, ST,   0, , 0, 0, 0, 0, 0, 0, 0, 0, 0, 0, 0, , 0, 0, ELLA,
SH, 19, 2017051406,   , CHP6, 0, 131S, 1771E, 172,  872, ST,   0, , 0, 0, 0, 0, 0, 0, 0, 0, 0, 0, 0, , 0, 0, ELLA,
SH, 19, 2017051412,   , CHP6, 0, 131S, 1762E, 169,  880, ST,   0, , 0, 0, 0, 0, 0, 0, 0, 0, 0, 0, 0, , 0, 0, ELLA,
SH, 19, 2017051418,   , CHP6, 0, 132S, 1752E, 159,  890, ST,   0, , 0, 0, 0, 0, 0, 0, 0, 0, 0, 0, 0, , 0, 0, ELLA,
SH, 19, 2017051500,   , CHP6, 0, 133S, 1743E, 162,  889, ST,   0, , 0, 0, 0, 0, 0, 0, 0, 0, 0, 0, 0, , 0, 0, ELLA,
SH, 19, 2017051506,   , CHP6, 0, 133S, 1733E, 160,  890, ST,   0, , 0, 0, 0, 0, 0, 0, 0, 0, 0, 0, 0, , 0, 0, ELLA,
SH, 19, 2017051512,   , CHP6, 0, 134S, 1724E, 143,  909, ST,   0, , 0, 0, 0, 0, 0, 0, 0, 0, 0, 0, 0, , 0, 0, ELLA,
SH, 19, 2017051518,   , CHP6, 0, 134S, 1713E, 131,  924, ST,   0, , 0, 0, 0, 0, 0, 0, 0, 0, 0, 0, 0, , 0, 0, ELLA,
SH, 19, 2017051600,   , CHP6, 0, 135S, 1704E, 129,  927, ST,   0, , 0, 0, 0, 0, 0, 0, 0, 0, 0, 0, 0, , 0, 0, ELLA,
SH, 19, 2017051606,   , CHP6, 0, 136S, 1694E, 129,  930, ST,   0, , 0, 0, 0, 0, 0, 0, 0, 0, 0, 0, 0, , 0, 0, ELLA,
SH, 19, 2017051612,   , CHP6, 0, 136S, 1684E, 127,  927, TY,   0, , 0, 0, 0, 0, 0, 0, 0, 0, 0, 0, 0, , 0, 0, ELLA,
SH, 19, 2017051618,   , CHP6, 0, 136S, 1674E, 113,  936, TY,   0, , 0, 0, 0, 0, 0, 0, 0, 0, 0, 0, 0, , 0, 0, ELLA,
SH, 19, 2017051700,   , CHP6, 0, 136S, 1664E,  97,  955, TY,   0, , 0, 0, 0, 0, 0, 0, 0, 0, 0, 0, 0, , 0, 0, ELLA,
SH, 19, 2017051706,   , CHP6, 0, 136S, 1654E,  82,  964, TY,   0, , 0, 0, 0, 0, 0, 0, 0, 0, 0, 0, 0, , 0, 0, ELLA,
SH, 19, 2017051712,   , CHP6, 0, 136S, 1644E,  67,  978, TY,   0, , 0, 0, 0, 0, 0, 0, 0, 0, 0, 0, 0, , 0, 0, ELLA,
SH, 19, 2017051718,   , CHP6, 0, 135S, 1634E,  52,  983, TS,   0, , 0, 0, 0, 0, 0, 0, 0, 0, 0, 0, 0, , 0, 0, ELLA,
SH, 19, 2017051800,   , CHP6, 0, 134S, 1623E,  43,  990, TS,   0, , 0, 0, 0, 0, 0, 0, 0, 0, 0, 0, 0, , 0, 0, ELLA,
SH, 19, 2017051806,   , CHP6, 0, 133S, 1612E,  34,  993, TS,   0, , 0, 0, 0, 0, 0, 0, 0, 0, 0, 0, 0, , 0, 0, ELLA,
SH, 19, 2017051812,   , CHP6, 0, 132S, 1601E,  26,  995, TD,   0, , 0, 0, 0, 0, 0, 0, 0, 0, 0, 0, 0, , 0, 0, ELLA,
SH, 19, 2017051818,   , CHP6, 0, 131S, 1591E,  22,  997, DB,   0, , 0, 0, 0, 0, 0, 0, 0, 0, 0, 0, 0, , 0, 0, ELLA,
SH, 19, 2017051900,   , CHP6, 0, 129S, 1581E,  16,  999, DB,   0, , 0, 0, 0, 0, 0, 0, 0, 0, 0, 0, 0, , 0, 0, ELLA,
