SH, 97, 2017030800,   , CHP6, 0, 151S,  715E,  20, 1003, DB,   0, , 0, 0, 0, 0, 0, 0, 0, 0, 0, 0, 0, , 0, 0, INVEST,
SH, 97, 2017030806,   , CHP6, 0, 151S,  711E,  20, 1002, DB,   0, , 0, 0, 0, 0, 0, 0, 0, 0, 0, 0, 0, , 0, 0, INVEST,
SH, 97, 2017030812,   , CHP6, 0, 151S,  705E,  30, 1002, TD,   0, , 0, 0, 0, 0, 0, 0, 0, 0, 0, 0, 0, , 0, 0, INVEST,
SH, 11, 2017030818,   , CHP6, 0, 152S,  700E,  35, 1003, TS,   0, , 0, 0, 0, 0, 0, 0, 0, 0, 0, 0, 0, , 0, 0, ELEVEN,
SH, 11, 2017030900,   , CHP6, 0, 154S,  696E,  40,  998, TS,   0, , 0, 0, 0, 0, 0, 0, 0, 0, 0, 0, 0, , 0, 0, ELEVEN,
SH, 11, 2017030906,   , CHP6, 0, 156S,  692E,  43,  996, TS,   0, , 0, 0, 0, 0, 0, 0, 0, 0, 0, 0, 0, , 0, 0, ELEVEN,
SH, 11, 2017030912,   , CHP6, 0, 158S,  688E,  50,  993, TS,   0, , 0, 0, 0, 0, 0, 0, 0, 0, 0, 0, 0, , 0, 0, ELEVEN,
SH, 11, 2017030918,   , CHP6, 0, 161S,  686E,  55,  991, TS,   0, , 0, 0, 0, 0, 0, 0, 0, 0, 0, 0, 0, , 0, 0, ELEVEN,
SH, 11, 2017031000,   , CHP6, 0, 165S,  683E,  60,  989, TS,   0, , 0, 0, 0, 0, 0, 0, 0, 0, 0, 0, 0, , 0, 0, ELEVEN,
SH, 11, 2017031006,   , CHP6, 0, 172S,  679E,  64,  987, TY,   0, , 0, 0, 0, 0, 0, 0, 0, 0, 0, 0, 0, , 0, 0, ELEVEN,
SH, 11, 2017031012,   , CHP6, 0, 180S,  675E,  69,  985, TY,   0, , 0, 0, 0, 0, 0, 0, 0, 0, 0, 0, 0, , 0, 0, ELEVEN,
SH, 11, 2017031018,   , CHP6, 0, 188S,  666E,  71,  985, TY,   0, , 0, 0, 0, 0, 0, 0, 0, 0, 0, 0, 0, , 0, 0, ELEVEN,
SH, 11, 2017031100,   , CHP6, 0, 196S,  656E,  68,  985, TY,   0, , 0, 0, 0, 0, 0, 0, 0, 0, 0, 0, 0, , 0, 0, ELEVEN,
SH, 11, 2017031106,   , CHP6, 0, 204S,  643E,  67,  985, TY,   0, , 0, 0, 0, 0, 0, 0, 0, 0, 0, 0, 0, , 0, 0, ELEVEN,
SH, 11, 2017031112,   , CHP6, 0, 211S,  629E,  66,  985, TY,   0, , 0, 0, 0, 0, 0, 0, 0, 0, 0, 0, 0, , 0, 0, ELEVEN,
SH, 11, 2017031118,   , CHP6, 0, 219S,  616E,  67,  984, TY,   0, , 0, 0, 0, 0, 0, 0, 0, 0, 0, 0, 0, , 0, 0, ELEVEN,
SH, 11, 2017031200,   , CHP6, 0, 227S,  603E,  69,  983, TY,   0, , 0, 0, 0, 0, 0, 0, 0, 0, 0, 0, 0, , 0, 0, ELEVEN,
SH, 11, 2017031206,   , CHP6, 0, 235S,  592E,  73,  981, TY,   0, , 0, 0, 0, 0, 0, 0, 0, 0, 0, 0, 0, , 0, 0, ELEVEN,
SH, 11, 2017031212,   , CHP6, 0, 243S,  581E,  78,  977, TY,   0, , 0, 0, 0, 0, 0, 0, 0, 0, 0, 0, 0, , 0, 0, ELEVEN,
SH, 11, 2017031218,   , CHP6, 0, 250S,  570E,  90,  969, TY,   0, , 0, 0, 0, 0, 0, 0, 0, 0, 0, 0, 0, , 0, 0, ELEVEN,
SH, 11, 2017031300,   , CHP6, 0, 258S,  561E, 108,  952, TY,   0, , 0, 0, 0, 0, 0, 0, 0, 0, 0, 0, 0, , 0, 0, ELEVEN,
SH, 11, 2017031306,   , CHP6, 0, 267S,  554E, 131,  927, ST,   0, , 0, 0, 0, 0, 0, 0, 0, 0, 0, 0, 0, , 0, 0, ELEVEN,
SH, 11, 2017031312,   , CHP6, 0, 275S,  549E, 122,  936, TY,   0, , 0, 0, 0, 0, 0, 0, 0, 0, 0, 0, 0, , 0, 0, ELEVEN,
SH, 11, 2017031318,   , CHP6, 0, 284S,  544E,  92,  965, TY,   0, , 0, 0, 0, 0, 0, 0, 0, 0, 0, 0, 0, , 0, 0, ELEVEN,
SH, 11, 2017031400,   , CHP6, 0, 292S,  539E,  76,  974, TY,   0, , 0, 0, 0, 0, 0, 0, 0, 0, 0, 0, 0, , 0, 0, ELEVEN,
SH, 11, 2017031406,   , CHP6, 0, 300S,  535E,  60,  980, TS,   0, , 0, 0, 0, 0, 0, 0, 0, 0, 0, 0, 0, , 0, 0, ELEVEN,
SH, 11, 2017031412,   , CHP6, 0, 309S,  533E,  51,  985, TS,   0, , 0, 0, 0, 0, 0, 0, 0, 0, 0, 0, 0, , 0, 0, ELEVEN,
SH, 11, 2017031418,   , CHP6, 0, 319S,  534E,  43,  991, TS,   0, , 0, 0, 0, 0, 0, 0, 0, 0, 0, 0, 0, , 0, 0, ELEVEN,
SH, 11, 2017031500,   , CHP6, 0, 330S,  536E,  34,  995, TS,   0, , 0, 0, 0, 0, 0, 0, 0, 0, 0, 0, 0, , 0, 0, ELEVEN,
SH, 11, 2017031506,   , CHP6, 0, 342S,  542E,  26,  997, TD,   0, , 0, 0, 0, 0, 0, 0, 0, 0, 0, 0, 0, , 0, 0, ELEVEN,
SH, 11, 2017031512,   , CHP6, 0, 355S,  549E,  22,  998, DB,   0, , 0, 0, 0, 0, 0, 0, 0, 0, 0, 0, 0, , 0, 0, ELEVEN,
SH, 11, 2017031518,   , CHP6, 0, 369S,  557E,  17,  999, DB,   0, , 0, 0, 0, 0, 0, 0, 0, 0, 0, 0, 0, , 0, 0, ELEVEN,
