WP, 90, 2020103018, , CHP6, 0, 133N, 1405E,  20, 1011, DB,   0, , 0, 0, 0, 0, 0, 0, 0, 0, 0, 0, 0, , 0, 0, INVEST,
WP, 90, 2020103100, , CHP6, 0, 138N, 1400E,  20, 1011, DB,   0, , 0, 0, 0, 0, 0, 0, 0, 0, 0, 0, 0, , 0, 0, INVEST,
WP, 90, 2020103106, , CHP6, 0, 142N, 1393E,  20, 1011, DB,   0, , 0, 0, 0, 0, 0, 0, 0, 0, 0, 0, 0, , 0, 0, INVEST,
WP, 23, 2020103112, , CHP6, 0, 145N, 1380E,  25, 1009, TD,   0, , 0, 0, 0, 0, 0, 0, 0, 0, 0, 0, 0, , 0, 0, TWENTYTHREE,
WP, 23, 2020103118, , CHP6, 0, 150N, 1365E,  30, 1007, TD,   0, , 0, 0, 0, 0, 0, 0, 0, 0, 0, 0, 0, , 0, 0, TWENTYTHREE,
WP, 23, 2020110100, , CHP6, 0, 156N, 1348E,  30, 1007, TD,   0, , 0, 0, 0, 0, 0, 0, 0, 0, 0, 0, 0, , 0, 0, TWENTYTHREE,
WP, 23, 2020110106, , CHP6, 0, 161N, 1334E,  30, 1007, TD,   0, , 0, 0, 0, 0, 0, 0, 0, 0, 0, 0, 0, , 0, 0, TWENTYTHREE,
WP, 23, 2020110112, , CHP6, 0, 168N, 1319E,  30, 1007, TD,   0, , 0, 0, 0, 0, 0, 0, 0, 0, 0, 0, 0, , 0, 0, TWENTYTHREE,
WP, 23, 2020110118, , CHP6, 0, 178N, 1300E,  35, 1005, TS,   0, , 0, 0, 0, 0, 0, 0, 0, 0, 0, 0, 0, , 0, 0, ATSANI,
WP, 23, 2020110200, , CHP6, 0, 189N, 1287E,  35, 1005, TS,   0, , 0, 0, 0, 0, 0, 0, 0, 0, 0, 0, 0, , 0, 0, ATSANI,
WP, 23, 2020110206, , CHP6, 0, 195N, 1278E,  40, 1003, TS,   0, , 0, 0, 0, 0, 0, 0, 0, 0, 0, 0, 0, , 0, 0, ATSANI,
WP, 23, 2020110212, , CHP6, 0, 199N, 1275E,  45, 1000, TS,   0, , 0, 0, 0, 0, 0, 0, 0, 0, 0, 0, 0, , 0, 0, ATSANI,
WP, 23, 2020110218, , CHP6, 0, 201N, 1276E,  45, 1001, TS,   0, , 0, 0, 0, 0, 0, 0, 0, 0, 0, 0, 0, , 0, 0, ATSANI,
WP, 23, 2020110300, , CHP6, 0, 200N, 1273E,  45,  994, TS,   0, , 0, 0, 0, 0, 0, 0, 0, 0, 0, 0, 0, , 0, 0, ATSANI,
WP, 23, 2020110306, , CHP6, 0, 200N, 1275E,  56,  988, TS,   0, , 0, 0, 0, 0, 0, 0, 0, 0, 0, 0, 0, , 0, 0, ATSANI,
WP, 23, 2020110312, , CHP6, 0, 200N, 1277E,  73,  977, TY,   0, , 0, 0, 0, 0, 0, 0, 0, 0, 0, 0, 0, , 0, 0, ATSANI,
WP, 23, 2020110318, , CHP6, 0, 199N, 1278E,  98,  957, TY,   0, , 0, 0, 0, 0, 0, 0, 0, 0, 0, 0, 0, , 0, 0, ATSANI,
WP, 23, 2020110400, , CHP6, 0, 198N, 1277E, 112,  940, TY,   0, , 0, 0, 0, 0, 0, 0, 0, 0, 0, 0, 0, , 0, 0, ATSANI,
WP, 23, 2020110406, , CHP6, 0, 196N, 1275E, 110,  940, TY,   0, , 0, 0, 0, 0, 0, 0, 0, 0, 0, 0, 0, , 0, 0, ATSANI,
WP, 23, 2020110412, , CHP6, 0, 195N, 1271E, 117,  940, TY,   0, , 0, 0, 0, 0, 0, 0, 0, 0, 0, 0, 0, , 0, 0, ATSANI,
WP, 23, 2020110418, , CHP6, 0, 194N, 1264E, 116,  941, TY,   0, , 0, 0, 0, 0, 0, 0, 0, 0, 0, 0, 0, , 0, 0, ATSANI,
WP, 23, 2020110500, , CHP6, 0, 193N, 1258E, 115,  939, TY,   0, , 0, 0, 0, 0, 0, 0, 0, 0, 0, 0, 0, , 0, 0, ATSANI,
WP, 23, 2020110506, , CHP6, 0, 193N, 1246E, 121,  936, TY,   0, , 0, 0, 0, 0, 0, 0, 0, 0, 0, 0, 0, , 0, 0, ATSANI,
WP, 23, 2020110512, , CHP6, 0, 195N, 1234E, 131,  924, ST,   0, , 0, 0, 0, 0, 0, 0, 0, 0, 0, 0, 0, , 0, 0, ATSANI,
WP, 23, 2020110518, , CHP6, 0, 197N, 1222E, 130,  925, ST,   0, , 0, 0, 0, 0, 0, 0, 0, 0, 0, 0, 0, , 0, 0, ATSANI,
WP, 23, 2020110600, , CHP6, 0, 200N, 1210E, 118,  938, TY,   0, , 0, 0, 0, 0, 0, 0, 0, 0, 0, 0, 0, , 0, 0, ATSANI,
WP, 23, 2020110606, , CHP6, 0, 203N, 1197E, 106,  951, TY,   0, , 0, 0, 0, 0, 0, 0, 0, 0, 0, 0, 0, , 0, 0, ATSANI,
WP, 23, 2020110612, , CHP6, 0, 205N, 1186E, 101,  956, TY,   0, , 0, 0, 0, 0, 0, 0, 0, 0, 0, 0, 0, , 0, 0, ATSANI,
WP, 23, 2020110618, , CHP6, 0, 206N, 1176E,  97,  961, TY,   0, , 0, 0, 0, 0, 0, 0, 0, 0, 0, 0, 0, , 0, 0, ATSANI,
WP, 23, 2020110700, , CHP6, 0, 204N, 1166E,  93,  964, TY,   0, , 0, 0, 0, 0, 0, 0, 0, 0, 0, 0, 0, , 0, 0, ATSANI,
WP, 23, 2020110706, , CHP6, 0, 201N, 1157E,  91,  965, TY,   0, , 0, 0, 0, 0, 0, 0, 0, 0, 0, 0, 0, , 0, 0, ATSANI,
WP, 23, 2020110712, , CHP6, 0, 197N, 1148E,  91,  966, TY,   0, , 0, 0, 0, 0, 0, 0, 0, 0, 0, 0, 0, , 0, 0, ATSANI,
WP, 23, 2020110718, , CHP6, 0, 192N, 1139E,  89,  967, TY,   0, , 0, 0, 0, 0, 0, 0, 0, 0, 0, 0, 0, , 0, 0, ATSANI,
WP, 23, 2020110800, , CHP6, 0, 184N, 1128E,  68,  984, TY,   0, , 0, 0, 0, 0, 0, 0, 0, 0, 0, 0, 0, , 0, 0, ATSANI,
WP, 23, 2020110806, , CHP6, 0, 172N, 1118E,  66,  986, TY,   0, , 0, 0, 0, 0, 0, 0, 0, 0, 0, 0, 0, , 0, 0, ATSANI,
WP, 23, 2020110812, , CHP6, 0, 160N, 1107E,  65,  987, TY,   0, , 0, 0, 0, 0, 0, 0, 0, 0, 0, 0, 0, , 0, 0, ATSANI,
WP, 23, 2020110818, , CHP6, 0, 148N, 1097E,  65,  987, TY,   0, , 0, 0, 0, 0, 0, 0, 0, 0, 0, 0, 0, , 0, 0, ATSANI,
WP, 23, 2020110900, , CHP6, 0, 138N, 1086E,  59,  990, TS,   0, , 0, 0, 0, 0, 0, 0, 0, 0, 0, 0, 0, , 0, 0, ATSANI,
WP, 23, 2020110906, , CHP6, 0, 129N, 1073E,  54,  992, TS,   0, , 0, 0, 0, 0, 0, 0, 0, 0, 0, 0, 0, , 0, 0, ATSANI,
WP, 23, 2020110912, , CHP6, 0, 121N, 1062E,  44,  997, TS,   0, , 0, 0, 0, 0, 0, 0, 0, 0, 0, 0, 0, , 0, 0, ATSANI,
WP, 23, 2020110918, , CHP6, 0, 113N, 1051E,  39,  997, TS,   0, , 0, 0, 0, 0, 0, 0, 0, 0, 0, 0, 0, , 0, 0, ATSANI,
WP, 23, 2020111000, , CHP6, 0, 105N, 1040E,  35,  999, TS,   0, , 0, 0, 0, 0, 0, 0, 0, 0, 0, 0, 0, , 0, 0, ATSANI,
WP, 23, 2020111006, , CHP6, 0,  97N, 1030E,  28,  999, TD,   0, , 0, 0, 0, 0, 0, 0, 0, 0, 0, 0, 0, , 0, 0, ATSANI,
WP, 23, 2020111012, , CHP6, 0, 91N, 1020E,  22,  999, DB,   0, , 0, 0, 0, 0, 0, 0, 0, 0, 0, 0, 0, , 0, 0, ATSANI,
WP, 23, 2020111018, , CHP6, 0, 86N, 1009E,  19,  999, DB,   0, , 0, 0, 0, 0, 0, 0, 0, 0, 0, 0, 0, , 0, 0, ATSANI,
