WP, 94, 2018082600,   , CHP6, 0, 114N, 1613E,  15, 1007, DB,   0, , 0, 0, 0, 0, 0, 0, 0, 0, 0, 0, 0, , 0, 0, INVEST,
WP, 94, 2018082606,   , CHP6, 0, 116N, 1608E,  15, 1006, DB,   0, , 0, 0, 0, 0, 0, 0, 0, 0, 0, 0, 0, , 0, 0, INVEST,
WP, 94, 2018082612,   , CHP6, 0, 120N, 1603E,  20, 1004, DB,   0, , 0, 0, 0, 0, 0, 0, 0, 0, 0, 0, 0, , 0, 0, INVEST,
WP, 94, 2018082618,   , CHP6, 0, 125N, 1599E,  20, 1003, DB,   0, , 0, 0, 0, 0, 0, 0, 0, 0, 0, 0, 0, , 0, 0, INVEST,
WP, 25, 2018082700,   , CHP6, 0, 130N, 1596E,  25, 1001, TD,   0, , 0, 0, 0, 0, 0, 0, 0, 0, 0, 0, 0, , 0, 0, TWENTYFIVE,
WP, 25, 2018082706,   , CHP6, 0, 136N, 1593E,  30,  999, TD,   0, , 0, 0, 0, 0, 0, 0, 0, 0, 0, 0, 0, , 0, 0, TWENTYFIVE,
WP, 25, 2018082712,   , CHP6, 0, 141N, 1587E,  30,  998, TD,   0, , 0, 0, 0, 0, 0, 0, 0, 0, 0, 0, 0, , 0, 0, TWENTYFIVE,
WP, 25, 2018082718,   , CHP6, 0, 146N, 1580E,  35,  996, TS,   0, , 0, 0, 0, 0, 0, 0, 0, 0, 0, 0, 0, , 0, 0, JEBI,
WP, 25, 2018082800,   , CHP6, 0, 152N, 1571E,  37,  993, TS,   0, , 0, 0, 0, 0, 0, 0, 0, 0, 0, 0, 0, , 0, 0, JEBI,
WP, 25, 2018082806,   , CHP6, 0, 158N, 1562E,  40,  990, TS,   0, , 0, 0, 0, 0, 0, 0, 0, 0, 0, 0, 0, , 0, 0, JEBI,
WP, 25, 2018082812,   , CHP6, 0, 166N, 1553E,  44,  999, TS,   0, , 0, 0, 0, 0, 0, 0, 0, 0, 0, 0, 0, , 0, 0, JEBI,
WP, 25, 2018082818,   , CHP6, 0, 170N, 1543E,  45,  997, TS,   0, , 0, 0, 0, 0, 0, 0, 0, 0, 0, 0, 0, , 0, 0, JEBI,
WP, 25, 2018082900,   , CHP6, 0, 172N, 1531E,  58,  990, TS,   0, , 0, 0, 0, 0, 0, 0, 0, 0, 0, 0, 0, , 0, 0, JEBI,
WP, 25, 2018082906,   , CHP6, 0, 174N, 1521E,  67,  985, TY,   0, , 0, 0, 0, 0, 0, 0, 0, 0, 0, 0, 0, , 0, 0, JEBI,
WP, 25, 2018082912,   , CHP6, 0, 176N, 1511E,  80,  976, TY,   0, , 0, 0, 0, 0, 0, 0, 0, 0, 0, 0, 0, , 0, 0, JEBI,
WP, 25, 2018082918,   , CHP6, 0, 178N, 1500E,  97,  963, TY,   0, , 0, 0, 0, 0, 0, 0, 0, 0, 0, 0, 0, , 0, 0, JEBI,
WP, 25, 2018083000,   , CHP6, 0, 180N, 1490E, 117,  944, TY,   0, , 0, 0, 0, 0, 0, 0, 0, 0, 0, 0, 0, , 0, 0, JEBI,
WP, 25, 2018083006,   , CHP6, 0, 181N, 1479E, 137,  922, ST,   0, , 0, 0, 0, 0, 0, 0, 0, 0, 0, 0, 0, , 0, 0, JEBI,
WP, 25, 2018083012,   , CHP6, 0, 182N, 1467E, 141,  918, ST,   0, , 0, 0, 0, 0, 0, 0, 0, 0, 0, 0, 0, , 0, 0, JEBI,
WP, 25, 2018083018,   , CHP6, 0, 183N, 1454E, 135,  919, ST,   0, , 0, 0, 0, 0, 0, 0, 0, 0, 0, 0, 0, , 0, 0, JEBI,
WP, 25, 2018083100,   , CHP6, 0, 184N, 1443E, 134,  924, ST,   0, , 0, 0, 0, 0, 0, 0, 0, 0, 0, 0, 0, , 0, 0, JEBI,
WP, 25, 2018083106,   , CHP6, 0, 186N, 1432E, 134,  924, ST,   0, , 0, 0, 0, 0, 0, 0, 0, 0, 0, 0, 0, , 0, 0, JEBI,
WP, 25, 2018083112,   , CHP6, 0, 189N, 1421E, 138,  920, ST,   0, , 0, 0, 0, 0, 0, 0, 0, 0, 0, 0, 0, , 0, 0, JEBI,
WP, 25, 2018083118,   , CHP6, 0, 194N, 1410E, 141,  917, ST,   0, , 0, 0, 0, 0, 0, 0, 0, 0, 0, 0, 0, , 0, 0, JEBI,
WP, 25, 2018090100,   , CHP6, 0, 200N, 1400E, 134,  926, ST,   0, , 0, 0, 0, 0, 0, 0, 0, 0, 0, 0, 0, , 0, 0, JEBI,
WP, 25, 2018090106,   , CHP6, 0, 206N, 1390E, 124,  934, TY,   0, , 0, 0, 0, 0, 0, 0, 0, 0, 0, 0, 0, , 0, 0, JEBI,
WP, 25, 2018090112,   , CHP6, 0, 212N, 1381E, 117,  941, TY,   0, , 0, 0, 0, 0, 0, 0, 0, 0, 0, 0, 0, , 0, 0, JEBI,
WP, 25, 2018090118,   , CHP6, 0, 218N, 1370E, 114,  947, TY,   0, , 0, 0, 0, 0, 0, 0, 0, 0, 0, 0, 0, , 0, 0, JEBI,
WP, 25, 2018090200,   , CHP6, 0, 226N, 1361E, 117,  947, TY,   0, , 0, 0, 0, 0, 0, 0, 0, 0, 0, 0, 0, , 0, 0, JEBI,
WP, 25, 2018090206,   , CHP6, 0, 236N, 1356E, 118,  947, TY,   0, , 0, 0, 0, 0, 0, 0, 0, 0, 0, 0, 0, , 0, 0, JEBI,
WP, 25, 2018090212,   , CHP6, 0, 245N, 1351E, 113,  950, TY,   0, , 0, 0, 0, 0, 0, 0, 0, 0, 0, 0, 0, , 0, 0, JEBI,
WP, 25, 2018090218,   , CHP6, 0, 257N, 1348E, 109,  954, TY,   0, , 0, 0, 0, 0, 0, 0, 0, 0, 0, 0, 0, , 0, 0, JEBI,
WP, 25, 2018090300,   , CHP6, 0, 268N, 1345E, 105,  957, TY,   0, , 0, 0, 0, 0, 0, 0, 0, 0, 0, 0, 0, , 0, 0, JEBI,
WP, 25, 2018090306,   , CHP6, 0, 279N, 1343E, 102,  960, TY,   0, , 0, 0, 0, 0, 0, 0, 0, 0, 0, 0, 0, , 0, 0, JEBI,
WP, 25, 2018090312,   , CHP6, 0, 291N, 1341E, 103,  961, TY,   0, , 0, 0, 0, 0, 0, 0, 0, 0, 0, 0, 0, , 0, 0, JEBI,
WP, 25, 2018090318,   , CHP6, 0, 311N, 1340E, 100,  964, TY,   0, , 0, 0, 0, 0, 0, 0, 0, 0, 0, 0, 0, , 0, 0, JEBI,
WP, 25, 2018090400,   , CHP6, 0, 331N, 1342E,  96,  970, TY,   0, , 0, 0, 0, 0, 0, 0, 0, 0, 0, 0, 0, , 0, 0, JEBI,
WP, 25, 2018090406,   , CHP6, 0, 351N, 1351E,  90,  978, TY,   0, , 0, 0, 0, 0, 0, 0, 0, 0, 0, 0, 0, , 0, 0, JEBI,
WP, 25, 2018090412,   , CHP6, 0, 372N, 1362E,  67,  987, TY,   0, , 0, 0, 0, 0, 0, 0, 0, 0, 0, 0, 0, , 0, 0, JEBI,
WP, 25, 2018090418,   , CHP6, 0, 402N, 1377E,  58,  990, TS,   0, , 0, 0, 0, 0, 0, 0, 0, 0, 0, 0, 0, , 0, 0, JEBI,
WP, 25, 2018090500,   , CHP6, 0, 431N, 1391E,  57,  990, TS,   0, , 0, 0, 0, 0, 0, 0, 0, 0, 0, 0, 0, , 0, 0, JEBI,
WP, 25, 2018090506,   , CHP6, 0, 461N, 1398E,  56,  993, EX,   0, , 0, 0, 0, 0, 0, 0, 0, 0, 0, 0, 0, , 0, 0, JEBI,
WP, 25, 2018090512,   , CHP6, 0, 490N, 1404E,  55,  993, EX,   0, , 0, 0, 0, 0, 0, 0, 0, 0, 0, 0, 0, , 0, 0, JEBI,
