WP, 92, 2018091912,   , CHP6, 0, 117N, 1478E,  20, 1006, DB,   0, , 0, 0, 0, 0, 0, 0, 0, 0, 0, 0, 0, , 0, 0, INVEST,
WP, 92, 2018091918,   , CHP6, 0, 119N, 1476E,  20, 1006, DB,   0, , 0, 0, 0, 0, 0, 0, 0, 0, 0, 0, 0, , 0, 0, INVEST,
WP, 92, 2018092000,   , CHP6, 0, 122N, 1472E,  20, 1006, DB,   0, , 0, 0, 0, 0, 0, 0, 0, 0, 0, 0, 0, , 0, 0, INVEST,
WP, 28, 2018092006,   , CHP6, 0, 125N, 1467E,  25, 1004, TD,   0, , 0, 0, 0, 0, 0, 0, 0, 0, 0, 0, 0, , 0, 0, TWENTYEIGHT,
WP, 28, 2018092012,   , CHP6, 0, 128N, 1462E,  30, 1002, TD,   0, , 0, 0, 0, 0, 0, 0, 0, 0, 0, 0, 0, , 0, 0, TWENTYEIGHT,
WP, 28, 2018092018,   , CHP6, 0, 132N, 1455E,  35, 1000, TS,   0, , 0, 0, 0, 0, 0, 0, 0, 0, 0, 0, 0, , 0, 0, TRAMI,
WP, 28, 2018092100,   , CHP6, 0, 140N, 1446E,  40,  998, TS,   0, , 0, 0, 0, 0, 0, 0, 0, 0, 0, 0, 0, , 0, 0, TRAMI,
WP, 28, 2018092106,   , CHP6, 0, 148N, 1439E,  40,  997, TS,   0, , 0, 0, 0, 0, 0, 0, 0, 0, 0, 0, 0, , 0, 0, TRAMI,
WP, 28, 2018092112,   , CHP6, 0, 154N, 1429E,  40,  996, TS,   0, , 0, 0, 0, 0, 0, 0, 0, 0, 0, 0, 0, , 0, 0, TRAMI,
WP, 28, 2018092118,   , CHP6, 0, 160N, 1414E,  44,  997, TS,   0, , 0, 0, 0, 0, 0, 0, 0, 0, 0, 0, 0, , 0, 0, TRAMI,
WP, 28, 2018092200,   , CHP6, 0, 163N, 1401E,  53,  992, TS,   0, , 0, 0, 0, 0, 0, 0, 0, 0, 0, 0, 0, , 0, 0, TRAMI,
WP, 28, 2018092206,   , CHP6, 0, 167N, 1390E,  59,  989, TS,   0, , 0, 0, 0, 0, 0, 0, 0, 0, 0, 0, 0, , 0, 0, TRAMI,
WP, 28, 2018092212,   , CHP6, 0, 169N, 1380E,  64,  985, TY,   0, , 0, 0, 0, 0, 0, 0, 0, 0, 0, 0, 0, , 0, 0, TRAMI,
WP, 28, 2018092218,   , CHP6, 0, 172N, 1369E,  72,  980, TY,   0, , 0, 0, 0, 0, 0, 0, 0, 0, 0, 0, 0, , 0, 0, TRAMI,
WP, 28, 2018092300,   , CHP6, 0, 174N, 1358E,  79,  974, TY,   0, , 0, 0, 0, 0, 0, 0, 0, 0, 0, 0, 0, , 0, 0, TRAMI,
WP, 28, 2018092306,   , CHP6, 0, 177N, 1347E,  85,  972, TY,   0, , 0, 0, 0, 0, 0, 0, 0, 0, 0, 0, 0, , 0, 0, TRAMI,
WP, 28, 2018092312,   , CHP6, 0, 180N, 1333E, 110,  948, TY,   0, , 0, 0, 0, 0, 0, 0, 0, 0, 0, 0, 0, , 0, 0, TRAMI,
WP, 28, 2018092318,   , CHP6, 0, 184N, 1319E, 121,  936, TY,   0, , 0, 0, 0, 0, 0, 0, 0, 0, 0, 0, 0, , 0, 0, TRAMI,
WP, 28, 2018092400,   , CHP6, 0, 188N, 1308E, 129,  926, ST,   0, , 0, 0, 0, 0, 0, 0, 0, 0, 0, 0, 0, , 0, 0, TRAMI,
WP, 28, 2018092406,   , CHP6, 0, 190N, 1303E, 138,  914, ST,   0, , 0, 0, 0, 0, 0, 0, 0, 0, 0, 0, 0, , 0, 0, TRAMI,
WP, 28, 2018092412,   , CHP6, 0, 192N, 1298E, 141,  908, ST,   0, , 0, 0, 0, 0, 0, 0, 0, 0, 0, 0, 0, , 0, 0, TRAMI,
WP, 28, 2018092418,   , CHP6, 0, 194N, 1294E,  96,  952, TY,   0, , 0, 0, 0, 0, 0, 0, 0, 0, 0, 0, 0, , 0, 0, TRAMI,
WP, 28, 2018092500,   , CHP6, 0, 196N, 1290E,  84,  967, TY,   0, , 0, 0, 0, 0, 0, 0, 0, 0, 0, 0, 0, , 0, 0, TRAMI,
WP, 28, 2018092506,   , CHP6, 0, 197N, 1288E,  90,  963, TY,   0, , 0, 0, 0, 0, 0, 0, 0, 0, 0, 0, 0, , 0, 0, TRAMI,
WP, 28, 2018092512,   , CHP6, 0, 199N, 1287E,  95,  959, TY,   0, , 0, 0, 0, 0, 0, 0, 0, 0, 0, 0, 0, , 0, 0, TRAMI,
WP, 28, 2018092518,   , CHP6, 0, 201N, 1286E, 102,  953, TY,   0, , 0, 0, 0, 0, 0, 0, 0, 0, 0, 0, 0, , 0, 0, TRAMI,
WP, 28, 2018092600,   , CHP6, 0, 203N, 1285E, 111,  944, TY,   0, , 0, 0, 0, 0, 0, 0, 0, 0, 0, 0, 0, , 0, 0, TRAMI,
WP, 28, 2018092606,   , CHP6, 0, 205N, 1284E, 113,  941, TY,   0, , 0, 0, 0, 0, 0, 0, 0, 0, 0, 0, 0, , 0, 0, TRAMI,
WP, 28, 2018092612,   , CHP6, 0, 207N, 1283E, 113,  941, TY,   0, , 0, 0, 0, 0, 0, 0, 0, 0, 0, 0, 0, , 0, 0, TRAMI,
WP, 28, 2018092618,   , CHP6, 0, 209N, 1283E, 111,  943, TY,   0, , 0, 0, 0, 0, 0, 0, 0, 0, 0, 0, 0, , 0, 0, TRAMI,
WP, 28, 2018092700,   , CHP6, 0, 211N, 1284E, 106,  948, TY,   0, , 0, 0, 0, 0, 0, 0, 0, 0, 0, 0, 0, , 0, 0, TRAMI,
WP, 28, 2018092706,   , CHP6, 0, 215N, 1285E, 101,  953, TY,   0, , 0, 0, 0, 0, 0, 0, 0, 0, 0, 0, 0, , 0, 0, TRAMI,
WP, 28, 2018092712,   , CHP6, 0, 219N, 1285E, 106,  949, TY,   0, , 0, 0, 0, 0, 0, 0, 0, 0, 0, 0, 0, , 0, 0, TRAMI,
WP, 28, 2018092718,   , CHP6, 0, 223N, 1284E, 114,  942, TY,   0, , 0, 0, 0, 0, 0, 0, 0, 0, 0, 0, 0, , 0, 0, TRAMI,
WP, 28, 2018092800,   , CHP6, 0, 227N, 1279E, 126,  932, TY,   0, , 0, 0, 0, 0, 0, 0, 0, 0, 0, 0, 0, , 0, 0, TRAMI,
WP, 28, 2018092806,   , CHP6, 0, 234N, 1274E, 137,  920, ST,   0, , 0, 0, 0, 0, 0, 0, 0, 0, 0, 0, 0, , 0, 0, TRAMI,
WP, 28, 2018092812,   , CHP6, 0, 240N, 1270E, 150,  910, ST,   0, , 0, 0, 0, 0, 0, 0, 0, 0, 0, 0, 0, , 0, 0, TRAMI,
WP, 28, 2018092818,   , CHP6, 0, 249N, 1269E, 157,  903, ST,   0, , 0, 0, 0, 0, 0, 0, 0, 0, 0, 0, 0, , 0, 0, TRAMI,
WP, 28, 2018092900,   , CHP6, 0, 259N, 1272E, 139,  922, ST,   0, , 0, 0, 0, 0, 0, 0, 0, 0, 0, 0, 0, , 0, 0, TRAMI,
WP, 28, 2018092906,   , CHP6, 0, 271N, 1281E, 123,  939, TY,   0, , 0, 0, 0, 0, 0, 0, 0, 0, 0, 0, 0, , 0, 0, TRAMI,
WP, 28, 2018092912,   , CHP6, 0, 283N, 1290E, 114,  954, TY,   0, , 0, 0, 0, 0, 0, 0, 0, 0, 0, 0, 0, , 0, 0, TRAMI,
WP, 28, 2018092918,   , CHP6, 0, 295N, 1300E, 107,  963, TY,   0, , 0, 0, 0, 0, 0, 0, 0, 0, 0, 0, 0, , 0, 0, TRAMI,
WP, 28, 2018093000,   , CHP6, 0, 313N, 1318E, 106,  970, TY,   0, , 0, 0, 0, 0, 0, 0, 0, 0, 0, 0, 0, , 0, 0, TRAMI,
WP, 28, 2018093006,   , CHP6, 0, 334N, 1343E,  99,  977, TY,   0, , 0, 0, 0, 0, 0, 0, 0, 0, 0, 0, 0, , 0, 0, TRAMI,
WP, 28, 2018093012,   , CHP6, 0, 363N, 1376E,  87,  986, TY,   0, , 0, 0, 0, 0, 0, 0, 0, 0, 0, 0, 0, , 0, 0, TRAMI,
WP, 28, 2018093018,   , CHP6, 0, 390N, 1409E,  67,  993, TY,   0, , 0, 0, 0, 0, 0, 0, 0, 0, 0, 0, 0, , 0, 0, TRAMI,
WP, 28, 2018100100,   , CHP6, 0, 416N, 1441E,  59,  995, TS,   0, , 0, 0, 0, 0, 0, 0, 0, 0, 0, 0, 0, , 0, 0, TRAMI,
WP, 28, 2018100106,   , CHP6, 0, 441N, 1476E,  58,  995, TS,   0, , 0, 0, 0, 0, 0, 0, 0, 0, 0, 0, 0, , 0, 0, TRAMI,
WP, 28, 2018100112,   , CHP6, 0, 465N, 1510E,  57,  995, EX,   0, , 0, 0, 0, 0, 0, 0, 0, 0, 0, 0, 0, , 0, 0, TRAMI,
WP, 28, 2018100118,   , CHP6, 0, 490N, 1544E,  56,  996, EX,   0, , 0, 0, 0, 0, 0, 0, 0, 0, 0, 0, 0, , 0, 0, TRAMI,
WP, 28, 2018100200,   , CHP6, 0, 515N, 1579E,  52,  996, EX,   0, , 0, 0, 0, 0, 0, 0, 0, 0, 0, 0, 0, , 0, 0, TRAMI,
