WP, 95, 2015062906,   , CHP6, 0,  86N, 1615E,  20, 1006, DB,   0, , 0, 0, 0, 0, 0, 0, 0, 0, 0, 0, 0, , 0, 0, INVEST,
WP, 95, 2015062912,   , CHP6, 0,  88N, 1615E,  20, 1005, DB,   0, , 0, 0, 0, 0, 0, 0, 0, 0, 0, 0, 0, , 0, 0, INVEST,
WP, 09, 2015062918,   , CHP6, 0,  92N, 1614E,  25, 1003, TD,   0, , 0, 0, 0, 0, 0, 0, 0, 0, 0, 0, 0, , 0, 0, NINE,
WP, 09, 2015063000,   , CHP6, 0,  96N, 1611E,  30, 1001, TD,   0, , 0, 0, 0, 0, 0, 0, 0, 0, 0, 0, 0, , 0, 0, NINE,
WP, 09, 2015063006,   , CHP6, 0, 100N, 1606E,  30, 1000, TD,   0, , 0, 0, 0, 0, 0, 0, 0, 0, 0, 0, 0, , 0, 0, NINE,
WP, 09, 2015063012,   , CHP6, 0, 102N, 1600E,  35,  998, TS,   0, , 0, 0, 0, 0, 0, 0, 0, 0, 0, 0, 0, , 0, 0, CHAN-HOM,
WP, 09, 2015063018,   , CHP6, 0, 105N, 1594E,  40,  996, TS,   0, , 0, 0, 0, 0, 0, 0, 0, 0, 0, 0, 0, , 0, 0, CHAN-HOM,
WP, 09, 2015070100,   , CHP6, 0, 108N, 1588E,  40,  995, TS,   0, , 0, 0, 0, 0, 0, 0, 0, 0, 0, 0, 0, , 0, 0, CHAN-HOM,
WP, 09, 2015070106,   , CHP6, 0, 109N, 1579E,  47,  996, TS,   0, , 0, 0, 0, 0, 0, 0, 0, 0, 0, 0, 0, , 0, 0, CHAN-HOM,
WP, 09, 2015070112,   , CHP6, 0, 110N, 1568E,  45,  997, TS,   0, , 0, 0, 0, 0, 0, 0, 0, 0, 0, 0, 0, , 0, 0, CHAN-HOM,
WP, 09, 2015070118,   , CHP6, 0, 111N, 1557E,  47,  995, TS,   0, , 0, 0, 0, 0, 0, 0, 0, 0, 0, 0, 0, , 0, 0, CHAN-HOM,
WP, 09, 2015070200,   , CHP6, 0, 112N, 1541E,  46,  996, TS,   0, , 0, 0, 0, 0, 0, 0, 0, 0, 0, 0, 0, , 0, 0, CHAN-HOM,
WP, 09, 2015070206,   , CHP6, 0, 111N, 1532E,  57,  990, TS,   0, , 0, 0, 0, 0, 0, 0, 0, 0, 0, 0, 0, , 0, 0, CHAN-HOM,
WP, 09, 2015070212,   , CHP6, 0, 106N, 1524E,  58,  989, TS,   0, , 0, 0, 0, 0, 0, 0, 0, 0, 0, 0, 0, , 0, 0, CHAN-HOM,
WP, 09, 2015070218,   , CHP6, 0, 101N, 1512E,  68,  983, TY,   0, , 0, 0, 0, 0, 0, 0, 0, 0, 0, 0, 0, , 0, 0, CHAN-HOM,
WP, 09, 2015070300,   , CHP6, 0, 102N, 1499E,  74,  978, TY,   0, , 0, 0, 0, 0, 0, 0, 0, 0, 0, 0, 0, , 0, 0, CHAN-HOM,
WP, 09, 2015070306,   , CHP6, 0, 104N, 1485E,  80,  973, TY,   0, , 0, 0, 0, 0, 0, 0, 0, 0, 0, 0, 0, , 0, 0, CHAN-HOM,
WP, 09, 2015070312,   , CHP6, 0, 108N, 1477E,  85,  970, TY,   0, , 0, 0, 0, 0, 0, 0, 0, 0, 0, 0, 0, , 0, 0, CHAN-HOM,
WP, 09, 2015070318,   , CHP6, 0, 113N, 1469E,  95,  963, TY,   0, , 0, 0, 0, 0, 0, 0, 0, 0, 0, 0, 0, , 0, 0, CHAN-HOM,
WP, 09, 2015070400,   , CHP6, 0, 118N, 1465E, 116,  942, TY,   0, , 0, 0, 0, 0, 0, 0, 0, 0, 0, 0, 0, , 0, 0, CHAN-HOM,
WP, 09, 2015070406,   , CHP6, 0, 123N, 1461E, 147,  907, ST,   0, , 0, 0, 0, 0, 0, 0, 0, 0, 0, 0, 0, , 0, 0, CHAN-HOM,
WP, 09, 2015070412,   , CHP6, 0, 129N, 1456E, 155,  894, ST,   0, , 0, 0, 0, 0, 0, 0, 0, 0, 0, 0, 0, , 0, 0, CHAN-HOM,
WP, 09, 2015070418,   , CHP6, 0, 136N, 1450E, 144,  907, ST,   0, , 0, 0, 0, 0, 0, 0, 0, 0, 0, 0, 0, , 0, 0, CHAN-HOM,
WP, 09, 2015070500,   , CHP6, 0, 142N, 1443E, 130,  923, ST,   0, , 0, 0, 0, 0, 0, 0, 0, 0, 0, 0, 0, , 0, 0, CHAN-HOM,
WP, 09, 2015070506,   , CHP6, 0, 147N, 1437E, 121,  935, TY,   0, , 0, 0, 0, 0, 0, 0, 0, 0, 0, 0, 0, , 0, 0, CHAN-HOM,
WP, 09, 2015070512,   , CHP6, 0, 153N, 1430E, 117,  940, TY,   0, , 0, 0, 0, 0, 0, 0, 0, 0, 0, 0, 0, , 0, 0, CHAN-HOM,
WP, 09, 2015070518,   , CHP6, 0, 159N, 1423E, 118,  940, TY,   0, , 0, 0, 0, 0, 0, 0, 0, 0, 0, 0, 0, , 0, 0, CHAN-HOM,
WP, 09, 2015070600,   , CHP6, 0, 167N, 1414E, 123,  935, TY,   0, , 0, 0, 0, 0, 0, 0, 0, 0, 0, 0, 0, , 0, 0, CHAN-HOM,
WP, 09, 2015070606,   , CHP6, 0, 172N, 1404E, 126,  931, TY,   0, , 0, 0, 0, 0, 0, 0, 0, 0, 0, 0, 0, , 0, 0, CHAN-HOM,
WP, 09, 2015070612,   , CHP6, 0, 176N, 1395E, 128,  928, ST,   0, , 0, 0, 0, 0, 0, 0, 0, 0, 0, 0, 0, , 0, 0, CHAN-HOM,
WP, 09, 2015070618,   , CHP6, 0, 177N, 1387E, 138,  919, ST,   0, , 0, 0, 0, 0, 0, 0, 0, 0, 0, 0, 0, , 0, 0, CHAN-HOM,
WP, 09, 2015070700,   , CHP6, 0, 180N, 1377E, 152,  903, ST,   0, , 0, 0, 0, 0, 0, 0, 0, 0, 0, 0, 0, , 0, 0, CHAN-HOM,
WP, 09, 2015070706,   , CHP6, 0, 184N, 1367E, 157,  897, ST,   0, , 0, 0, 0, 0, 0, 0, 0, 0, 0, 0, 0, , 0, 0, CHAN-HOM,
WP, 09, 2015070712,   , CHP6, 0, 189N, 1355E, 147,  906, ST,   0, , 0, 0, 0, 0, 0, 0, 0, 0, 0, 0, 0, , 0, 0, CHAN-HOM,
WP, 09, 2015070718,   , CHP6, 0, 196N, 1345E, 139,  912, ST,   0, , 0, 0, 0, 0, 0, 0, 0, 0, 0, 0, 0, , 0, 0, CHAN-HOM,
WP, 09, 2015070800,   , CHP6, 0, 203N, 1335E, 126,  924, TY,   0, , 0, 0, 0, 0, 0, 0, 0, 0, 0, 0, 0, , 0, 0, CHAN-HOM,
WP, 09, 2015070806,   , CHP6, 0, 210N, 1325E, 123,  934, TY,   0, , 0, 0, 0, 0, 0, 0, 0, 0, 0, 0, 0, , 0, 0, CHAN-HOM,
WP, 09, 2015070812,   , CHP6, 0, 217N, 1314E, 130,  927, ST,   0, , 0, 0, 0, 0, 0, 0, 0, 0, 0, 0, 0, , 0, 0, CHAN-HOM,
WP, 09, 2015070818,   , CHP6, 0, 226N, 1302E, 127,  932, TY,   0, , 0, 0, 0, 0, 0, 0, 0, 0, 0, 0, 0, , 0, 0, CHAN-HOM,
WP, 09, 2015070900,   , CHP6, 0, 235N, 1290E, 122,  937, TY,   0, , 0, 0, 0, 0, 0, 0, 0, 0, 0, 0, 0, , 0, 0, CHAN-HOM,
WP, 09, 2015070906,   , CHP6, 0, 244N, 1278E, 117,  942, TY,   0, , 0, 0, 0, 0, 0, 0, 0, 0, 0, 0, 0, , 0, 0, CHAN-HOM,
WP, 09, 2015070912,   , CHP6, 0, 252N, 1265E, 112,  949, TY,   0, , 0, 0, 0, 0, 0, 0, 0, 0, 0, 0, 0, , 0, 0, CHAN-HOM,
WP, 09, 2015070918,   , CHP6, 0, 261N, 1252E, 105,  956, TY,   0, , 0, 0, 0, 0, 0, 0, 0, 0, 0, 0, 0, , 0, 0, CHAN-HOM,
WP, 09, 2015071000,   , CHP6, 0, 269N, 1238E,  80,  972, TY,   0, , 0, 0, 0, 0, 0, 0, 0, 0, 0, 0, 0, , 0, 0, CHAN-HOM,
WP, 09, 2015071006,   , CHP6, 0, 278N, 1225E,  65,  981, TY,   0, , 0, 0, 0, 0, 0, 0, 0, 0, 0, 0, 0, , 0, 0, CHAN-HOM,
WP, 09, 2015071012,   , CHP6, 0, 286N, 1214E,  59,  986, TS,   0, , 0, 0, 0, 0, 0, 0, 0, 0, 0, 0, 0, , 0, 0, CHAN-HOM,
WP, 09, 2015071018,   , CHP6, 0, 294N, 1205E,  45,  992, TS,   0, , 0, 0, 0, 0, 0, 0, 0, 0, 0, 0, 0, , 0, 0, CHAN-HOM,
WP, 09, 2015071100,   , CHP6, 0, 304N, 1196E,  34,  996, TS,   0, , 0, 0, 0, 0, 0, 0, 0, 0, 0, 0, 0, , 0, 0, CHAN-HOM,
WP, 09, 2015071106,   , CHP6, 0, 308N, 1189E,  27,  997, TD,   0, , 0, 0, 0, 0, 0, 0, 0, 0, 0, 0, 0, , 0, 0, CHAN-HOM,
WP, 09, 2015071112,   , CHP6, 0, 311N, 1181E,  24,  998, TD,   0, , 0, 0, 0, 0, 0, 0, 0, 0, 0, 0, 0, , 0, 0, CHAN-HOM,
WP, 09, 2015071118,   , CHP6, 0, 312N, 1177E,  20,  999, DB,   0, , 0, 0, 0, 0, 0, 0, 0, 0, 0, 0, 0, , 0, 0, CHAN-HOM,
WP, 09, 2015071200,   , CHP6, 0, 313N, 1172E,  17,  999, DB,   0, , 0, 0, 0, 0, 0, 0, 0, 0, 0, 0, 0, , 0, 0, CHAN-HOM,
