WP, 91, 2015061906,   , CHP6, 0, 145N, 1127E,  20, 1007, DB,   0, , 0, 0, 0, 0, 0, 0, 0, 0, 0, 0, 0, , 0, 0, INVEST,
WP, 91, 2015061912,   , CHP6, 0, 149N, 1123E,  20, 1006, DB,   0, , 0, 0, 0, 0, 0, 0, 0, 0, 0, 0, 0, , 0, 0, INVEST,
WP, 08, 2015061918,   , CHP6, 0, 151N, 1121E,  25, 1004, TD,   0, , 0, 0, 0, 0, 0, 0, 0, 0, 0, 0, 0, , 0, 0, EIGHT,
WP, 08, 2015062000,   , CHP6, 0, 152N, 1120E,  30, 1002, TD,   0, , 0, 0, 0, 0, 0, 0, 0, 0, 0, 0, 0, , 0, 0, EIGHT,
WP, 08, 2015062006,   , CHP6, 0, 153N, 1119E,  35, 1000, TS,   0, , 0, 0, 0, 0, 0, 0, 0, 0, 0, 0, 0, , 0, 0, KUJIRA,
WP, 08, 2015062012,   , CHP6, 0, 155N, 1117E,  40,  998, TS,   0, , 0, 0, 0, 0, 0, 0, 0, 0, 0, 0, 0, , 0, 0, KUJIRA,
WP, 08, 2015062018,   , CHP6, 0, 157N, 1116E,  40,  997, TS,   0, , 0, 0, 0, 0, 0, 0, 0, 0, 0, 0, 0, , 0, 0, KUJIRA,
WP, 08, 2015062100,   , CHP6, 0, 159N, 1115E,  45,  994, TS,   0, , 0, 0, 0, 0, 0, 0, 0, 0, 0, 0, 0, , 0, 0, KUJIRA,
WP, 08, 2015062106,   , CHP6, 0, 163N, 1114E,  45,  993, TS,   0, , 0, 0, 0, 0, 0, 0, 0, 0, 0, 0, 0, , 0, 0, KUJIRA,
WP, 08, 2015062112,   , CHP6, 0, 167N, 1115E,  50,  990, TS,   0, , 0, 0, 0, 0, 0, 0, 0, 0, 0, 0, 0, , 0, 0, KUJIRA,
WP, 08, 2015062118,   , CHP6, 0, 173N, 1114E,  50,  989, TS,   0, , 0, 0, 0, 0, 0, 0, 0, 0, 0, 0, 0, , 0, 0, KUJIRA,
WP, 08, 2015062200,   , CHP6, 0, 180N, 1111E,  55,  986, TS,   0, , 0, 0, 0, 0, 0, 0, 0, 0, 0, 0, 0, , 0, 0, KUJIRA,
WP, 08, 2015062206,   , CHP6, 0, 184N, 1109E,  45,  995, TS,   0, , 0, 0, 0, 0, 0, 0, 0, 0, 0, 0, 0, , 0, 0, KUJIRA,
WP, 08, 2015062212,   , CHP6, 0, 191N, 1108E,  51,  992, TS,   0, , 0, 0, 0, 0, 0, 0, 0, 0, 0, 0, 0, , 0, 0, KUJIRA,
WP, 08, 2015062218,   , CHP6, 0, 197N, 1105E,  52,  992, TS,   0, , 0, 0, 0, 0, 0, 0, 0, 0, 0, 0, 0, , 0, 0, KUJIRA,
WP, 08, 2015062300,   , CHP6, 0, 202N, 1102E,  42,  995, TS,   0, , 0, 0, 0, 0, 0, 0, 0, 0, 0, 0, 0, , 0, 0, KUJIRA,
WP, 08, 2015062306,   , CHP6, 0, 208N, 1099E,  39,  997, TS,   0, , 0, 0, 0, 0, 0, 0, 0, 0, 0, 0, 0, , 0, 0, KUJIRA,
WP, 08, 2015062312,   , CHP6, 0, 213N, 1096E,  33,  998, TD,   0, , 0, 0, 0, 0, 0, 0, 0, 0, 0, 0, 0, , 0, 0, KUJIRA,
WP, 08, 2015062318,   , CHP6, 0, 219N, 1092E,  30,  999, TD,   0, , 0, 0, 0, 0, 0, 0, 0, 0, 0, 0, 0, , 0, 0, KUJIRA,
WP, 08, 2015062400,   , CHP6, 0, 224N, 1089E,  22, 1000, DB,   0, , 0, 0, 0, 0, 0, 0, 0, 0, 0, 0, 0, , 0, 0, KUJIRA,
WP, 08, 2015062406,   , CHP6, 0, 229N, 1085E,  17, 1001, DB,   0, , 0, 0, 0, 0, 0, 0, 0, 0, 0, 0, 0, , 0, 0, KUJIRA,
