WP, 97, 2015091918,   , CHP6, 0, 130N, 1485E,  20, 1008, DB,   0, , 0, 0, 0, 0, 0, 0, 0, 0, 0, 0, 0, , 0, 0, INVEST,
WP, 97, 2015092000,   , CHP6, 0, 136N, 1482E,  20, 1008, DB,   0, , 0, 0, 0, 0, 0, 0, 0, 0, 0, 0, 0, , 0, 0, INVEST,
WP, 97, 2015092006,   , CHP6, 0, 142N, 1477E,  20, 1008, DB,   0, , 0, 0, 0, 0, 0, 0, 0, 0, 0, 0, 0, , 0, 0, INVEST,
WP, 97, 2015092012,   , CHP6, 0, 148N, 1470E,  20, 1007, DB,   0, , 0, 0, 0, 0, 0, 0, 0, 0, 0, 0, 0, , 0, 0, INVEST,
WP, 97, 2015092018,   , CHP6, 0, 153N, 1458E,  20, 1007, DB,   0, , 0, 0, 0, 0, 0, 0, 0, 0, 0, 0, 0, , 0, 0, INVEST,
WP, 97, 2015092100,   , CHP6, 0, 155N, 1444E,  20, 1005, DB,   0, , 0, 0, 0, 0, 0, 0, 0, 0, 0, 0, 0, , 0, 0, INVEST,
WP, 97, 2015092106,   , CHP6, 0, 156N, 1435E,  20, 1005, DB,   0, , 0, 0, 0, 0, 0, 0, 0, 0, 0, 0, 0, , 0, 0, INVEST,
WP, 21, 2015092112,   , CHP6, 0, 157N, 1427E,  25, 1004, TD,   0, , 0, 0, 0, 0, 0, 0, 0, 0, 0, 0, 0, , 0, 0, TWENTYONE,
WP, 21, 2015092118,   , CHP6, 0, 160N, 1419E,  30, 1002, TD,   0, , 0, 0, 0, 0, 0, 0, 0, 0, 0, 0, 0, , 0, 0, TWENTYONE,
WP, 21, 2015092200,   , CHP6, 0, 166N, 1413E,  30, 1002, TD,   0, , 0, 0, 0, 0, 0, 0, 0, 0, 0, 0, 0, , 0, 0, TWENTYONE,
WP, 21, 2015092206,   , CHP6, 0, 174N, 1406E,  30, 1001, TD,   0, , 0, 0, 0, 0, 0, 0, 0, 0, 0, 0, 0, , 0, 0, TWENTYONE,
WP, 21, 2015092212,   , CHP6, 0, 177N, 1396E,  35,  999, TS,   0, , 0, 0, 0, 0, 0, 0, 0, 0, 0, 0, 0, , 0, 0, DUJUAN,
WP, 21, 2015092218,   , CHP6, 0, 178N, 1382E,  40,  997, TS,   0, , 0, 0, 0, 0, 0, 0, 0, 0, 0, 0, 0, , 0, 0, DUJUAN,
WP, 21, 2015092300,   , CHP6, 0, 179N, 1368E,  40,  996, TS,   0, , 0, 0, 0, 0, 0, 0, 0, 0, 0, 0, 0, , 0, 0, DUJUAN,
WP, 21, 2015092306,   , CHP6, 0, 180N, 1357E,  53,  992, TS,   0, , 0, 0, 0, 0, 0, 0, 0, 0, 0, 0, 0, , 0, 0, DUJUAN,
WP, 21, 2015092312,   , CHP6, 0, 182N, 1349E,  50,  993, TS,   0, , 0, 0, 0, 0, 0, 0, 0, 0, 0, 0, 0, , 0, 0, DUJUAN,
WP, 21, 2015092318,   , CHP6, 0, 186N, 1339E,  49,  993, TS,   0, , 0, 0, 0, 0, 0, 0, 0, 0, 0, 0, 0, , 0, 0, DUJUAN,
WP, 21, 2015092400,   , CHP6, 0, 186N, 1333E,  52,  992, TS,   0, , 0, 0, 0, 0, 0, 0, 0, 0, 0, 0, 0, , 0, 0, DUJUAN,
WP, 21, 2015092406,   , CHP6, 0, 187N, 1327E,  65,  984, TY,   0, , 0, 0, 0, 0, 0, 0, 0, 0, 0, 0, 0, , 0, 0, DUJUAN,
WP, 21, 2015092412,   , CHP6, 0, 188N, 1324E,  85,  970, TY,   0, , 0, 0, 0, 0, 0, 0, 0, 0, 0, 0, 0, , 0, 0, DUJUAN,
WP, 21, 2015092418,   , CHP6, 0, 189N, 1320E, 113,  944, TY,   0, , 0, 0, 0, 0, 0, 0, 0, 0, 0, 0, 0, , 0, 0, DUJUAN,
WP, 21, 2015092500,   , CHP6, 0, 191N, 1317E, 141,  910, ST,   0, , 0, 0, 0, 0, 0, 0, 0, 0, 0, 0, 0, , 0, 0, DUJUAN,
WP, 21, 2015092506,   , CHP6, 0, 194N, 1314E, 140,  911, ST,   0, , 0, 0, 0, 0, 0, 0, 0, 0, 0, 0, 0, , 0, 0, DUJUAN,
WP, 21, 2015092512,   , CHP6, 0, 199N, 1309E, 130,  924, ST,   0, , 0, 0, 0, 0, 0, 0, 0, 0, 0, 0, 0, , 0, 0, DUJUAN,
WP, 21, 2015092518,   , CHP6, 0, 205N, 1303E, 126,  928, TY,   0, , 0, 0, 0, 0, 0, 0, 0, 0, 0, 0, 0, , 0, 0, DUJUAN,
WP, 21, 2015092600,   , CHP6, 0, 210N, 1298E, 117,  937, TY,   0, , 0, 0, 0, 0, 0, 0, 0, 0, 0, 0, 0, , 0, 0, DUJUAN,
WP, 21, 2015092606,   , CHP6, 0, 216N, 1293E, 114,  940, TY,   0, , 0, 0, 0, 0, 0, 0, 0, 0, 0, 0, 0, , 0, 0, DUJUAN,
WP, 21, 2015092612,   , CHP6, 0, 221N, 1288E, 112,  943, TY,   0, , 0, 0, 0, 0, 0, 0, 0, 0, 0, 0, 0, , 0, 0, DUJUAN,
WP, 21, 2015092618,   , CHP6, 0, 227N, 1282E, 109,  947, TY,   0, , 0, 0, 0, 0, 0, 0, 0, 0, 0, 0, 0, , 0, 0, DUJUAN,
WP, 21, 2015092700,   , CHP6, 0, 231N, 1276E, 106,  950, TY,   0, , 0, 0, 0, 0, 0, 0, 0, 0, 0, 0, 0, , 0, 0, DUJUAN,
WP, 21, 2015092706,   , CHP6, 0, 236N, 1270E, 104,  952, TY,   0, , 0, 0, 0, 0, 0, 0, 0, 0, 0, 0, 0, , 0, 0, DUJUAN,
WP, 21, 2015092712,   , CHP6, 0, 241N, 1263E, 102,  954, TY,   0, , 0, 0, 0, 0, 0, 0, 0, 0, 0, 0, 0, , 0, 0, DUJUAN,
WP, 21, 2015092718,   , CHP6, 0, 246N, 1257E,  88,  966, TY,   0, , 0, 0, 0, 0, 0, 0, 0, 0, 0, 0, 0, , 0, 0, DUJUAN,
WP, 21, 2015092800,   , CHP6, 0, 248N, 1249E,  71,  976, TY,   0, , 0, 0, 0, 0, 0, 0, 0, 0, 0, 0, 0, , 0, 0, DUJUAN,
WP, 21, 2015092806,   , CHP6, 0, 251N, 1241E,  77,  972, TY,   0, , 0, 0, 0, 0, 0, 0, 0, 0, 0, 0, 0, , 0, 0, DUJUAN,
WP, 21, 2015092812,   , CHP6, 0, 253N, 1233E,  77,  974, TY,   0, , 0, 0, 0, 0, 0, 0, 0, 0, 0, 0, 0, , 0, 0, DUJUAN,
WP, 21, 2015092818,   , CHP6, 0, 256N, 1225E,  66,  980, TY,   0, , 0, 0, 0, 0, 0, 0, 0, 0, 0, 0, 0, , 0, 0, DUJUAN,
WP, 21, 2015092900,   , CHP6, 0, 258N, 1217E,  58,  982, TS,   0, , 0, 0, 0, 0, 0, 0, 0, 0, 0, 0, 0, , 0, 0, DUJUAN,
WP, 21, 2015092906,   , CHP6, 0, 259N, 1211E,  48,  985, TS,   0, , 0, 0, 0, 0, 0, 0, 0, 0, 0, 0, 0, , 0, 0, DUJUAN,
WP, 21, 2015092912,   , CHP6, 0, 260N, 1206E,  40,  990, TS,   0, , 0, 0, 0, 0, 0, 0, 0, 0, 0, 0, 0, , 0, 0, DUJUAN,
WP, 21, 2015092918,   , CHP6, 0, 260N, 1202E,  38,  993, TS,   0, , 0, 0, 0, 0, 0, 0, 0, 0, 0, 0, 0, , 0, 0, DUJUAN,
WP, 21, 2015093000,   , CHP6, 0, 261N, 1197E,  34,  996, TS,   0, , 0, 0, 0, 0, 0, 0, 0, 0, 0, 0, 0, , 0, 0, DUJUAN,
WP, 21, 2015093006,   , CHP6, 0, 262N, 1192E,  30,  997, TD,   0, , 0, 0, 0, 0, 0, 0, 0, 0, 0, 0, 0, , 0, 0, DUJUAN,
WP, 21, 2015093012,   , CHP6, 0, 262N, 1187E,  23,  998, DB,   0, , 0, 0, 0, 0, 0, 0, 0, 0, 0, 0, 0, , 0, 0, DUJUAN,
WP, 21, 2015093018,   , CHP6, 0, 262N, 1181E,  18,  999, DB,   0, , 0, 0, 0, 0, 0, 0, 0, 0, 0, 0, 0, , 0, 0, DUJUAN,
