WP, 92, 2015101212,   , CHP6, 0, 120N, 1645E,  20, 1008, DB,   0, , 0, 0, 0, 0, 0, 0, 0, 0, 0, 0, 0, , 0, 0, INVEST,
WP, 92, 2015101218,   , CHP6, 0, 125N, 1633E,  20, 1008, DB,   0, , 0, 0, 0, 0, 0, 0, 0, 0, 0, 0, 0, , 0, 0, INVEST,
WP, 92, 2015101300,   , CHP6, 0, 129N, 1620E,  20, 1007, DB,   0, , 0, 0, 0, 0, 0, 0, 0, 0, 0, 0, 0, , 0, 0, INVEST,
WP, 25, 2015101306,   , CHP6, 0, 131N, 1607E,  25, 1005, TD,   0, , 0, 0, 0, 0, 0, 0, 0, 0, 0, 0, 0, , 0, 0, TWENTYFIVE,
WP, 25, 2015101312,   , CHP6, 0, 134N, 1595E,  30, 1003, TD,   0, , 0, 0, 0, 0, 0, 0, 0, 0, 0, 0, 0, , 0, 0, TWENTYFIVE,
WP, 25, 2015101318,   , CHP6, 0, 138N, 1584E,  35, 1001, TS,   0, , 0, 0, 0, 0, 0, 0, 0, 0, 0, 0, 0, , 0, 0, CHAMPI,
WP, 25, 2015101400,   , CHP6, 0, 144N, 1578E,  35, 1000, TS,   0, , 0, 0, 0, 0, 0, 0, 0, 0, 0, 0, 0, , 0, 0, CHAMPI,
WP, 25, 2015101406,   , CHP6, 0, 147N, 1570E,  40,  998, TS,   0, , 0, 0, 0, 0, 0, 0, 0, 0, 0, 0, 0, , 0, 0, CHAMPI,
WP, 25, 2015101412,   , CHP6, 0, 148N, 1553E,  39,  999, TS,   0, , 0, 0, 0, 0, 0, 0, 0, 0, 0, 0, 0, , 0, 0, CHAMPI,
WP, 25, 2015101418,   , CHP6, 0, 149N, 1537E,  43,  997, TS,   0, , 0, 0, 0, 0, 0, 0, 0, 0, 0, 0, 0, , 0, 0, CHAMPI,
WP, 25, 2015101500,   , CHP6, 0, 151N, 1524E,  50,  995, TS,   0, , 0, 0, 0, 0, 0, 0, 0, 0, 0, 0, 0, , 0, 0, CHAMPI,
WP, 25, 2015101506,   , CHP6, 0, 153N, 1510E,  57,  992, TS,   0, , 0, 0, 0, 0, 0, 0, 0, 0, 0, 0, 0, , 0, 0, CHAMPI,
WP, 25, 2015101512,   , CHP6, 0, 155N, 1496E,  66,  987, TY,   0, , 0, 0, 0, 0, 0, 0, 0, 0, 0, 0, 0, , 0, 0, CHAMPI,
WP, 25, 2015101518,   , CHP6, 0, 157N, 1484E,  78,  979, TY,   0, , 0, 0, 0, 0, 0, 0, 0, 0, 0, 0, 0, , 0, 0, CHAMPI,
WP, 25, 2015101600,   , CHP6, 0, 159N, 1472E,  90,  970, TY,   0, , 0, 0, 0, 0, 0, 0, 0, 0, 0, 0, 0, , 0, 0, CHAMPI,
WP, 25, 2015101606,   , CHP6, 0, 162N, 1461E, 103,  959, TY,   0, , 0, 0, 0, 0, 0, 0, 0, 0, 0, 0, 0, , 0, 0, CHAMPI,
WP, 25, 2015101612,   , CHP6, 0, 165N, 1449E, 116,  943, TY,   0, , 0, 0, 0, 0, 0, 0, 0, 0, 0, 0, 0, , 0, 0, CHAMPI,
WP, 25, 2015101618,   , CHP6, 0, 170N, 1439E, 136,  917, ST,   0, , 0, 0, 0, 0, 0, 0, 0, 0, 0, 0, 0, , 0, 0, CHAMPI,
WP, 25, 2015101700,   , CHP6, 0, 175N, 1429E, 142,  909, ST,   0, , 0, 0, 0, 0, 0, 0, 0, 0, 0, 0, 0, , 0, 0, CHAMPI,
WP, 25, 2015101706,   , CHP6, 0, 180N, 1421E, 124,  930, TY,   0, , 0, 0, 0, 0, 0, 0, 0, 0, 0, 0, 0, , 0, 0, CHAMPI,
WP, 25, 2015101712,   , CHP6, 0, 183N, 1415E, 117,  938, TY,   0, , 0, 0, 0, 0, 0, 0, 0, 0, 0, 0, 0, , 0, 0, CHAMPI,
WP, 25, 2015101718,   , CHP6, 0, 186N, 1410E, 129,  924, ST,   0, , 0, 0, 0, 0, 0, 0, 0, 0, 0, 0, 0, , 0, 0, CHAMPI,
WP, 25, 2015101800,   , CHP6, 0, 188N, 1406E, 123,  930, TY,   0, , 0, 0, 0, 0, 0, 0, 0, 0, 0, 0, 0, , 0, 0, CHAMPI,
WP, 25, 2015101806,   , CHP6, 0, 191N, 1403E, 122,  931, TY,   0, , 0, 0, 0, 0, 0, 0, 0, 0, 0, 0, 0, , 0, 0, CHAMPI,
WP, 25, 2015101812,   , CHP6, 0, 194N, 1402E, 112,  944, TY,   0, , 0, 0, 0, 0, 0, 0, 0, 0, 0, 0, 0, , 0, 0, CHAMPI,
WP, 25, 2015101818,   , CHP6, 0, 198N, 1401E, 110,  948, TY,   0, , 0, 0, 0, 0, 0, 0, 0, 0, 0, 0, 0, , 0, 0, CHAMPI,
WP, 25, 2015101900,   , CHP6, 0, 203N, 1400E, 106,  952, TY,   0, , 0, 0, 0, 0, 0, 0, 0, 0, 0, 0, 0, , 0, 0, CHAMPI,
WP, 25, 2015101906,   , CHP6, 0, 208N, 1400E, 101,  956, TY,   0, , 0, 0, 0, 0, 0, 0, 0, 0, 0, 0, 0, , 0, 0, CHAMPI,
WP, 25, 2015101912,   , CHP6, 0, 213N, 1400E,  93,  962, TY,   0, , 0, 0, 0, 0, 0, 0, 0, 0, 0, 0, 0, , 0, 0, CHAMPI,
WP, 25, 2015101918,   , CHP6, 0, 217N, 1401E,  95,  961, TY,   0, , 0, 0, 0, 0, 0, 0, 0, 0, 0, 0, 0, , 0, 0, CHAMPI,
WP, 25, 2015102000,   , CHP6, 0, 222N, 1402E,  95,  960, TY,   0, , 0, 0, 0, 0, 0, 0, 0, 0, 0, 0, 0, , 0, 0, CHAMPI,
WP, 25, 2015102006,   , CHP6, 0, 227N, 1405E,  96,  959, TY,   0, , 0, 0, 0, 0, 0, 0, 0, 0, 0, 0, 0, , 0, 0, CHAMPI,
WP, 25, 2015102012,   , CHP6, 0, 232N, 1408E,  98,  958, TY,   0, , 0, 0, 0, 0, 0, 0, 0, 0, 0, 0, 0, , 0, 0, CHAMPI,
WP, 25, 2015102018,   , CHP6, 0, 238N, 1411E,  98,  958, TY,   0, , 0, 0, 0, 0, 0, 0, 0, 0, 0, 0, 0, , 0, 0, CHAMPI,
WP, 25, 2015102100,   , CHP6, 0, 243N, 1414E,  95,  961, TY,   0, , 0, 0, 0, 0, 0, 0, 0, 0, 0, 0, 0, , 0, 0, CHAMPI,
WP, 25, 2015102106,   , CHP6, 0, 248N, 1420E,  92,  964, TY,   0, , 0, 0, 0, 0, 0, 0, 0, 0, 0, 0, 0, , 0, 0, CHAMPI,
WP, 25, 2015102112,   , CHP6, 0, 252N, 1426E,  83,  971, TY,   0, , 0, 0, 0, 0, 0, 0, 0, 0, 0, 0, 0, , 0, 0, CHAMPI,
WP, 25, 2015102118,   , CHP6, 0, 257N, 1432E,  72,  979, TY,   0, , 0, 0, 0, 0, 0, 0, 0, 0, 0, 0, 0, , 0, 0, CHAMPI,
WP, 25, 2015102200,   , CHP6, 0, 262N, 1439E,  66,  984, TS,   0, , 0, 0, 0, 0, 0, 0, 0, 0, 0, 0, 0, , 0, 0, CHAMPI,
WP, 25, 2015102206,   , CHP6, 0, 266N, 1453E,  60,  987, TS,   0, , 0, 0, 0, 0, 0, 0, 0, 0, 0, 0, 0, , 0, 0, CHAMPI,
WP, 25, 2015102212,   , CHP6, 0, 271N, 1467E,  48,  992, TS,   0, , 0, 0, 0, 0, 0, 0, 0, 0, 0, 0, 0, , 0, 0, CHAMPI,
WP, 25, 2015102218,   , CHP6, 0, 275N, 1481E,  41,  995, TS,   0, , 0, 0, 0, 0, 0, 0, 0, 0, 0, 0, 0, , 0, 0, CHAMPI,
WP, 25, 2015102300,   , CHP6, 0, 280N, 1495E,  38,  997, TS,   0, , 0, 0, 0, 0, 0, 0, 0, 0, 0, 0, 0, , 0, 0, CHAMPI,
WP, 25, 2015102306,   , CHP6, 0, 286N, 1508E,  35,  987, TS,   0, , 0, 0, 0, 0, 0, 0, 0, 0, 0, 0, 0, , 0, 0, CHAMPI,
WP, 25, 2015102312,   , CHP6, 0, 293N, 1523E,  32,  992, EX,   0, , 0, 0, 0, 0, 0, 0, 0, 0, 0, 0, 0, , 0, 0, CHAMPI,
WP, 25, 2015102318,   , CHP6, 0, 300N, 1544E,  29,  995, EX,   0, , 0, 0, 0, 0, 0, 0, 0, 0, 0, 0, 0, , 0, 0, CHAMPI,
