WP, 96, 2015091318,   , CHP6, 0, 139N, 1523E,  20, 1009, DB,   0, , 0, 0, 0, 0, 0, 0, 0, 0, 0, 0, 0, , 0, 0, INVEST,
WP, 96, 2015091400,   , CHP6, 0, 146N, 1524E,  20, 1009, DB,   0, , 0, 0, 0, 0, 0, 0, 0, 0, 0, 0, 0, , 0, 0, INVEST,
WP, 96, 2015091406,   , CHP6, 0, 154N, 1527E,  20, 1008, DB,   0, , 0, 0, 0, 0, 0, 0, 0, 0, 0, 0, 0, , 0, 0, INVEST,
WP, 20, 2015091412,   , CHP6, 0, 162N, 1526E,  25, 1006, TD,   0, , 0, 0, 0, 0, 0, 0, 0, 0, 0, 0, 0, , 0, 0, TWENTY,
WP, 20, 2015091418,   , CHP6, 0, 170N, 1523E,  30, 1004, TD,   0, , 0, 0, 0, 0, 0, 0, 0, 0, 0, 0, 0, , 0, 0, TWENTY,
WP, 20, 2015091500,   , CHP6, 0, 177N, 1517E,  35, 1002, TS,   0, , 0, 0, 0, 0, 0, 0, 0, 0, 0, 0, 0, , 0, 0, KROVANH,
WP, 20, 2015091506,   , CHP6, 0, 180N, 1508E,  40, 1000, TS,   0, , 0, 0, 0, 0, 0, 0, 0, 0, 0, 0, 0, , 0, 0, KROVANH,
WP, 20, 2015091512,   , CHP6, 0, 182N, 1499E,  40,  999, TS,   0, , 0, 0, 0, 0, 0, 0, 0, 0, 0, 0, 0, , 0, 0, KROVANH,
WP, 20, 2015091518,   , CHP6, 0, 186N, 1490E,  45,  996, TS,   0, , 0, 0, 0, 0, 0, 0, 0, 0, 0, 0, 0, , 0, 0, KROVANH,
WP, 20, 2015091600,   , CHP6, 0, 188N, 1484E,  50,  995, TS,   0, , 0, 0, 0, 0, 0, 0, 0, 0, 0, 0, 0, , 0, 0, KROVANH,
WP, 20, 2015091606,   , CHP6, 0, 192N, 1475E,  60,  989, TS,   0, , 0, 0, 0, 0, 0, 0, 0, 0, 0, 0, 0, , 0, 0, KROVANH,
WP, 20, 2015091612,   , CHP6, 0, 196N, 1467E,  74,  980, TY,   0, , 0, 0, 0, 0, 0, 0, 0, 0, 0, 0, 0, , 0, 0, KROVANH,
WP, 20, 2015091618,   , CHP6, 0, 201N, 1458E,  98,  962, TY,   0, , 0, 0, 0, 0, 0, 0, 0, 0, 0, 0, 0, , 0, 0, KROVANH,
WP, 20, 2015091700,   , CHP6, 0, 207N, 1451E, 130,  929, ST,   0, , 0, 0, 0, 0, 0, 0, 0, 0, 0, 0, 0, , 0, 0, KROVANH,
WP, 20, 2015091706,   , CHP6, 0, 213N, 1443E, 140,  920, ST,   0, , 0, 0, 0, 0, 0, 0, 0, 0, 0, 0, 0, , 0, 0, KROVANH,
WP, 20, 2015091712,   , CHP6, 0, 220N, 1438E, 120,  940, TY,   0, , 0, 0, 0, 0, 0, 0, 0, 0, 0, 0, 0, , 0, 0, KROVANH,
WP, 20, 2015091718,   , CHP6, 0, 227N, 1432E, 110,  949, TY,   0, , 0, 0, 0, 0, 0, 0, 0, 0, 0, 0, 0, , 0, 0, KROVANH,
WP, 20, 2015091800,   , CHP6, 0, 237N, 1428E, 105,  954, TY,   0, , 0, 0, 0, 0, 0, 0, 0, 0, 0, 0, 0, , 0, 0, KROVANH,
WP, 20, 2015091806,   , CHP6, 0, 247N, 1425E, 110,  949, TY,   0, , 0, 0, 0, 0, 0, 0, 0, 0, 0, 0, 0, , 0, 0, KROVANH,
WP, 20, 2015091812,   , CHP6, 0, 257N, 1425E, 125,  944, TY,   0, , 0, 0, 0, 0, 0, 0, 0, 0, 0, 0, 0, , 0, 0, KROVANH,
WP, 20, 2015091818,   , CHP6, 0, 266N, 1428E, 115,  945, TY,   0, , 0, 0, 0, 0, 0, 0, 0, 0, 0, 0, 0, , 0, 0, KROVANH,
WP, 20, 2015091900,   , CHP6, 0, 275N, 1431E, 110,  952, TY,   0, , 0, 0, 0, 0, 0, 0, 0, 0, 0, 0, 0, , 0, 0, KROVANH,
WP, 20, 2015091906,   , CHP6, 0, 284N, 1437E, 101,  960, TY,   0, , 0, 0, 0, 0, 0, 0, 0, 0, 0, 0, 0, , 0, 0, KROVANH,
WP, 20, 2015091912,   , CHP6, 0, 294N, 1444E,  92,  966, TY,   0, , 0, 0, 0, 0, 0, 0, 0, 0, 0, 0, 0, , 0, 0, KROVANH,
WP, 20, 2015091918,   , CHP6, 0, 305N, 1454E,  85,  970, TY,   0, , 0, 0, 0, 0, 0, 0, 0, 0, 0, 0, 0, , 0, 0, KROVANH,
WP, 20, 2015092000,   , CHP6, 0, 315N, 1463E,  70,  981, TY,   0, , 0, 0, 0, 0, 0, 0, 0, 0, 0, 0, 0, , 0, 0, KROVANH,
WP, 20, 2015092006,   , CHP6, 0, 326N, 1473E,  60,  988, TS,   0, , 0, 0, 0, 0, 0, 0, 0, 0, 0, 0, 0, , 0, 0, KROVANH,
WP, 20, 2015092012,   , CHP6, 0, 336N, 1482E,  48,  993, TS,   0, , 0, 0, 0, 0, 0, 0, 0, 0, 0, 0, 0, , 0, 0, KROVANH,
WP, 20, 2015092018,   , CHP6, 0, 341N, 1486E,  46,  994, TS,   0, , 0, 0, 0, 0, 0, 0, 0, 0, 0, 0, 0, , 0, 0, KROVANH,
WP, 20, 2015092100,   , CHP6, 0, 346N, 1490E,  44,  995, TS,   0, , 0, 0, 0, 0, 0, 0, 0, 0, 0, 0, 0, , 0, 0, KROVANH,
WP, 20, 2015092106,   , CHP6, 0, 352N, 1494E,  42,  996, TS,   0, , 0, 0, 0, 0, 0, 0, 0, 0, 0, 0, 0, , 0, 0, KROVANH,
WP, 20, 2015092112,   , CHP6, 0, 357N, 1498E,  40,  997, TS,   0, , 0, 0, 0, 0, 0, 0, 0, 0, 0, 0, 0, , 0, 0, KROVANH,
WP, 20, 2015092118,   , CHP6, 0, 365N, 1505E,  36,  998, TS,   0, , 0, 0, 0, 0, 0, 0, 0, 0, 0, 0, 0, , 0, 0, KROVANH,
WP, 20, 2015092200,   , CHP6, 0, 373N, 1512E,  32,  999, EX,   0, , 0, 0, 0, 0, 0, 0, 0, 0, 0, 0, 0, , 0, 0, KROVANH,
WP, 20, 2015092206,   , CHP6, 0, 381N, 1519E,  29, 1000, EX,   0, , 0, 0, 0, 0, 0, 0, 0, 0, 0, 0, 0, , 0, 0, KROVANH,
WP, 20, 2015092212,   , CHP6, 0, 389N, 1526E,  29, 1000, EX,   0, , 0, 0, 0, 0, 0, 0, 0, 0, 0, 0, 0, , 0, 0, KROVANH,
