CP, 01, 2015071300,   , CHP6, 0, 125N, 1791E,  58,  990, TS,   0, , 0, 0, 0, 0, 0, 0, 0, 0, 0, 0, 0, , 0, 0, HALOLA,
CP, 01, 2015071306,   , CHP6, 0, 129N, 1781E,  65,  986, TY,   0, , 0, 0, 0, 0, 0, 0, 0, 0, 0, 0, 0, , 0, 0, HALOLA,
CP, 01, 2015071312,   , CHP6, 0, 134N, 1770E,  76,  980, TY,   0, , 0, 0, 0, 0, 0, 0, 0, 0, 0, 0, 0, , 0, 0, HALOLA,
CP, 01, 2015071318,   , CHP6, 0, 138N, 1759E,  91,  969, TY,   0, , 0, 0, 0, 0, 0, 0, 0, 0, 0, 0, 0, , 0, 0, HALOLA,
CP, 01, 2015071400,   , CHP6, 0, 142N, 1748E, 112,  951, TY,   0, , 0, 0, 0, 0, 0, 0, 0, 0, 0, 0, 0, , 0, 0, HALOLA,
CP, 01, 2015071406,   , CHP6, 0, 146N, 1737E, 139,  922, ST,   0, , 0, 0, 0, 0, 0, 0, 0, 0, 0, 0, 0, , 0, 0, HALOLA,
CP, 01, 2015071412,   , CHP6, 0, 150N, 1726E, 150,  903, ST,   0, , 0, 0, 0, 0, 0, 0, 0, 0, 0, 0, 0, , 0, 0, HALOLA,
CP, 01, 2015071418,   , CHP6, 0, 154N, 1715E, 141,  912, ST,   0, , 0, 0, 0, 0, 0, 0, 0, 0, 0, 0, 0, , 0, 0, HALOLA,
CP, 01, 2015071500,   , CHP6, 0, 159N, 1705E, 130,  925, ST,   0, , 0, 0, 0, 0, 0, 0, 0, 0, 0, 0, 0, , 0, 0, HALOLA,
CP, 01, 2015071506,   , CHP6, 0, 163N, 1694E, 123,  934, TY,   0, , 0, 0, 0, 0, 0, 0, 0, 0, 0, 0, 0, , 0, 0, HALOLA,
CP, 01, 2015071512,   , CHP6, 0, 168N, 1684E, 119,  939, TY,   0, , 0, 0, 0, 0, 0, 0, 0, 0, 0, 0, 0, , 0, 0, HALOLA,
CP, 01, 2015071518,   , CHP6, 0, 173N, 1674E, 120,  938, TY,   0, , 0, 0, 0, 0, 0, 0, 0, 0, 0, 0, 0, , 0, 0, HALOLA,
CP, 01, 2015071600,   , CHP6, 0, 178N, 1663E, 119,  939, TY,   0, , 0, 0, 0, 0, 0, 0, 0, 0, 0, 0, 0, , 0, 0, HALOLA,
CP, 01, 2015071606,   , CHP6, 0, 184N, 1653E, 118,  940, TY,   0, , 0, 0, 0, 0, 0, 0, 0, 0, 0, 0, 0, , 0, 0, HALOLA,
CP, 01, 2015071612,   , CHP6, 0, 187N, 1643E, 115,  944, TY,   0, , 0, 0, 0, 0, 0, 0, 0, 0, 0, 0, 0, , 0, 0, HALOLA,
CP, 01, 2015071618,   , CHP6, 0, 189N, 1634E, 111,  949, TY,   0, , 0, 0, 0, 0, 0, 0, 0, 0, 0, 0, 0, , 0, 0, HALOLA,
CP, 01, 2015071700,   , CHP6, 0, 190N, 1623E, 130,  929, ST,   0, , 0, 0, 0, 0, 0, 0, 0, 0, 0, 0, 0, , 0, 0, HALOLA,
CP, 01, 2015071706,   , CHP6, 0, 191N, 1612E, 146,  910, ST,   0, , 0, 0, 0, 0, 0, 0, 0, 0, 0, 0, 0, , 0, 0, HALOLA,
CP, 01, 2015071712,   , CHP6, 0, 192N, 1601E, 149,  907, ST,   0, , 0, 0, 0, 0, 0, 0, 0, 0, 0, 0, 0, , 0, 0, HALOLA,
CP, 01, 2015071718,   , CHP6, 0, 193N, 1589E, 139,  916, ST,   0, , 0, 0, 0, 0, 0, 0, 0, 0, 0, 0, 0, , 0, 0, HALOLA,
CP, 01, 2015071800,   , CHP6, 0, 195N, 1578E, 126,  930, TY,   0, , 0, 0, 0, 0, 0, 0, 0, 0, 0, 0, 0, , 0, 0, HALOLA,
CP, 01, 2015071806,   , CHP6, 0, 198N, 1566E, 117,  940, TY,   0, , 0, 0, 0, 0, 0, 0, 0, 0, 0, 0, 0, , 0, 0, HALOLA,
CP, 01, 2015071812,   , CHP6, 0, 200N, 1555E, 118,  939, TY,   0, , 0, 0, 0, 0, 0, 0, 0, 0, 0, 0, 0, , 0, 0, HALOLA,
CP, 01, 2015071818,   , CHP6, 0, 203N, 1543E, 125,  932, TY,   0, , 0, 0, 0, 0, 0, 0, 0, 0, 0, 0, 0, , 0, 0, HALOLA,
CP, 01, 2015071900,   , CHP6, 0, 208N, 1532E, 127,  929, TY,   0, , 0, 0, 0, 0, 0, 0, 0, 0, 0, 0, 0, , 0, 0, HALOLA,
CP, 01, 2015071906,   , CHP6, 0, 213N, 1521E, 123,  934, TY,   0, , 0, 0, 0, 0, 0, 0, 0, 0, 0, 0, 0, , 0, 0, HALOLA,
CP, 01, 2015071912,   , CHP6, 0, 217N, 1510E, 121,  937, TY,   0, , 0, 0, 0, 0, 0, 0, 0, 0, 0, 0, 0, , 0, 0, HALOLA,
CP, 01, 2015071918,   , CHP6, 0, 222N, 1499E, 118,  940, TY,   0, , 0, 0, 0, 0, 0, 0, 0, 0, 0, 0, 0, , 0, 0, HALOLA,
CP, 01, 2015072000,   , CHP6, 0, 226N, 1490E, 114,  944, TY,   0, , 0, 0, 0, 0, 0, 0, 0, 0, 0, 0, 0, , 0, 0, HALOLA,
CP, 01, 2015072006,   , CHP6, 0, 230N, 1481E, 108,  950, TY,   0, , 0, 0, 0, 0, 0, 0, 0, 0, 0, 0, 0, , 0, 0, HALOLA,
CP, 01, 2015072012,   , CHP6, 0, 235N, 1472E, 104,  954, TY,   0, , 0, 0, 0, 0, 0, 0, 0, 0, 0, 0, 0, , 0, 0, HALOLA,
CP, 01, 2015072018,   , CHP6, 0, 239N, 1463E, 101,  958, TY,   0, , 0, 0, 0, 0, 0, 0, 0, 0, 0, 0, 0, , 0, 0, HALOLA,
CP, 01, 2015072100,   , CHP6, 0, 243N, 1451E,  97,  982, TY,   0, , 0, 0, 0, 0, 0, 0, 0, 0, 0, 0, 0, , 0, 0, HALOLA,
CP, 01, 2015072106,   , CHP6, 0, 247N, 1438E,  95,  979, TY,   0, , 0, 0, 0, 0, 0, 0, 0, 0, 0, 0, 0, , 0, 0, HALOLA,
CP, 01, 2015072112,   , CHP6, 0, 252N, 1425E,  93,  976, TY,   0, , 0, 0, 0, 0, 0, 0, 0, 0, 0, 0, 0, , 0, 0, HALOLA,
CP, 01, 2015072118,   , CHP6, 0, 255N, 1412E,  92,  974, TY,   0, , 0, 0, 0, 0, 0, 0, 0, 0, 0, 0, 0, , 0, 0, HALOLA,
CP, 01, 2015072200,   , CHP6, 0, 258N, 1399E,  90,  966, TY,   0, , 0, 0, 0, 0, 0, 0, 0, 0, 0, 0, 0, , 0, 0, HALOLA,
CP, 01, 2015072206,   , CHP6, 0, 260N, 1387E,  93,  963, TY,   0, , 0, 0, 0, 0, 0, 0, 0, 0, 0, 0, 0, , 0, 0, HALOLA,
CP, 01, 2015072212,   , CHP6, 0, 261N, 1376E,  93,  963, TY,   0, , 0, 0, 0, 0, 0, 0, 0, 0, 0, 0, 0, , 0, 0, HALOLA,
CP, 01, 2015072218,   , CHP6, 0, 262N, 1370E,  84,  969, TY,   0, , 0, 0, 0, 0, 0, 0, 0, 0, 0, 0, 0, , 0, 0, HALOLA,
CP, 01, 2015072300,   , CHP6, 0, 263N, 1363E,  73,  976, TY,   0, , 0, 0, 0, 0, 0, 0, 0, 0, 0, 0, 0, , 0, 0, HALOLA,
CP, 01, 2015072306,   , CHP6, 0, 264N, 1356E,  67,  979, TY,   0, , 0, 0, 0, 0, 0, 0, 0, 0, 0, 0, 0, , 0, 0, HALOLA,
CP, 01, 2015072312,   , CHP6, 0, 265N, 1350E,  66,  980, TY,   0, , 0, 0, 0, 0, 0, 0, 0, 0, 0, 0, 0, , 0, 0, HALOLA,
CP, 01, 2015072318,   , CHP6, 0, 266N, 1344E,  67,  982, TY,   0, , 0, 0, 0, 0, 0, 0, 0, 0, 0, 0, 0, , 0, 0, HALOLA,
CP, 01, 2015072400,   , CHP6, 0, 267N, 1337E,  68,  982, TY,   0, , 0, 0, 0, 0, 0, 0, 0, 0, 0, 0, 0, , 0, 0, HALOLA,
CP, 01, 2015072406,   , CHP6, 0, 267N, 1331E,  57,  986, TS,   0, , 0, 0, 0, 0, 0, 0, 0, 0, 0, 0, 0, , 0, 0, HALOLA,
CP, 01, 2015072412,   , CHP6, 0, 268N, 1323E,  52,  990, TS,   0, , 0, 0, 0, 0, 0, 0, 0, 0, 0, 0, 0, , 0, 0, HALOLA,
CP, 01, 2015072418,   , CHP6, 0, 270N, 1313E,  52,  991, TS,   0, , 0, 0, 0, 0, 0, 0, 0, 0, 0, 0, 0, , 0, 0, HALOLA,
CP, 01, 2015072500,   , CHP6, 0, 272N, 1300E,  59,  988, TS,   0, , 0, 0, 0, 0, 0, 0, 0, 0, 0, 0, 0, , 0, 0, HALOLA,
CP, 01, 2015072506,   , CHP6, 0, 278N, 1290E,  66,  984, TY,   0, , 0, 0, 0, 0, 0, 0, 0, 0, 0, 0, 0, , 0, 0, HALOLA,
CP, 01, 2015072512,   , CHP6, 0, 285N, 1284E,  69,  983, TY,   0, , 0, 0, 0, 0, 0, 0, 0, 0, 0, 0, 0, , 0, 0, HALOLA,
CP, 01, 2015072518,   , CHP6, 0, 298N, 1283E,  69,  983, TY,   0, , 0, 0, 0, 0, 0, 0, 0, 0, 0, 0, 0, , 0, 0, HALOLA,
CP, 01, 2015072600,   , CHP6, 0, 312N, 1284E,  67,  986, TY,   0, , 0, 0, 0, 0, 0, 0, 0, 0, 0, 0, 0, , 0, 0, HALOLA,
CP, 01, 2015072606,   , CHP6, 0, 329N, 1290E,  66,  987, TY,   0, , 0, 0, 0, 0, 0, 0, 0, 0, 0, 0, 0, , 0, 0, HALOLA,
CP, 01, 2015072612,   , CHP6, 0, 344N, 1301E,  59,  989, TS,   0, , 0, 0, 0, 0, 0, 0, 0, 0, 0, 0, 0, , 0, 0, HALOLA,
CP, 01, 2015072618,   , CHP6, 0, 354N, 1317E,  55,  990, TS,   0, , 0, 0, 0, 0, 0, 0, 0, 0, 0, 0, 0, , 0, 0, HALOLA,
CP, 01, 2015072700,   , CHP6, 0, 364N, 1337E,  53,  991, TS,   0, , 0, 0, 0, 0, 0, 0, 0, 0, 0, 0, 0, , 0, 0, HALOLA,
CP, 01, 2015072706,   , CHP6, 0, 374N, 1356E,  51,  992, EX,   0, , 0, 0, 0, 0, 0, 0, 0, 0, 0, 0, 0, , 0, 0, HALOLA,
CP, 01, 2015072712,   , CHP6, 0, 384N, 1375E,  50,  993, EX,   0, , 0, 0, 0, 0, 0, 0, 0, 0, 0, 0, 0, , 0, 0, HALOLA,
