WP, 95, 2023080600,   , BEST, 0, 232N, 1478E,  20, 1004, DB,   0, , 0, 0, 0, 0, 0, 0, 0, 0, 0, 0, 0, , 0, 0, INVEST,
WP, 95, 2023080606,   , BEST, 0, 233N, 1480E,  20, 1004, DB,   0, , 0, 0, 0, 0, 0, 0, 0, 0, 0, 0, 0, , 0, 0, INVEST,
WP, 95, 2023080612,   , BEST, 0, 235N, 1482E,  20, 1004, DB,   0, , 0, 0, 0, 0, 0, 0, 0, 0, 0, 0, 0, , 0, 0, INVEST,
WP, 07, 2023080618,   , BEST, 0, 237N, 1485E,  25, 1002, TD,   0, , 0, 0, 0, 0, 0, 0, 0, 0, 0, 0, 0, , 0, 0, SEVEN,
WP, 07, 2023080700,   , BEST, 0, 239N, 1489E,  30, 1000, TD,   0, , 0, 0, 0, 0, 0, 0, 0, 0, 0, 0, 0, , 0, 0, SEVEN,
WP, 07, 2023080706,   , BEST, 0, 239N, 1492E,  30,  999, TD,   0, , 0, 0, 0, 0, 0, 0, 0, 0, 0, 0, 0, , 0, 0, SEVEN,
WP, 07, 2023080712,   , BEST, 0, 238N, 1493E,  30,  999, TD,   0, , 0, 0, 0, 0, 0, 0, 0, 0, 0, 0, 0, , 0, 0, SEVEN,
WP, 07, 2023080718,   , BEST, 0, 238N, 1492E,  35,  997, TS,   0, , 0, 0, 0, 0, 0, 0, 0, 0, 0, 0, 0, , 0, 0, LAN,
WP, 07, 2023080800,   , BEST, 0, 239N, 1488E,  40,  995, TS,   0, , 0, 0, 0, 0, 0, 0, 0, 0, 0, 0, 0, , 0, 0, LAN,
WP, 07, 2023080806,   , BEST, 0, 240N, 1484E,  45,  992, TS,   0, , 0, 0, 0, 0, 0, 0, 0, 0, 0, 0, 0, , 0, 0, LAN,
WP, 07, 2023080812,   , BEST, 0, 242N, 1479E,  50,  989, TS,   0, , 0, 0, 0, 0, 0, 0, 0, 0, 0, 0, 0, , 0, 0, LAN,
WP, 07, 2023080818,   , BEST, 0, 244N, 1472E,  62,  986, TS,   0, , 0, 0, 0, 0, 0, 0, 0, 0, 0, 0, 0, , 0, 0, LAN,
WP, 07, 2023080900,   , BEST, 0, 245N, 1465E,  61,  987, TS,   0, , 0, 0, 0, 0, 0, 0, 0, 0, 0, 0, 0, , 0, 0, LAN,
WP, 07, 2023080906,   , BEST, 0, 246N, 1458E,  66,  984, TY,   0, , 0, 0, 0, 0, 0, 0, 0, 0, 0, 0, 0, , 0, 0, LAN,
WP, 07, 2023080912,   , BEST, 0, 248N, 1452E,  62,  986, TS,   0, , 0, 0, 0, 0, 0, 0, 0, 0, 0, 0, 0, , 0, 0, LAN,
WP, 07, 2023080918,   , BEST, 0, 251N, 1445E,  70,  981, TY,   0, , 0, 0, 0, 0, 0, 0, 0, 0, 0, 0, 0, , 0, 0, LAN,
WP, 07, 2023081000,   , BEST, 0, 254N, 1440E,  79,  975, TY,   0, , 0, 0, 0, 0, 0, 0, 0, 0, 0, 0, 0, , 0, 0, LAN,
WP, 07, 2023081006,   , BEST, 0, 257N, 1435E,  89,  967, TY,   0, , 0, 0, 0, 0, 0, 0, 0, 0, 0, 0, 0, , 0, 0, LAN,
WP, 07, 2023081012,   , BEST, 0, 261N, 1431E, 100,  958, TY,   0, , 0, 0, 0, 0, 0, 0, 0, 0, 0, 0, 0, , 0, 0, LAN,
WP, 07, 2023081018,   , BEST, 0, 265N, 1429E, 112,  947, TY,   0, , 0, 0, 0, 0, 0, 0, 0, 0, 0, 0, 0, , 0, 0, LAN,
WP, 07, 2023081100,   , BEST, 0, 270N, 1428E, 118,  940, TY,   0, , 0, 0, 0, 0, 0, 0, 0, 0, 0, 0, 0, , 0, 0, LAN,
WP, 07, 2023081106,   , BEST, 0, 276N, 1427E, 119,  938, TY,   0, , 0, 0, 0, 0, 0, 0, 0, 0, 0, 0, 0, , 0, 0, LAN,
WP, 07, 2023081112,   , BEST, 0, 281N, 1424E, 110,  945, TY,   0, , 0, 0, 0, 0, 0, 0, 0, 0, 0, 0, 0, , 0, 0, LAN,
WP, 07, 2023081118,   , BEST, 0, 285N, 1419E, 103,  954, TY,   0, , 0, 0, 0, 0, 0, 0, 0, 0, 0, 0, 0, , 0, 0, LAN,
WP, 07, 2023081200,   , BEST, 0, 289N, 1414E, 102,  955, TY,   0, , 0, 0, 0, 0, 0, 0, 0, 0, 0, 0, 0, , 0, 0, LAN,
WP, 07, 2023081206,   , BEST, 0, 294N, 1410E, 102,  956, TY,   0, , 0, 0, 0, 0, 0, 0, 0, 0, 0, 0, 0, , 0, 0, LAN,
WP, 07, 2023081212,   , BEST, 0, 299N, 1405E, 101,  955, TY,   0, , 0, 0, 0, 0, 0, 0, 0, 0, 0, 0, 0, , 0, 0, LAN,
WP, 07, 2023081218,   , BEST, 0, 304N, 1402E, 100,  956, TY,   0, , 0, 0, 0, 0, 0, 0, 0, 0, 0, 0, 0, , 0, 0, LAN,
WP, 07, 2023081300,   , BEST, 0, 309N, 1398E,  98,  957, TY,   0, , 0, 0, 0, 0, 0, 0, 0, 0, 0, 0, 0, , 0, 0, LAN,
WP, 07, 2023081306,   , BEST, 0, 314N, 1394E,  95,  960, TY,   0, , 0, 0, 0, 0, 0, 0, 0, 0, 0, 0, 0, , 0, 0, LAN,
WP, 07, 2023081312,   , BEST, 0, 319N, 1391E,  92,  963, TY,   0, , 0, 0, 0, 0, 0, 0, 0, 0, 0, 0, 0, , 0, 0, LAN,
WP, 07, 2023081318,   , BEST, 0, 325N, 1389E,  89,  965, TY,   0, , 0, 0, 0, 0, 0, 0, 0, 0, 0, 0, 0, , 0, 0, LAN,
WP, 07, 2023081400,   , BEST, 0, 330N, 1387E,  87,  967, TY,   0, , 0, 0, 0, 0, 0, 0, 0, 0, 0, 0, 0, , 0, 0, LAN,
WP, 07, 2023081406,   , BEST, 0, 336N, 1386E,  85,  969, TY,   0, , 0, 0, 0, 0, 0, 0, 0, 0, 0, 0, 0, , 0, 0, LAN,
WP, 07, 2023081412,   , BEST, 0, 342N, 1385E,  85,  969, TY,   0, , 0, 0, 0, 0, 0, 0, 0, 0, 0, 0, 0, , 0, 0, LAN,
WP, 07, 2023081418,   , BEST, 0, 348N, 1384E,  85,  969, TY,   0, , 0, 0, 0, 0, 0, 0, 0, 0, 0, 0, 0, , 0, 0, LAN,
WP, 07, 2023081500,   , BEST, 0, 354N, 1383E,  76,  975, TY,   0, , 0, 0, 0, 0, 0, 0, 0, 0, 0, 0, 0, , 0, 0, LAN,
WP, 07, 2023081506,   , BEST, 0, 360N, 1382E,  58,  985, TS,   0, , 0, 0, 0, 0, 0, 0, 0, 0, 0, 0, 0, , 0, 0, LAN,
WP, 07, 2023081512,   , BEST, 0, 366N, 1381E,  46,  990, TS,   0, , 0, 0, 0, 0, 0, 0, 0, 0, 0, 0, 0, , 0, 0, LAN,
WP, 07, 2023081518,   , BEST, 0, 372N, 1380E,  47,  993, TS,   0, , 0, 0, 0, 0, 0, 0, 0, 0, 0, 0, 0, , 0, 0, LAN,
WP, 07, 2023081600,   , BEST, 0, 379N, 1379E,  48,  992, TS,   0, , 0, 0, 0, 0, 0, 0, 0, 0, 0, 0, 0, , 0, 0, LAN,
WP, 07, 2023081606,   , BEST, 0, 391N, 1380E,  49,  991, TS,   0, , 0, 0, 0, 0, 0, 0, 0, 0, 0, 0, 0, , 0, 0, LAN,
WP, 07, 2023081612,   , BEST, 0, 403N, 1383E,  47,  992, TS,   0, , 0, 0, 0, 0, 0, 0, 0, 0, 0, 0, 0, , 0, 0, LAN,
WP, 07, 2023081618,   , BEST, 0, 415N, 1390E,  48,  993, TS,   0, , 0, 0, 0, 0, 0, 0, 0, 0, 0, 0, 0, , 0, 0, LAN,
WP, 07, 2023081700,   , BEST, 0, 429N, 1403E,  47,  993, TS,   0, , 0, 0, 0, 0, 0, 0, 0, 0, 0, 0, 0, , 0, 0, LAN,
WP, 07, 2023081706,   , BEST, 0, 443N, 1419E,  41,  996, TS,   0, , 0, 0, 0, 0, 0, 0, 0, 0, 0, 0, 0, , 0, 0, LAN,
WP, 07, 2023081712,   , BEST, 0, 457N, 1434E,  39,  996, EX,   0, , 0, 0, 0, 0, 0, 0, 0, 0, 0, 0, 0, , 0, 0, LAN,
WP, 07, 2023081718,   , BEST, 0, 471N, 1449E,  38,  996, EX,   0, , 0, 0, 0, 0, 0, 0, 0, 0, 0, 0, 0, , 0, 0, LAN,
