WP, 08, 2023082412,   , BEST, 0, 161N, 1500E,  25,  996, TD,   0, , 0, 0, 0, 0, 0, 0, 0, 0, 0, 0, 0, , 0, 0, EIGHT,
WP, 08, 2023082418,   , BEST, 0, 169N, 1523E,  30,  997, TD,   0, , 0, 0, 0, 0, 0, 0, 0, 0, 0, 0, 0, , 0, 0, EIGHT,  
WP, 08, 2023082500,   , BEST, 0, 189N, 1547E,  40,  994, TS,   0, , 0, 0, 0, 0, 0, 0, 0, 0, 0, 0, 0, , 0, 0, DAMREY,
WP, 08, 2023082506,   , BEST, 0, 201N, 1555E,  40,  993, TS,   0, , 0, 0, 0, 0, 0, 0, 0, 0, 0, 0, 0, , 0, 0, DAMREY,
WP, 08, 2023082512,   , BEST, 0, 215N, 1556E,  57,  993, TS,   0, , 0, 0, 0, 0, 0, 0, 0, 0, 0, 0, 0, , 0, 0, DAMREY,
WP, 08, 2023082518,   , BEST, 0, 230N, 1553E,  69,  987, TY,   0, , 0, 0, 0, 0, 0, 0, 0, 0, 0, 0, 0, , 0, 0, DAMREY,
WP, 08, 2023082600,   , BEST, 0, 244N, 1543E,  82,  979, TY,   0, , 0, 0, 0, 0, 0, 0, 0, 0, 0, 0, 0, , 0, 0, DAMREY,
WP, 08, 2023082606,   , BEST, 0, 259N, 1533E,  97,  968, TY,   0, , 0, 0, 0, 0, 0, 0, 0, 0, 0, 0, 0, , 0, 0, DAMREY,
WP, 08, 2023082612,   , BEST, 0, 275N, 1519E, 109,  958, TY,   0, , 0, 0, 0, 0, 0, 0, 0, 0, 0, 0, 0, , 0, 0, DAMREY,
WP, 08, 2023082618,   , BEST, 0, 291N, 1504E, 118,  951, TY,   0, , 0, 0, 0, 0, 0, 0, 0, 0, 0, 0, 0, , 0, 0, DAMREY,
WP, 08, 2023082700,   , BEST, 0, 310N, 1493E, 123,  947, TY,   0, , 0, 0, 0, 0, 0, 0, 0, 0, 0, 0, 0, , 0, 0, DAMREY,
WP, 08, 2023082706,   , BEST, 0, 328N, 1483E, 113,  952, TY,   0, , 0, 0, 0, 0, 0, 0, 0, 0, 0, 0, 0, , 0, 0, DAMREY,
WP, 08, 2023082712,   , BEST, 0, 345N, 1480E,  98,  964, TY,   0, , 0, 0, 0, 0, 0, 0, 0, 0, 0, 0, 0, , 0, 0, DAMREY,
WP, 08, 2023082718,   , BEST, 0, 362N, 1478E,  94,  967, TY,   0, , 0, 0, 0, 0, 0, 0, 0, 0, 0, 0, 0, , 0, 0, DAMREY,
WP, 08, 2023082800,   , BEST, 0, 378N, 1476E,  85,  974, TY,   0, , 0, 0, 0, 0, 0, 0, 0, 0, 0, 0, 0, , 0, 0, DAMREY,
WP, 08, 2023082806,   , BEST, 0, 395N, 1486E,  65,  985, TY,   0, , 0, 0, 0, 0, 0, 0, 0, 0, 0, 0, 0, , 0, 0, DAMREY,
WP, 08, 2023082812,   , BEST, 0, 406N, 1500E,  58,  988, TS,   0, , 0, 0, 0, 0, 0, 0, 0, 0, 0, 0, 0, , 0, 0, DAMREY,
WP, 08, 2023082818,   , BEST, 0, 416N, 1524E,  56,  989, TS,   0, , 0, 0, 0, 0, 0, 0, 0, 0, 0, 0, 0, , 0, 0, DAMREY,
WP, 08, 2023082900,   , BEST, 0, 427N, 1548E,  55,  992, EX,   0, , 0, 0, 0, 0, 0, 0, 0, 0, 0, 0, 0, , 0, 0, DAMREY,
WP, 08, 2023082906,   , BEST, 0, 437N, 1572E,  53,  992, EX,   0, , 0, 0, 0, 0, 0, 0, 0, 0, 0, 0, 0, , 0, 0, DAMREY,
