WP, 98, 2023072012,   , BEST, 0, 132N, 1338E,  20, 1004, DB,   0, , 0, 0, 0, 0, 0, 0, 0, 0, 0, 0, 0, , 0, 0, INVEST,
WP, 98, 2023072018,   , BEST, 0, 137N, 1336E,  20, 1002, DB,   0, , 0, 0, 0, 0, 0, 0, 0, 0, 0, 0, 0, , 0, 0, INVEST,
WP, 98, 2023072100,   , BEST, 0, 141N, 1333E,  20, 1001, DB,   0, , 0, 0, 0, 0, 0, 0, 0, 0, 0, 0, 0, , 0, 0, INVEST,
WP, 05, 2023072106,   , BEST, 0, 143N, 1329E,  25, 1001, TD,   0, , 0, 0, 0, 0, 0, 0, 0, 0, 0, 0, 0, , 0, 0, FIVE,
WP, 05, 2023072112,   , BEST, 0, 144N, 1323E,  30,  999, TD,   0, , 0, 0, 0, 0, 0, 0, 0, 0, 0, 0, 0, , 0, 0, FIVE,
WP, 05, 2023072118,   , BEST, 0, 145N, 1316E,  30,  998, TD,   0, , 0, 0, 0, 0, 0, 0, 0, 0, 0, 0, 0, , 0, 0, FIVE,
WP, 05, 2023072200,   , BEST, 0, 145N, 1309E,  35,  995, TS,   0, , 0, 0, 0, 0, 0, 0, 0, 0, 0, 0, 0, , 0, 0, DOKSURI,
WP, 05, 2023072206,   , BEST, 0, 145N, 1304E,  40,  992, TS,   0, , 0, 0, 0, 0, 0, 0, 0, 0, 0, 0, 0, , 0, 0, DOKSURI,
WP, 05, 2023072212,   , BEST, 0, 146N, 1300E,  40,  997, TS,   0, , 0, 0, 0, 0, 0, 0, 0, 0, 0, 0, 0, , 0, 0, DOKSURI,
WP, 05, 2023072218,   , BEST, 0, 147N, 1296E,  44,  995, TS,   0, , 0, 0, 0, 0, 0, 0, 0, 0, 0, 0, 0, , 0, 0, DOKSURI,
WP, 05, 2023072300,   , BEST, 0, 148N, 1290E,  50,  992, TS,   0, , 0, 0, 0, 0, 0, 0, 0, 0, 0, 0, 0, , 0, 0, DOKSURI,
WP, 05, 2023072306,   , BEST, 0, 149N, 1284E,  67,  983, TY,   0, , 0, 0, 0, 0, 0, 0, 0, 0, 0, 0, 0, , 0, 0, DOKSURI,
WP, 05, 2023072312,   , BEST, 0, 150N, 1276E,  82,  973, TY,   0, , 0, 0, 0, 0, 0, 0, 0, 0, 0, 0, 0, , 0, 0, DOKSURI,
WP, 05, 2023072318,   , BEST, 0, 152N, 1270E, 106,  952, TY,   0, , 0, 0, 0, 0, 0, 0, 0, 0, 0, 0, 0, , 0, 0, DOKSURI,
WP, 05, 2023072400,   , BEST, 0, 155N, 1265E, 133,  922, ST,   0, , 0, 0, 0, 0, 0, 0, 0, 0, 0, 0, 0, , 0, 0, DOKSURI,
WP, 05, 2023072406,   , BEST, 0, 159N, 1259E, 158,  891, ST,   0, , 0, 0, 0, 0, 0, 0, 0, 0, 0, 0, 0, , 0, 0, DOKSURI,
WP, 05, 2023072412,   , BEST, 0, 164N, 1254E, 170,  873, ST,   0, , 0, 0, 0, 0, 0, 0, 0, 0, 0, 0, 0, , 0, 0, DOKSURI,
WP, 05, 2023072418,   , BEST, 0, 171N, 1251E, 151,  899, ST,   0, , 0, 0, 0, 0, 0, 0, 0, 0, 0, 0, 0, , 0, 0, DOKSURI,
WP, 05, 2023072500,   , BEST, 0, 177N, 1245E, 145,  905, ST,   0, , 0, 0, 0, 0, 0, 0, 0, 0, 0, 0, 0, , 0, 0, DOKSURI,
WP, 05, 2023072506,   , BEST, 0, 181N, 1237E, 122,  933, TY,   0, , 0, 0, 0, 0, 0, 0, 0, 0, 0, 0, 0, , 0, 0, DOKSURI,
WP, 05, 2023072512,   , BEST, 0, 186N, 1229E, 129,  927, ST,   0, , 0, 0, 0, 0, 0, 0, 0, 0, 0, 0, 0, , 0, 0, DOKSURI,
WP, 05, 2023072518,   , BEST, 0, 191N, 1223E, 129,  928, ST,   0, , 0, 0, 0, 0, 0, 0, 0, 0, 0, 0, 0, , 0, 0, DOKSURI,
WP, 05, 2023072600,   , BEST, 0, 197N, 1217E, 131,  926, ST,   0, , 0, 0, 0, 0, 0, 0, 0, 0, 0, 0, 0, , 0, 0, DOKSURI,
WP, 05, 2023072606,   , BEST, 0, 202N, 1212E, 137,  920, ST,   0, , 0, 0, 0, 0, 0, 0, 0, 0, 0, 0, 0, , 0, 0, DOKSURI,
WP, 05, 2023072612,   , BEST, 0, 207N, 1207E, 138,  916, ST,   0, , 0, 0, 0, 0, 0, 0, 0, 0, 0, 0, 0, , 0, 0, DOKSURI,
WP, 05, 2023072618,   , BEST, 0, 213N, 1203E, 137,  917, ST,   0, , 0, 0, 0, 0, 0, 0, 0, 0, 0, 0, 0, , 0, 0, DOKSURI,
WP, 05, 2023072700,   , BEST, 0, 219N, 1199E, 129,  925, ST,   0, , 0, 0, 0, 0, 0, 0, 0, 0, 0, 0, 0, , 0, 0, DOKSURI,
WP, 05, 2023072706,   , BEST, 0, 225N, 1194E, 121,  935, TY,   0, , 0, 0, 0, 0, 0, 0, 0, 0, 0, 0, 0, , 0, 0, DOKSURI,
WP, 05, 2023072712,   , BEST, 0, 231N, 1190E, 117,  940, TY,   0, , 0, 0, 0, 0, 0, 0, 0, 0, 0, 0, 0, , 0, 0, DOKSURI,
WP, 05, 2023072718,   , BEST, 0, 240N, 1186E, 117,  941, TY,   0, , 0, 0, 0, 0, 0, 0, 0, 0, 0, 0, 0, , 0, 0, DOKSURI,
WP, 05, 2023072800,   , BEST, 0, 248N, 1182E,  92,  963, TY,   0, , 0, 0, 0, 0, 0, 0, 0, 0, 0, 0, 0, , 0, 0, DOKSURI,
WP, 05, 2023072806,   , BEST, 0, 257N, 1177E,  67,  979, TY,   0, , 0, 0, 0, 0, 0, 0, 0, 0, 0, 0, 0, , 0, 0, DOKSURI,
WP, 05, 2023072812,   , BEST, 0, 265N, 1174E,  53,  987, TS,   0, , 0, 0, 0, 0, 0, 0, 0, 0, 0, 0, 0, , 0, 0, DOKSURI,
WP, 05, 2023072818,   , BEST, 0, 277N, 1171E,  44,  991, TS,   0, , 0, 0, 0, 0, 0, 0, 0, 0, 0, 0, 0, , 0, 0, DOKSURI,
WP, 05, 2023072900,   , BEST, 0, 288N, 1169E,  39,  994, TS,   0, , 0, 0, 0, 0, 0, 0, 0, 0, 0, 0, 0, , 0, 0, DOKSURI,
WP, 05, 2023072906,   , BEST, 0, 300N, 1167E,  35,  994, TS,   0, , 0, 0, 0, 0, 0, 0, 0, 0, 0, 0, 0, , 0, 0, DOKSURI,
WP, 05, 2023072912,   , BEST, 0, 312N, 1165E,  32,  996, EX,   0, , 0, 0, 0, 0, 0, 0, 0, 0, 0, 0, 0, , 0, 0, DOKSURI,
WP, 05, 2023072918,   , BEST, 0, 325N, 1163E,  28,  999, EX,   0, , 0, 0, 0, 0, 0, 0, 0, 0, 0, 0, 0, , 0, 0, DOKSURI,
