WP, 95, 2023111018,   , BEST, 0,  65N, 1469E,  15, 1012, DB,   0, , 0, 0, 0, 0, 0, 0, 0, 0, 0, 0, 0, , 0, 0, INVEST,
WP, 95, 2023111100,   , BEST, 0,  64N, 1462E,  15, 1012, DB,   0, , 0, 0, 0, 0, 0, 0, 0, 0, 0, 0, 0, , 0, 0, INVEST,
WP, 95, 2023111106,   , BEST, 0,  62N, 1455E,  20, 1010, DB,   0, , 0, 0, 0, 0, 0, 0, 0, 0, 0, 0, 0, , 0, 0, INVEST,
WP, 17, 2023111112,   , BEST, 0,  62N, 1445E,  30, 1006, TD,   0, , 0, 0, 0, 0, 0, 0, 0, 0, 0, 0, 0, , 0, 0, SEVENTEEN,
WP, 17, 2023111118,   , BEST, 0,  63N, 1434E,  30, 1006, TD,   0, , 0, 0, 0, 0, 0, 0, 0, 0, 0, 0, 0, , 0, 0, SEVENTEEN,
WP, 17, 2023111200,   , BEST, 0,  65N, 1422E,  30, 1007, TD,   0, , 0, 0, 0, 0, 0, 0, 0, 0, 0, 0, 0, , 0, 0, SEVENTEEN,
WP, 17, 2023111206,   , BEST, 0,  69N, 1411E,  25, 1009, TD,   0, , 0, 0, 0, 0, 0, 0, 0, 0, 0, 0, 0, , 0, 0, SEVENTEEN,
WP, 17, 2023111212,   , BEST, 0,  72N, 1401E,  25, 1008, TD,   0, , 0, 0, 0, 0, 0, 0, 0, 0, 0, 0, 0, , 0, 0, SEVENTEEN,
WP, 17, 2023111218,   , BEST, 0,  74N, 1396E,  25, 1008, TD,   0, , 0, 0, 0, 0, 0, 0, 0, 0, 0, 0, 0, , 0, 0, SEVENTEEN,
WP, 17, 2023111300,   , BEST, 0,  75N, 1393E,  25, 1008, TD,   0, , 0, 0, 0, 0, 0, 0, 0, 0, 0, 0, 0, , 0, 0, SEVENTEEN,
WP, 17, 2023111306,   , BEST, 0,  74N, 1391E,  20, 1009, DB,   0, , 0, 0, 0, 0, 0, 0, 0, 0, 0, 0, 0, , 0, 0, SEVENTEEN,
WP, 17, 2023111312,   , BEST, 0,  72N, 1390E,  15, 1010, DB,   0, , 0, 0, 0, 0, 0, 0, 0, 0, 0, 0, 0, , 0, 0, SEVENTEEN,
WP, 17, 2023111318,   , BEST, 0,  66N, 1392E,  15, 1010, DB,   0, , 0, 0, 0, 0, 0, 0, 0, 0, 0, 0, 0, , 0, 0, SEVENTEEN,
WP, 17, 2023111400,   , BEST, 0,  60N, 1398E,  20, 1009, DB,   0, , 0, 0, 0, 0, 0, 0, 0, 0, 0, 0, 0, , 0, 0, SEVENTEEN,
WP, 17, 2023111406,   , BEST, 0,  58N, 1400E,  20, 1009, DB,   0, , 0, 0, 0, 0, 0, 0, 0, 0, 0, 0, 0, , 0, 0, SEVENTEEN,
WP, 17, 2023111412,   , BEST, 0,  57N, 1399E,  20, 1008, DB,   0, , 0, 0, 0, 0, 0, 0, 0, 0, 0, 0, 0, , 0, 0, SEVENTEEN,
WP, 17, 2023111418,   , BEST, 0,  58N, 1395E,  25, 1006, TD,   0, , 0, 0, 0, 0, 0, 0, 0, 0, 0, 0, 0, , 0, 0, SEVENTEEN,
WP, 17, 2023111500,   , BEST, 0,  60N, 1389E,  25, 1006, TD,   0, , 0, 0, 0, 0, 0, 0, 0, 0, 0, 0, 0, , 0, 0, SEVENTEEN,
WP, 17, 2023111506,   , BEST, 0,  62N, 1382E,  20, 1007, DB,   0, , 0, 0, 0, 0, 0, 0, 0, 0, 0, 0, 0, , 0, 0, SEVENTEEN,
WP, 17, 2023111512,   , BEST, 0,  65N, 1375E,  15, 1008, DB,   0, , 0, 0, 0, 0, 0, 0, 0, 0, 0, 0, 0, , 0, 0, SEVENTEEN,
WP, 17, 2023111518,   , BEST, 0,  65N, 1369E,  15, 1008, DB,   0, , 0, 0, 0, 0, 0, 0, 0, 0, 0, 0, 0, , 0, 0, SEVENTEEN,
WP, 17, 2023111600,   , BEST, 0,  64N, 1364E,  15, 1007, DB,   0, , 0, 0, 0, 0, 0, 0, 0, 0, 0, 0, 0, , 0, 0, SEVENTEEN,
WP, 17, 2023111606,   , BEST, 0,  64N, 1359E,  20, 1005, DB,   0, , 0, 0, 0, 0, 0, 0, 0, 0, 0, 0, 0, , 0, 0, SEVENTEEN,
WP, 17, 2023111612,   , BEST, 0,  66N, 1353E,  20, 1005, DB,   0, , 0, 0, 0, 0, 0, 0, 0, 0, 0, 0, 0, , 0, 0, SEVENTEEN,
WP, 17, 2023111618,   , BEST, 0,  70N, 1346E,  20, 1004, DB,   0, , 0, 0, 0, 0, 0, 0, 0, 0, 0, 0, 0, , 0, 0, SEVENTEEN,
WP, 17, 2023111700,   , BEST, 0,  76N, 1336E,  20, 1004, DB,   0, , 0, 0, 0, 0, 0, 0, 0, 0, 0, 0, 0, , 0, 0, SEVENTEEN,
WP, 17, 2023111706,   , BEST, 0,  81N, 1325E,  15, 1006, DB,   0, , 0, 0, 0, 0, 0, 0, 0, 0, 0, 0, 0, , 0, 0, SEVENTEEN,
WP, 17, 2023111712,   , BEST, 0,  86N, 1314E,  15, 1006, DB,   0, , 0, 0, 0, 0, 0, 0, 0, 0, 0, 0, 0, , 0, 0, SEVENTEEN,
WP, 17, 2023111718,   , BEST, 0,  90N, 1302E,  15, 1006, DB,   0, , 0, 0, 0, 0, 0, 0, 0, 0, 0, 0, 0, , 0, 0, SEVENTEEN,
WP, 17, 2023111800,   , BEST, 0,  93N, 1287E,  15, 1007, DB,   0, , 0, 0, 0, 0, 0, 0, 0, 0, 0, 0, 0, , 0, 0, SEVENTEEN,
WP, 17, 2023111806,   , BEST, 0,  94N, 1270E,  15, 1007, DB,   0, , 0, 0, 0, 0, 0, 0, 0, 0, 0, 0, 0, , 0, 0, SEVENTEEN,
