WP, 94, 2023082818,   , BEST, 0, 105N, 1565E,  20, 1004, DB,   0, , 0, 0, 0, 0, 0, 0, 0, 0, 0, 0, 0, , 0, 0, INVEST,
WP, 94, 2023082900,   , BEST, 0, 108N, 1561E,  20, 1004, DB,   0, , 0, 0, 0, 0, 0, 0, 0, 0, 0, 0, 0, , 0, 0, INVEST,
WP, 94, 2023082906,   , BEST, 0, 111N, 1556E,  20, 1004, DB,   0, , 0, 0, 0, 0, 0, 0, 0, 0, 0, 0, 0, , 0, 0, INVEST,
WP, 11, 2023082912,   , BEST, 0, 114N, 1550E,  30, 1000, TD,   0, , 0, 0, 0, 0, 0, 0, 0, 0, 0, 0, 0, , 0, 0, ELEVEN,
WP, 11, 2023082918,   , BEST, 0, 118N, 1545E,  35,  998, TS,   0, , 0, 0, 0, 0, 0, 0, 0, 0, 0, 0, 0, , 0, 0, KIROJI,
WP, 11, 2023083000,   , BEST, 0, 122N, 1544E,  40,  996, TS,   0, , 0, 0, 0, 0, 0, 0, 0, 0, 0, 0, 0, , 0, 0, KIROJI,
WP, 11, 2023083006,   , BEST, 0, 127N, 1543E,  55,  992, TS,   0, , 0, 0, 0, 0, 0, 0, 0, 0, 0, 0, 0, , 0, 0, KIROJI,
WP, 11, 2023083012,   , BEST, 0, 135N, 1542E,  70,  983, TY,   0, , 0, 0, 0, 0, 0, 0, 0, 0, 0, 0, 0, , 0, 0, KIROJI,
WP, 11, 2023083018,   , BEST, 0, 144N, 1539E,  84,  973, TY,   0, , 0, 0, 0, 0, 0, 0, 0, 0, 0, 0, 0, , 0, 0, KIROJI,
WP, 11, 2023083100,   , BEST, 0, 154N, 1534E,  95,  965, TY,   0, , 0, 0, 0, 0, 0, 0, 0, 0, 0, 0, 0, , 0, 0, KIROJI,
WP, 11, 2023083106,   , BEST, 0, 165N, 1529E,  99,  963, TY,   0, , 0, 0, 0, 0, 0, 0, 0, 0, 0, 0, 0, , 0, 0, KIROJI,
WP, 11, 2023083112,   , BEST, 0, 176N, 1522E,  95,  967, TY,   0, , 0, 0, 0, 0, 0, 0, 0, 0, 0, 0, 0, , 0, 0, KIROJI,
WP, 11, 2023083118,   , BEST, 0, 187N, 1514E,  93,  970, TY,   0, , 0, 0, 0, 0, 0, 0, 0, 0, 0, 0, 0, , 0, 0, KIROJI,
WP, 11, 2023090100,   , BEST, 0, 199N, 1504E,  92,  972, TY,   0, , 0, 0, 0, 0, 0, 0, 0, 0, 0, 0, 0, , 0, 0, KIROJI,
WP, 11, 2023090106,   , BEST, 0, 211N, 1494E,  87,  973, TY,   0, , 0, 0, 0, 0, 0, 0, 0, 0, 0, 0, 0, , 0, 0, KIROJI,
WP, 11, 2023090112,   , BEST, 0, 222N, 1482E,  83,  975, TY,   0, , 0, 0, 0, 0, 0, 0, 0, 0, 0, 0, 0, , 0, 0, KIROJI,
WP, 11, 2023090118,   , BEST, 0, 232N, 1470E,  79,  977, TY,   0, , 0, 0, 0, 0, 0, 0, 0, 0, 0, 0, 0, , 0, 0, KIROJI,
WP, 11, 2023090200,   , BEST, 0, 243N, 1457E,  76,  979, TY,   0, , 0, 0, 0, 0, 0, 0, 0, 0, 0, 0, 0, , 0, 0, KIROJI,
WP, 11, 2023090206,   , BEST, 0, 254N, 1445E,  75,  980, TY,   0, , 0, 0, 0, 0, 0, 0, 0, 0, 0, 0, 0, , 0, 0, KIROJI,
WP, 11, 2023090212,   , BEST, 0, 264N, 1431E,  75,  981, TY,   0, , 0, 0, 0, 0, 0, 0, 0, 0, 0, 0, 0, , 0, 0, KIROJI,
WP, 11, 2023090218,   , BEST, 0, 271N, 1417E,  75,  980, TY,   0, , 0, 0, 0, 0, 0, 0, 0, 0, 0, 0, 0, , 0, 0, KIROJI,
WP, 11, 2023090300,   , BEST, 0, 276N, 1403E,  80,  977, TY,   0, , 0, 0, 0, 0, 0, 0, 0, 0, 0, 0, 0, , 0, 0, KIROJI,
WP, 11, 2023090306,   , BEST, 0, 281N, 1390E,  85,  973, TY,   0, , 0, 0, 0, 0, 0, 0, 0, 0, 0, 0, 0, , 0, 0, KIROJI,
WP, 11, 2023090312,   , BEST, 0, 285N, 1377E,  92,  968, TY,   0, , 0, 0, 0, 0, 0, 0, 0, 0, 0, 0, 0, , 0, 0, KIROJI,
WP, 11, 2023090318,   , BEST, 0, 289N, 1364E, 102,  959, TY,   0, , 0, 0, 0, 0, 0, 0, 0, 0, 0, 0, 0, , 0, 0, KIROJI,
WP, 11, 2023090400,   , BEST, 0, 293N, 1352E, 122,  938, TY,   0, , 0, 0, 0, 0, 0, 0, 0, 0, 0, 0, 0, , 0, 0, KIROJI,
WP, 11, 2023090406,   , BEST, 0, 297N, 1339E, 150,  906, ST,   0, , 0, 0, 0, 0, 0, 0, 0, 0, 0, 0, 0, , 0, 0, KIROJI,
WP, 11, 2023090412,   , BEST, 0, 301N, 1327E, 129,  929, ST,   0, , 0, 0, 0, 0, 0, 0, 0, 0, 0, 0, 0, , 0, 0, KIROJI,
WP, 11, 2023090418,   , BEST, 0, 305N, 1314E, 110,  940, TY,   0, , 0, 0, 0, 0, 0, 0, 0, 0, 0, 0, 0, , 0, 0, KIROJI,
WP, 11, 2023090500,   , BEST, 0, 309N, 1303E,  97,  954, TY,   0, , 0, 0, 0, 0, 0, 0, 0, 0, 0, 0, 0, , 0, 0, KIROJI,
WP, 11, 2023090506,   , BEST, 0, 312N, 1290E,  78,  976, TY,   0, , 0, 0, 0, 0, 0, 0, 0, 0, 0, 0, 0, , 0, 0, KIROJI,
WP, 11, 2023090512,   , BEST, 0, 314N, 1276E,  63,  980, TS,   0, , 0, 0, 0, 0, 0, 0, 0, 0, 0, 0, 0, , 0, 0, KIROJI,
WP, 11, 2023090518,   , BEST, 0, 315N, 1267E,  54,  985, TS,   0, , 0, 0, 0, 0, 0, 0, 0, 0, 0, 0, 0, , 0, 0, KIROJI,
WP, 11, 2023090600,   , BEST, 0, 314N, 1261E,  43,  988, TS,   0, , 0, 0, 0, 0, 0, 0, 0, 0, 0, 0, 0, , 0, 0, KIROJI,
WP, 11, 2023090606,   , BEST, 0, 312N, 1258E,  34,  990, TS,   0, , 0, 0, 0, 0, 0, 0, 0, 0, 0, 0, 0, , 0, 0, KIROJI,
WP, 11, 2023090612,   , BEST, 0, 309N, 1259E,  28,  993, TD,   0, , 0, 0, 0, 0, 0, 0, 0, 0, 0, 0, 0, , 0, 0, KIROJI,
WP, 11, 2023090618,   , BEST, 0, 307N, 1262E,  22,  995, DB,   0, , 0, 0, 0, 0, 0, 0, 0, 0, 0, 0, 0, , 0, 0, KIROJI,
WP, 11, 2023090700,   , BEST, 0, 308N, 1266E,  17,  999, DB,   0, , 0, 0, 0, 0, 0, 0, 0, 0, 0, 0, 0, , 0, 0, KIROJI,
