WP, 93, 2023092712,   , BEST, 0, 135N, 1434E,  20, 1006, DB,   0, , 0, 0, 0, 0, 0, 0, 0, 0, 0, 0, 0, , 0, 0, INVEST,
WP, 93, 2023092718,   , BEST, 0, 143N, 1421E,  20, 1006, DB,   0, , 0, 0, 0, 0, 0, 0, 0, 0, 0, 0, 0, , 0, 0, INVEST,
WP, 93, 2023092800,   , BEST, 0, 148N, 1408E,  20, 1006, DB,   0, , 0, 0, 0, 0, 0, 0, 0, 0, 0, 0, 0, , 0, 0, INVEST,
WP, 93, 2023092806,   , BEST, 0, 150N, 1394E,  20, 1005, DB,   0, , 0, 0, 0, 0, 0, 0, 0, 0, 0, 0, 0, , 0, 0, INVEST,
WP, 14, 2023092812,   , BEST, 0, 152N, 1380E,  25, 1003, TD,   0, , 0, 0, 0, 0, 0, 0, 0, 0, 0, 0, 0, , 0, 0, FOURTEEN,
WP, 14, 2023092818,   , BEST, 0, 153N, 1366E,  30, 1001, TD,   0, , 0, 0, 0, 0, 0, 0, 0, 0, 0, 0, 0, , 0, 0, FOURTEEN,
WP, 14, 2023092900,   , BEST, 0, 153N, 1354E,  30, 1000, TD,   0, , 0, 0, 0, 0, 0, 0, 0, 0, 0, 0, 0, , 0, 0, FOURTEEN,
WP, 14, 2023092906,   , BEST, 0, 153N, 1345E,  35,  998, TS,   0, , 0, 0, 0, 0, 0, 0, 0, 0, 0, 0, 0, , 0, 0, KOINU,
WP, 14, 2023092912,   , BEST, 0, 153N, 1334E,  40,  996, TS,   0, , 0, 0, 0, 0, 0, 0, 0, 0, 0, 0, 0, , 0, 0, KOINU,
WP, 14, 2023092918,   , BEST, 0, 153N, 1325E,  40,  995, TS,   0, , 0, 0, 0, 0, 0, 0, 0, 0, 0, 0, 0, , 0, 0, KOINU,
WP, 14, 2023093000,   , BEST, 0, 154N, 1320E,  44,  993, TS,   0, , 0, 0, 0, 0, 0, 0, 0, 0, 0, 0, 0, , 0, 0, KOINU,
WP, 14, 2023093006,   , BEST, 0, 157N, 1316E,  45,  992, TS,   0, , 0, 0, 0, 0, 0, 0, 0, 0, 0, 0, 0, , 0, 0, KOINU,
WP, 14, 2023093012,   , BEST, 0, 162N, 1311E,  45,  989, TS,   0, , 0, 0, 0, 0, 0, 0, 0, 0, 0, 0, 0, , 0, 0, KOINU,
WP, 14, 2023093018,   , BEST, 0, 170N, 1304E,  50,  996, TS,   0, , 0, 0, 0, 0, 0, 0, 0, 0, 0, 0, 0, , 0, 0, KOINU,
WP, 14, 2023100100,   , BEST, 0, 176N, 1299E,  54,  991, TS,   0, , 0, 0, 0, 0, 0, 0, 0, 0, 0, 0, 0, , 0, 0, KOINU,
WP, 14, 2023100106,   , BEST, 0, 181N, 1295E,  68,  983, TY,   0, , 0, 0, 0, 0, 0, 0, 0, 0, 0, 0, 0, , 0, 0, KOINU,
WP, 14, 2023100112,   , BEST, 0, 186N, 1291E,  94,  963, TY,   0, , 0, 0, 0, 0, 0, 0, 0, 0, 0, 0, 0, , 0, 0, KOINU,
WP, 14, 2023100118,   , BEST, 0, 190N, 1287E, 129,  927, ST,   0, , 0, 0, 0, 0, 0, 0, 0, 0, 0, 0, 0, , 0, 0, KOINU,
WP, 14, 2023100200,   , BEST, 0, 194N, 1282E, 151,  898, ST,   0, , 0, 0, 0, 0, 0, 0, 0, 0, 0, 0, 0, , 0, 0, KOINU,
WP, 14, 2023100206,   , BEST, 0, 198N, 1278E, 136,  918, ST,   0, , 0, 0, 0, 0, 0, 0, 0, 0, 0, 0, 0, , 0, 0, KOINU,
WP, 14, 2023100212,   , BEST, 0, 202N, 1273E, 132,  921, ST,   0, , 0, 0, 0, 0, 0, 0, 0, 0, 0, 0, 0, , 0, 0, KOINU,
WP, 14, 2023100218,   , BEST, 0, 204N, 1268E, 129,  924, ST,   0, , 0, 0, 0, 0, 0, 0, 0, 0, 0, 0, 0, , 0, 0, KOINU,
WP, 14, 2023100300,   , BEST, 0, 207N, 1262E, 120,  934, TY,   0, , 0, 0, 0, 0, 0, 0, 0, 0, 0, 0, 0, , 0, 0, KOINU,
WP, 14, 2023100306,   , BEST, 0, 210N, 1257E, 120,  934, TY,   0, , 0, 0, 0, 0, 0, 0, 0, 0, 0, 0, 0, , 0, 0, KOINU,
WP, 14, 2023100312,   , BEST, 0, 212N, 1251E, 123,  932, TY,   0, , 0, 0, 0, 0, 0, 0, 0, 0, 0, 0, 0, , 0, 0, KOINU,
WP, 14, 2023100318,   , BEST, 0, 214N, 1244E, 122,  933, TY,   0, , 0, 0, 0, 0, 0, 0, 0, 0, 0, 0, 0, , 0, 0, KOINU,
WP, 14, 2023100400,   , BEST, 0, 216N, 1237E, 121,  934, TY,   0, , 0, 0, 0, 0, 0, 0, 0, 0, 0, 0, 0, , 0, 0, KOINU,
WP, 14, 2023100406,   , BEST, 0, 217N, 1229E, 122,  933, TY,   0, , 0, 0, 0, 0, 0, 0, 0, 0, 0, 0, 0, , 0, 0, KOINU,
WP, 14, 2023100412,   , BEST, 0, 218N, 1222E, 124,  931, TY,   0, , 0, 0, 0, 0, 0, 0, 0, 0, 0, 0, 0, , 0, 0, KOINU,
WP, 14, 2023100418,   , BEST, 0, 219N, 1214E, 128,  926, ST,   0, , 0, 0, 0, 0, 0, 0, 0, 0, 0, 0, 0, , 0, 0, KOINU,
WP, 14, 2023100500,   , BEST, 0, 220N, 1206E, 133,  920, ST,   0, , 0, 0, 0, 0, 0, 0, 0, 0, 0, 0, 0, , 0, 0, KOINU,
WP, 14, 2023100506,   , BEST, 0, 221N, 1200E, 124,  930, TY,   0, , 0, 0, 0, 0, 0, 0, 0, 0, 0, 0, 0, , 0, 0, KOINU,
WP, 14, 2023100512,   , BEST, 0, 221N, 1194E, 113,  942, TY,   0, , 0, 0, 0, 0, 0, 0, 0, 0, 0, 0, 0, , 0, 0, KOINU,
WP, 14, 2023100518,   , BEST, 0, 221N, 1188E, 113,  942, TY,   0, , 0, 0, 0, 0, 0, 0, 0, 0, 0, 0, 0, , 0, 0, KOINU,
WP, 14, 2023100600,   , BEST, 0, 222N, 1182E, 124,  930, TY,   0, , 0, 0, 0, 0, 0, 0, 0, 0, 0, 0, 0, , 0, 0, KOINU,
WP, 14, 2023100606,   , BEST, 0, 223N, 1176E, 133,  919, ST,   0, , 0, 0, 0, 0, 0, 0, 0, 0, 0, 0, 0, , 0, 0, KOINU,
WP, 14, 2023100612,   , BEST, 0, 223N, 1172E, 143,  906, ST,   0, , 0, 0, 0, 0, 0, 0, 0, 0, 0, 0, 0, , 0, 0, KOINU,
WP, 14, 2023100618,   , BEST, 0, 223N, 1167E, 143,  906, ST,   0, , 0, 0, 0, 0, 0, 0, 0, 0, 0, 0, 0, , 0, 0, KOINU,
WP, 14, 2023100700,   , BEST, 0, 223N, 1164E, 139,  911, ST,   0, , 0, 0, 0, 0, 0, 0, 0, 0, 0, 0, 0, , 0, 0, KOINU,
WP, 14, 2023100706,   , BEST, 0, 222N, 1160E, 134,  916, ST,   0, , 0, 0, 0, 0, 0, 0, 0, 0, 0, 0, 0, , 0, 0, KOINU,
WP, 14, 2023100712,   , BEST, 0, 221N, 1158E, 136,  914, ST,   0, , 0, 0, 0, 0, 0, 0, 0, 0, 0, 0, 0, , 0, 0, KOINU,
WP, 14, 2023100718,   , BEST, 0, 220N, 1156E, 145,  902, ST,   0, , 0, 0, 0, 0, 0, 0, 0, 0, 0, 0, 0, , 0, 0, KOINU,
WP, 14, 2023100800,   , BEST, 0, 219N, 1154E, 153,  891, ST,   0, , 0, 0, 0, 0, 0, 0, 0, 0, 0, 0, 0, , 0, 0, KOINU,
WP, 14, 2023100806,   , BEST, 0, 217N, 1150E, 153,  891, ST,   0, , 0, 0, 0, 0, 0, 0, 0, 0, 0, 0, 0, , 0, 0, KOINU,
WP, 14, 2023100812,   , BEST, 0, 215N, 1143E, 154,  890, ST,   0, , 0, 0, 0, 0, 0, 0, 0, 0, 0, 0, 0, , 0, 0, KOINU,
WP, 14, 2023100818,   , BEST, 0, 212N, 1136E, 159,  883, ST,   0, , 0, 0, 0, 0, 0, 0, 0, 0, 0, 0, 0, , 0, 0, KOINU,
WP, 14, 2023100900,   , BEST, 0, 209N, 1129E, 162,  877, ST,   0, , 0, 0, 0, 0, 0, 0, 0, 0, 0, 0, 0, , 0, 0, KOINU,
WP, 14, 2023100906,   , BEST, 0, 206N, 1122E, 159,  881, ST,   0, , 0, 0, 0, 0, 0, 0, 0, 0, 0, 0, 0, , 0, 0, KOINU,
WP, 14, 2023100912,   , BEST, 0, 203N, 1114E, 169,  872, ST,   0, , 0, 0, 0, 0, 0, 0, 0, 0, 0, 0, 0, , 0, 0, KOINU,
WP, 14, 2023100918,   , BEST, 0, 200N, 1107E, 172,  867, ST,   0, , 0, 0, 0, 0, 0, 0, 0, 0, 0, 0, 0, , 0, 0, KOINU,
WP, 14, 2023101000,   , BEST, 0, 196N, 1101E, 116,  931, TY,   0, , 0, 0, 0, 0, 0, 0, 0, 0, 0, 0, 0, , 0, 0, KOINU,
WP, 14, 2023101006,   , BEST, 0, 191N, 1094E,  74,  973, TY,   0, , 0, 0, 0, 0, 0, 0, 0, 0, 0, 0, 0, , 0, 0, KOINU,
WP, 14, 2023101012,   , BEST, 0, 186N, 1088E,  54,  984, TS,   0, , 0, 0, 0, 0, 0, 0, 0, 0, 0, 0, 0, , 0, 0, KOINU,
WP, 14, 2023101018,   , BEST, 0, 182N, 1083E,  41,  990, TS,   0, , 0, 0, 0, 0, 0, 0, 0, 0, 0, 0, 0, , 0, 0, KOINU,
WP, 14, 2023101100,   , BEST, 0, 178N, 1078E,  34,  993, TS,   0, , 0, 0, 0, 0, 0, 0, 0, 0, 0, 0, 0, , 0, 0, KOINU,
WP, 14, 2023101106,   , BEST, 0, 175N, 1073E,  23,  996, DB,   0, , 0, 0, 0, 0, 0, 0, 0, 0, 0, 0, 0, , 0, 0, KOINU,
WP, 14, 2023101112,   , BEST, 0, 172N, 1068E,  16,  999, DB,   0, , 0, 0, 0, 0, 0, 0, 0, 0, 0, 0, 0, , 0, 0, KOINU,
