WP, 98, 2023100518,   , CHP6, 0,  90N, 1560E,  20, 1006, DB,   0, , 0, 0, 0, 0, 0, 0, 0, 0, 0, 0, 0, , 0, 0, INVEST,
WP, 98, 2023100600,   , CHP6, 0,  92N, 1555E,  20, 1005, DB,   0, , 0, 0, 0, 0, 0, 0, 0, 0, 0, 0, 0, , 0, 0, INVEST,
WP, 98, 2023100606,   , CHP6, 0,  94N, 1551E,  20, 1005, DB,   0, , 0, 0, 0, 0, 0, 0, 0, 0, 0, 0, 0, , 0, 0, INVEST,
WP, 15, 2023100612,   , CHP6, 0,  96N, 1549E,  25, 1003, TD,   0, , 0, 0, 0, 0, 0, 0, 0, 0, 0, 0, 0, , 0, 0, FIFTEEN,
WP, 15, 2023100618,   , CHP6, 0,  97N, 1547E,  25, 1002, TD,   0, , 0, 0, 0, 0, 0, 0, 0, 0, 0, 0, 0, , 0, 0, FIFTEEN,
WP, 15, 2023100700,   , CHP6, 0,  97N, 1545E,  30, 1000, TD,   0, , 0, 0, 0, 0, 0, 0, 0, 0, 0, 0, 0, , 0, 0, FIFTEEN,
WP, 15, 2023100706,   , CHP6, 0,  98N, 1543E,  35,  998, TS,   0, , 0, 0, 0, 0, 0, 0, 0, 0, 0, 0, 0, , 0, 0, BOLAVEN,
WP, 15, 2023100712,   , CHP6, 0,  99N, 1536E,  35,  997, TS,   0, , 0, 0, 0, 0, 0, 0, 0, 0, 0, 0, 0, , 0, 0, BOLAVEN,
WP, 15, 2023100718,   , CHP6, 0, 100N, 1531E,  40,  995, TS,   0, , 0, 0, 0, 0, 0, 0, 0, 0, 0, 0, 0, , 0, 0, BOLAVEN,
WP, 15, 2023100800,   , CHP6, 0, 101N, 1527E,  40,  997, TS,   0, , 0, 0, 0, 0, 0, 0, 0, 0, 0, 0, 0, , 0, 0, BOLAVEN,
WP, 15, 2023100806,   , CHP6, 0, 102N, 1521E,  46,  995, TS,   0, , 0, 0, 0, 0, 0, 0, 0, 0, 0, 0, 0, , 0, 0, BOLAVEN,
WP, 15, 2023100812,   , CHP6, 0, 103N, 1516E,  54,  991, TS,   0, , 0, 0, 0, 0, 0, 0, 0, 0, 0, 0, 0, , 0, 0, BOLAVEN,
WP, 15, 2023100818,   , CHP6, 0, 106N, 1511E,  68,  984, TY,   0, , 0, 0, 0, 0, 0, 0, 0, 0, 0, 0, 0, , 0, 0, BOLAVEN,
WP, 15, 2023100900,   , CHP6, 0, 111N, 1504E,  56,  991, TS,   0, , 0, 0, 0, 0, 0, 0, 0, 0, 0, 0, 0, , 0, 0, BOLAVEN,
WP, 15, 2023100906,   , CHP6, 0, 115N, 1498E,  66,  985, TY,   0, , 0, 0, 0, 0, 0, 0, 0, 0, 0, 0, 0, , 0, 0, BOLAVEN,
WP, 15, 2023100912,   , CHP6, 0, 121N, 1489E,  81,  976, TY,   0, , 0, 0, 0, 0, 0, 0, 0, 0, 0, 0, 0, , 0, 0, BOLAVEN,
WP, 15, 2023100918,   , CHP6, 0, 127N, 1480E, 103,  958, TY,   0, , 0, 0, 0, 0, 0, 0, 0, 0, 0, 0, 0, , 0, 0, BOLAVEN,
WP, 15, 2023101000,   , CHP6, 0, 133N, 1471E, 136,  922, ST,   0, , 0, 0, 0, 0, 0, 0, 0, 0, 0, 0, 0, , 0, 0, BOLAVEN,
WP, 15, 2023101006,   , CHP6, 0, 140N, 1461E, 166,  884, ST,   0, , 0, 0, 0, 0, 0, 0, 0, 0, 0, 0, 0, , 0, 0, BOLAVEN,
WP, 15, 2023101012,   , CHP6, 0, 147N, 1454E, 181,  861, ST,   0, , 0, 0, 0, 0, 0, 0, 0, 0, 0, 0, 0, , 0, 0, BOLAVEN,
WP, 15, 2023101018,   , CHP6, 0, 155N, 1448E, 168,  876, ST,   0, , 0, 0, 0, 0, 0, 0, 0, 0, 0, 0, 0, , 0, 0, BOLAVEN,
WP, 15, 2023101100,   , CHP6, 0, 165N, 1444E, 157,  890, ST,   0, , 0, 0, 0, 0, 0, 0, 0, 0, 0, 0, 0, , 0, 0, BOLAVEN,
WP, 15, 2023101106,   , CHP6, 0, 175N, 1441E, 152,  895, ST,   0, , 0, 0, 0, 0, 0, 0, 0, 0, 0, 0, 0, , 0, 0, BOLAVEN,
WP, 15, 2023101112,   , CHP6, 0, 186N, 1438E, 139,  907, ST,   0, , 0, 0, 0, 0, 0, 0, 0, 0, 0, 0, 0, , 0, 0, BOLAVEN,
WP, 15, 2023101118,   , CHP6, 0, 196N, 1437E, 136,  919, ST,   0, , 0, 0, 0, 0, 0, 0, 0, 0, 0, 0, 0, , 0, 0, BOLAVEN,
WP, 15, 2023101200,   , CHP6, 0, 205N, 1438E, 138,  917, ST,   0, , 0, 0, 0, 0, 0, 0, 0, 0, 0, 0, 0, , 0, 0, BOLAVEN,
WP, 15, 2023101206,   , CHP6, 0, 214N, 1442E, 133,  924, ST,   0, , 0, 0, 0, 0, 0, 0, 0, 0, 0, 0, 0, , 0, 0, BOLAVEN,
WP, 15, 2023101212,   , CHP6, 0, 223N, 1446E, 129,  930, ST,   0, , 0, 0, 0, 0, 0, 0, 0, 0, 0, 0, 0, , 0, 0, BOLAVEN,
WP, 15, 2023101218,   , CHP6, 0, 232N, 1452E, 128,  931, ST,   0, , 0, 0, 0, 0, 0, 0, 0, 0, 0, 0, 0, , 0, 0, BOLAVEN,
WP, 15, 2023101300,   , CHP6, 0, 244N, 1461E, 130,  929, ST,   0, , 0, 0, 0, 0, 0, 0, 0, 0, 0, 0, 0, , 0, 0, BOLAVEN,
WP, 15, 2023101306,   , CHP6, 0, 255N, 1471E, 128,  932, ST,   0, , 0, 0, 0, 0, 0, 0, 0, 0, 0, 0, 0, , 0, 0, BOLAVEN,
WP, 15, 2023101312,   , CHP6, 0, 267N, 1482E, 120,  940, TY,   0, , 0, 0, 0, 0, 0, 0, 0, 0, 0, 0, 0, , 0, 0, BOLAVEN,
WP, 15, 2023101318,   , CHP6, 0, 282N, 1495E, 118,  958, TY,   0, , 0, 0, 0, 0, 0, 0, 0, 0, 0, 0, 0, , 0, 0, BOLAVEN,
WP, 15, 2023101400,   , CHP6, 0, 302N, 1521E, 116,  962, TY,   0, , 0, 0, 0, 0, 0, 0, 0, 0, 0, 0, 0, , 0, 0, BOLAVEN,
WP, 15, 2023101406,   , CHP6, 0, 322N, 1547E, 105,  965, TY,   0, , 0, 0, 0, 0, 0, 0, 0, 0, 0, 0, 0, , 0, 0, BOLAVEN,
WP, 15, 2023101412,   , CHP6, 0, 344N, 1583E,  96,  969, TY,   0, , 0, 0, 0, 0, 0, 0, 0, 0, 0, 0, 0, , 0, 0, BOLAVEN,
WP, 15, 2023101418,   , CHP6, 0, 365N, 1619E,  76,  983, TY,   0, , 0, 0, 0, 0, 0, 0, 0, 0, 0, 0, 0, , 0, 0, BOLAVEN,
WP, 15, 2023101500,   , CHP6, 0, 387N, 1655E,  72,  983, TY,   0, , 0, 0, 0, 0, 0, 0, 0, 0, 0, 0, 0, , 0, 0, BOLAVEN,
WP, 15, 2023101506,   , CHP6, 0, 408N, 1691E,  71,  986, TY,   0, , 0, 0, 0, 0, 0, 0, 0, 0, 0, 0, 0, , 0, 0, BOLAVEN,
WP, 15, 2023101512,   , CHP6, 0, 431N, 1730E,  63,  990, EX,   0, , 0, 0, 0, 0, 0, 0, 0, 0, 0, 0, 0, , 0, 0, BOLAVEN,
WP, 15, 2023101518,   , CHP6, 0, 460N, 1789E,  56,  993, EX,   0, , 0, 0, 0, 0, 0, 0, 0, 0, 0, 0, 0, , 0, 0, BOLAVEN,