SH, 95, 2024021718,   , BEST, 0, 170S,  520E,  20, 1006, DB,   0, , 0, 0, 0, 0, 0, 0, 0, 0, 0, 0, 0, , 0, 0, INVEST,
SH, 95, 2024021800,   , BEST, 0, 166S,  525E,  20, 1006, DB,   0, , 0, 0, 0, 0, 0, 0, 0, 0, 0, 0, 0, , 0, 0, INVEST,
SH, 95, 2024021806,   , BEST, 0, 162S,  530E,  20, 1005, DB,   0, , 0, 0, 0, 0, 0, 0, 0, 0, 0, 0, 0, , 0, 0, INVEST,
SH, 95, 2024021812,   , BEST, 0, 160S,  536E,  25, 1003, TD,   0, , 0, 0, 0, 0, 0, 0, 0, 0, 0, 0, 0, , 0, 0, INVEST,
SH, 95, 2024021818,   , BEST, 0, 156S,  542E,  30, 1001, TD,   0, , 0, 0, 0, 0, 0, 0, 0, 0, 0, 0, 0, , 0, 0, INVEST,
SH, 16, 2024021900,   , BEST, 0, 150S,  547E,  35,  999, TS,   0, , 0, 0, 0, 0, 0, 0, 0, 0, 0, 0, 0, , 0, 0, ELEANOR,
SH, 16, 2024021906,   , BEST, 0, 146S,  554E,  35,  998, TS,   0, , 0, 0, 0, 0, 0, 0, 0, 0, 0, 0, 0, , 0, 0, ELEANOR,
SH, 16, 2024021912,   , BEST, 0, 142S,  562E,  38,  998, TS,   0, , 0, 0, 0, 0, 0, 0, 0, 0, 0, 0, 0, , 0, 0, ELEANOR,
SH, 16, 2024021918,   , BEST, 0, 141S,  570E,  42,  997, TS,   0, , 0, 0, 0, 0, 0, 0, 0, 0, 0, 0, 0, , 0, 0, ELEANOR,
SH, 16, 2024022000,   , BEST, 0, 141S,  580E,  53,  992, TS,   0, , 0, 0, 0, 0, 0, 0, 0, 0, 0, 0, 0, , 0, 0, ELEANOR,
SH, 16, 2024022006,   , BEST, 0, 142S,  586E,  66,  985, TY,   0, , 0, 0, 0, 0, 0, 0, 0, 0, 0, 0, 0, , 0, 0, ELEANOR,
SH, 16, 2024022012,   , BEST, 0, 143S,  591E,  92,  965, TY,   0, , 0, 0, 0, 0, 0, 0, 0, 0, 0, 0, 0, , 0, 0, ELEANOR,
SH, 16, 2024022018,   , BEST, 0, 147S,  595E, 126,  931, TY,   0, , 0, 0, 0, 0, 0, 0, 0, 0, 0, 0, 0, , 0, 0, ELEANOR,
SH, 16, 2024022100,   , BEST, 0, 152S,  597E, 145,  908, ST,   0, , 0, 0, 0, 0, 0, 0, 0, 0, 0, 0, 0, , 0, 0, ELEANOR,
SH, 16, 2024022106,   , BEST, 0, 158S,  597E, 142,  912, ST,   0, , 0, 0, 0, 0, 0, 0, 0, 0, 0, 0, 0, , 0, 0, ELEANOR,
SH, 16, 2024022112,   , BEST, 0, 164S,  596E, 156,  891, ST,   0, , 0, 0, 0, 0, 0, 0, 0, 0, 0, 0, 0, , 0, 0, ELEANOR,
SH, 16, 2024022118,   , BEST, 0, 171S,  595E, 130,  912, ST,   0, , 0, 0, 0, 0, 0, 0, 0, 0, 0, 0, 0, , 0, 0, ELEANOR,
SH, 16, 2024022200,   , BEST, 0, 179S,  593E, 108,  946, TY,   0, , 0, 0, 0, 0, 0, 0, 0, 0, 0, 0, 0, , 0, 0, ELEANOR,
SH, 16, 2024022206,   , BEST, 0, 186S,  591E, 106,  949, TY,   0, , 0, 0, 0, 0, 0, 0, 0, 0, 0, 0, 0, , 0, 0, ELEANOR,
SH, 16, 2024022212,   , BEST, 0, 194S,  589E, 100,  955, TY,   0, , 0, 0, 0, 0, 0, 0, 0, 0, 0, 0, 0, , 0, 0, ELEANOR,
SH, 16, 2024022218,   , BEST, 0, 200S,  587E,  98,  957, TY,   0, , 0, 0, 0, 0, 0, 0, 0, 0, 0, 0, 0, , 0, 0, ELEANOR,
SH, 16, 2024022300,   , BEST, 0, 204S,  586E, 103,  952, TY,   0, , 0, 0, 0, 0, 0, 0, 0, 0, 0, 0, 0, , 0, 0, ELEANOR,
SH, 16, 2024022306,   , BEST, 0, 208S,  584E, 110,  945, TY,   0, , 0, 0, 0, 0, 0, 0, 0, 0, 0, 0, 0, , 0, 0, ELEANOR,
SH, 16, 2024022312,   , BEST, 0, 213S,  582E, 115,  940, TY,   0, , 0, 0, 0, 0, 0, 0, 0, 0, 0, 0, 0, , 0, 0, ELEANOR,
SH, 16, 2024022318,   , BEST, 0, 215S,  580E, 121,  933, TY,   0, , 0, 0, 0, 0, 0, 0, 0, 0, 0, 0, 0, , 0, 0, ELEANOR,
SH, 16, 2024022400,   , BEST, 0, 217S,  578E, 114,  941, TY,   0, , 0, 0, 0, 0, 0, 0, 0, 0, 0, 0, 0, , 0, 0, ELEANOR,
SH, 16, 2024022406,   , BEST, 0, 219S,  576E, 103,  951, TY,   0, , 0, 0, 0, 0, 0, 0, 0, 0, 0, 0, 0, , 0, 0, ELEANOR,
SH, 16, 2024022412,   , BEST, 0, 220S,  573E,  90,  964, TY,   0, , 0, 0, 0, 0, 0, 0, 0, 0, 0, 0, 0, , 0, 0, ELEANOR,
SH, 16, 2024022418,   , BEST, 0, 219S,  565E,  84,  969, TY,   0, , 0, 0, 0, 0, 0, 0, 0, 0, 0, 0, 0, , 0, 0, ELEANOR,
SH, 16, 2024022500,   , BEST, 0, 217S,  557E,  82,  971, TY,   0, , 0, 0, 0, 0, 0, 0, 0, 0, 0, 0, 0, , 0, 0, ELEANOR,
SH, 16, 2024022506,   , BEST, 0, 215S,  550E,  82,  971, TY,   0, , 0, 0, 0, 0, 0, 0, 0, 0, 0, 0, 0, , 0, 0, ELEANOR,
SH, 16, 2024022512,   , BEST, 0, 213S,  542E,  83,  971, TY,   0, , 0, 0, 0, 0, 0, 0, 0, 0, 0, 0, 0, , 0, 0, ELEANOR,
SH, 16, 2024022518,   , BEST, 0, 212S,  533E,  75,  978, TY,   0, , 0, 0, 0, 0, 0, 0, 0, 0, 0, 0, 0, , 0, 0, ELEANOR,
SH, 16, 2024022600,   , BEST, 0, 211S,  524E,  64,  981, TY,   0, , 0, 0, 0, 0, 0, 0, 0, 0, 0, 0, 0, , 0, 0, ELEANOR,
SH, 16, 2024022606,   , BEST, 0, 210S,  515E,  56,  987, TS,   0, , 0, 0, 0, 0, 0, 0, 0, 0, 0, 0, 0, , 0, 0, ELEANOR,
SH, 16, 2024022612,   , BEST, 0, 210S,  505E,  47,  994, TS,   0, , 0, 0, 0, 0, 0, 0, 0, 0, 0, 0, 0, , 0, 0, ELEANOR,
SH, 16, 2024022618,   , BEST, 0, 211S,  495E,  41,  995, TS,   0, , 0, 0, 0, 0, 0, 0, 0, 0, 0, 0, 0, , 0, 0, ELEANOR,
SH, 16, 2024022700,   , BEST, 0, 212S,  487E,  35,  996, TS,   0, , 0, 0, 0, 0, 0, 0, 0, 0, 0, 0, 0, , 0, 0, ELEANOR,
SH, 16, 2024022706,   , BEST, 0, 213S,  479E,  22,  997, DB,   0, , 0, 0, 0, 0, 0, 0, 0, 0, 0, 0, 0, , 0, 0, ELEANOR,
SH, 16, 2024022712,   , BEST, 0, 214S,  470E,  17,  999, DB,   0, , 0, 0, 0, 0, 0, 0, 0, 0, 0, 0, 0, , 0, 0, ELEANOR,
