EP, 96, 2022071412, , CHP6, 0, 114N,  975W,  20, 1010, DB,   0, , 0, 0, 0, 0, 0, 0, 0, 0, 0, 0, 0, , 0, 0, INVEST,
EP, 96, 2022071418, , CHP6, 0, 117N,  983W,  20, 1010, DB,   0, , 0, 0, 0, 0, 0, 0, 0, 0, 0, 0, 0, , 0, 0, INVEST,
EP, 06, 2022071500, , CHP6, 0, 119N,  990W,  25, 1008, TD,   0, , 0, 0, 0, 0, 0, 0, 0, 0, 0, 0, 0, , 0, 0, SIX,
EP, 06, 2022071506, , CHP6, 0, 120N,  996W,  30, 1006, TD,   0, , 0, 0, 0, 0, 0, 0, 0, 0, 0, 0, 0, , 0, 0, SIX,
EP, 06, 2022071512, , CHP6, 0, 122N, 1003W,  30, 1006, TD,   0, , 0, 0, 0, 0, 0, 0, 0, 0, 0, 0, 0, , 0, 0, SIX,
EP, 06, 2022071518, , CHP6, 0, 126N, 1010W,  30, 1006, TD,   0, , 0, 0, 0, 0, 0, 0, 0, 0, 0, 0, 0, , 0, 0, SIX,
EP, 06, 2022071600, , CHP6, 0, 129N, 1017W,  35, 1004, TS,   0, , 0, 0, 0, 0, 0, 0, 0, 0, 0, 0, 0, , 0, 0, ESTELLE,
EP, 06, 2022071606, , CHP6, 0, 133N, 1026W,  45, 1000, TS,   0, , 0, 0, 0, 0, 0, 0, 0, 0, 0, 0, 0, , 0, 0, ESTELLE,
EP, 06, 2022071612, , CHP6, 0, 138N, 1034W,  64,  987, HU,   0, , 0, 0, 0, 0, 0, 0, 0, 0, 0, 0, 0, , 0, 0, ESTELLE,
EP, 06, 2022071618, , CHP6, 0, 142N, 1042W,  89,  969, HU,   0, , 0, 0, 0, 0, 0, 0, 0, 0, 0, 0, 0, , 0, 0, ESTELLE,
EP, 06, 2022071700, , CHP6, 0, 145N, 1050W, 121,  938, HU,   0, , 0, 0, 0, 0, 0, 0, 0, 0, 0, 0, 0, , 0, 0, ESTELLE,
EP, 06, 2022071706, , CHP6, 0, 149N, 1058W, 143,  912, HU,   0, , 0, 0, 0, 0, 0, 0, 0, 0, 0, 0, 0, , 0, 0, ESTELLE,
EP, 06, 2022071712, , CHP6, 0, 152N, 1066W, 148,  905, HU,   0, , 0, 0, 0, 0, 0, 0, 0, 0, 0, 0, 0, , 0, 0, ESTELLE,
EP, 06, 2022071718, , CHP6, 0, 156N, 1074W, 140,  915, HU,   0, , 0, 0, 0, 0, 0, 0, 0, 0, 0, 0, 0, , 0, 0, ESTELLE,
EP, 06, 2022071800, , CHP6, 0, 159N, 1083W, 140,  915, HU,   0, , 0, 0, 0, 0, 0, 0, 0, 0, 0, 0, 0, , 0, 0, ESTELLE,
EP, 06, 2022071806, , CHP6, 0, 163N, 1093W, 147,  907, HU,   0, , 0, 0, 0, 0, 0, 0, 0, 0, 0, 0, 0, , 0, 0, ESTELLE,
EP, 06, 2022071812, , CHP6, 0, 166N, 1104W, 146,  908, HU,   0, , 0, 0, 0, 0, 0, 0, 0, 0, 0, 0, 0, , 0, 0, ESTELLE,
EP, 06, 2022071818, , CHP6, 0, 169N, 1114W, 138,  921, HU,   0, , 0, 0, 0, 0, 0, 0, 0, 0, 0, 0, 0, , 0, 0, ESTELLE,
EP, 06, 2022071900, , CHP6, 0, 172N, 1125W, 144,  915, HU,   0, , 0, 0, 0, 0, 0, 0, 0, 0, 0, 0, 0, , 0, 0, ESTELLE,
EP, 06, 2022071906, , CHP6, 0, 176N, 1136W, 139,  917, HU,   0, , 0, 0, 0, 0, 0, 0, 0, 0, 0, 0, 0, , 0, 0, ESTELLE,
EP, 06, 2022071912, , CHP6, 0, 180N, 1148W, 130,  926, HU,   0, , 0, 0, 0, 0, 0, 0, 0, 0, 0, 0, 0, , 0, 0, ESTELLE,
EP, 06, 2022071918, , CHP6, 0, 184N, 1159W, 115,  944, HU,   0, , 0, 0, 0, 0, 0, 0, 0, 0, 0, 0, 0, , 0, 0, ESTELLE,
EP, 06, 2022072000, , CHP6, 0, 188N, 1171W,  86,  970, HU,   0, , 0, 0, 0, 0, 0, 0, 0, 0, 0, 0, 0, , 0, 0, ESTELLE,
EP, 06, 2022072006, , CHP6, 0, 193N, 1182W,  73,  983, HU,   0, , 0, 0, 0, 0, 0, 0, 0, 0, 0, 0, 0, , 0, 0, ESTELLE,
EP, 06, 2022072012, , CHP6, 0, 198N, 1193W,  64,  986, HU,   0, , 0, 0, 0, 0, 0, 0, 0, 0, 0, 0, 0, , 0, 0, ESTELLE,
EP, 06, 2022072018, , CHP6, 0, 202N, 1203W,  53,  991, TS,   0, , 0, 0, 0, 0, 0, 0, 0, 0, 0, 0, 0, , 0, 0, ESTELLE,
EP, 06, 2022072100, , CHP6, 0, 207N, 1214W,  49,  990, TS,   0, , 0, 0, 0, 0, 0, 0, 0, 0, 0, 0, 0, , 0, 0, ESTELLE,
EP, 06, 2022072106, , CHP6, 0, 211N, 1226W,  48,  991, TS,   0, , 0, 0, 0, 0, 0, 0, 0, 0, 0, 0, 0, , 0, 0, ESTELLE,
EP, 06, 2022072112, , CHP6, 0, 214N, 1238W,  45,  993, TS,   0, , 0, 0, 0, 0, 0, 0, 0, 0, 0, 0, 0, , 0, 0, ESTELLE,
EP, 06, 2022072118, , CHP6, 0, 217N, 1254W,  44,  993, TS,   0, , 0, 0, 0, 0, 0, 0, 0, 0, 0, 0, 0, , 0, 0, ESTELLE,
EP, 06, 2022072200, , CHP6, 0, 219N, 1262W,  44,  995, TS,   0, , 0, 0, 0, 0, 0, 0, 0, 0, 0, 0, 0, , 0, 0, ESTELLE,
EP, 06, 2022072206, , CHP6, 0, 221N, 1269W,  44,  995, TS,   0, , 0, 0, 0, 0, 0, 0, 0, 0, 0, 0, 0, , 0, 0, ESTELLE,
EP, 06, 2022072212, , CHP6, 0, 222N, 1276W,  43,  994, TS,   0, , 0, 0, 0, 0, 0, 0, 0, 0, 0, 0, 0, , 0, 0, ESTELLE,
EP, 06, 2022072218, , CHP6, 0, 224N, 1283W,  42,  994, TS,   0, , 0, 0, 0, 0, 0, 0, 0, 0, 0, 0, 0, , 0, 0, ESTELLE,
EP, 06, 2022072300, , CHP6, 0, 227N, 1292W,  42,  995, TS,   0, , 0, 0, 0, 0, 0, 0, 0, 0, 0, 0, 0, , 0, 0, ESTELLE,
EP, 06, 2022072306, , CHP6, 0, 234N, 1298W,  39,  998, TS,   0, , 0, 0, 0, 0, 0, 0, 0, 0, 0, 0, 0, , 0, 0, ESTELLE,
EP, 06, 2022072312, , CHP6, 0, 237N, 1306W,  37,  998, TS,   0, , 0, 0, 0, 0, 0, 0, 0, 0, 0, 0, 0, , 0, 0, ESTELLE,
EP, 06, 2022072318, , CHP6, 0, 236N, 1314W,  36,  998, TS,   0, , 0, 0, 0, 0, 0, 0, 0, 0, 0, 0, 0, , 0, 0, ESTELLE,
EP, 06, 2022072400, , CHP6, 0, 234N, 1320W,  35,  999, TS,   0, , 0, 0, 0, 0, 0, 0, 0, 0, 0, 0, 0, , 0, 0, ESTELLE,
EP, 06, 2022072406, , CHP6, 0, 233N, 1327W,  28,  999, TD,   0, , 0, 0, 0, 0, 0, 0, 0, 0, 0, 0, 0, , 0, 0, ESTELLE,
EP, 06, 2022072412, , CHP6, 0, 232N, 1334W,  22,  999, DB,   0, , 0, 0, 0, 0, 0, 0, 0, 0, 0, 0, 0, , 0, 0, ESTELLE,
EP, 06, 2022072418, , CHP6, 0, 231N, 1342W,  16,  999, DB,   0, , 0, 0, 0, 0, 0, 0, 0, 0, 0, 0, 0, , 0, 0, ESTELLE,
