AL, 97, 2020110812,   , CHP6, 0, 284N,  475W,  25, 1010, EX,   0, , 0, 0, 0, 0, 0, 0, 0, 0, 0, 0, 0, , 0, 0, INVEST,
AL, 97, 2020110818,   , CHP6, 0, 284N,  468W,  25, 1010, EX,   0, , 0, 0, 0, 0, 0, 0, 0, 0, 0, 0, 0, , 0, 0, INVEST,
AL, 97, 2020110900,   , CHP6, 0, 285N,  459W,  25, 1010, EX,   0, , 0, 0, 0, 0, 0, 0, 0, 0, 0, 0, 0, , 0, 0, INVEST,
AL, 97, 2020110906,   , CHP6, 0, 286N,  449W,  30, 1007, EX,   0, , 0, 0, 0, 0, 0, 0, 0, 0, 0, 0, 0, , 0, 0, INVEST,
AL, 97, 2020110912,   , CHP6, 0, 288N,  437W,  35, 1005, EX,   0, , 0, 0, 0, 0, 0, 0, 0, 0, 0, 0, 0, , 0, 0, INVEST,
AL, 97, 2020110918,   , CHP6, 0, 288N,  424W,  40, 1003, EX,   0, , 0, 0, 0, 0, 0, 0, 0, 0, 0, 0, 0, , 0, 0, INVEST,
AL, 30, 2020111000,   , CHP6, 0, 288N,  410W,  50,  999, TS,   0, , 0, 0, 0, 0, 0, 0, 0, 0, 0, 0, 0, , 0, 0, THETA,
AL, 30, 2020111006,   , CHP6, 0, 289N,  397W,  50,  994, TS,   0, , 0, 0, 0, 0, 0, 0, 0, 0, 0, 0, 0, , 0, 0, THETA,
AL, 30, 2020111012,   , CHP6, 0, 291N,  383W,  46,  996, TS,   0, , 0, 0, 0, 0, 0, 0, 0, 0, 0, 0, 0, , 0, 0, THETA,
AL, 30, 2020111018,   , CHP6, 0, 293N,  368W,  58,  990, TS,   0, , 0, 0, 0, 0, 0, 0, 0, 0, 0, 0, 0, , 0, 0, THETA,
AL, 30, 2020111100,   , CHP6, 0, 295N,  356W,  57,  990, TS,   0, , 0, 0, 0, 0, 0, 0, 0, 0, 0, 0, 0, , 0, 0, THETA,
AL, 30, 2020111106,   , CHP6, 0, 295N,  349W,  55,  991, TS,   0, , 0, 0, 0, 0, 0, 0, 0, 0, 0, 0, 0, , 0, 0, THETA,
AL, 30, 2020111112,   , CHP6, 0, 296N,  342W,  60,  987, TS,   0, , 0, 0, 0, 0, 0, 0, 0, 0, 0, 0, 0, , 0, 0, THETA,
AL, 30, 2020111118,   , CHP6, 0, 299N,  334W,  59,  989, TS,   0, , 0, 0, 0, 0, 0, 0, 0, 0, 0, 0, 0, , 0, 0, THETA,
AL, 30, 2020111200,   , CHP6, 0, 301N,  324W,  57,  989, TS,   0, , 0, 0, 0, 0, 0, 0, 0, 0, 0, 0, 0, , 0, 0, THETA,
AL, 30, 2020111206,   , CHP6, 0, 304N,  314W,  57,  990, TS,   0, , 0, 0, 0, 0, 0, 0, 0, 0, 0, 0, 0, , 0, 0, THETA,
AL, 30, 2020111212,   , CHP6, 0, 306N,  302W,  56,  991, TS,   0, , 0, 0, 0, 0, 0, 0, 0, 0, 0, 0, 0, , 0, 0, THETA,
AL, 30, 2020111218,   , CHP6, 0, 308N,  290W,  54,  992, TS,   0, , 0, 0, 0, 0, 0, 0, 0, 0, 0, 0, 0, , 0, 0, THETA,
AL, 30, 2020111300,   , CHP6, 0, 310N,  278W,  52,  993, TS,   0, , 0, 0, 0, 0, 0, 0, 0, 0, 0, 0, 0, , 0, 0, THETA,
AL, 30, 2020111306,   , CHP6, 0, 313N,  266W,  48,  994, TS,   0, , 0, 0, 0, 0, 0, 0, 0, 0, 0, 0, 0, , 0, 0, THETA,
AL, 30, 2020111312,   , CHP6, 0, 315N,  257W,  46,  994, TS,   0, , 0, 0, 0, 0, 0, 0, 0, 0, 0, 0, 0, , 0, 0, THETA,
AL, 30, 2020111318,   , CHP6, 0, 317N,  248W,  46,  994, TS,   0, , 0, 0, 0, 0, 0, 0, 0, 0, 0, 0, 0, , 0, 0, THETA,
AL, 30, 2020111400,   , CHP6, 0, 319N,  239W,  46,  994, TS,   0, , 0, 0, 0, 0, 0, 0, 0, 0, 0, 0, 0, , 0, 0, THETA,
AL, 30, 2020111406,   , CHP6, 0, 321N,  230W,  45,  994, TS,   0, , 0, 0, 0, 0, 0, 0, 0, 0, 0, 0, 0, , 0, 0, THETA,
AL, 30, 2020111412,   , CHP6, 0, 322N,  226W,  45,  995, TS,   0, , 0, 0, 0, 0, 0, 0, 0, 0, 0, 0, 0, , 0, 0, THETA,
AL, 30, 2020111418,   , CHP6, 0, 323N,  222W,  44,  995, TS,   0, , 0, 0, 0, 0, 0, 0, 0, 0, 0, 0, 0, , 0, 0, THETA,
AL, 30, 2020111500,   , CHP6, 0, 324N,  218W,  44,  995, TS,   0, , 0, 0, 0, 0, 0, 0, 0, 0, 0, 0, 0, , 0, 0, THETA,
AL, 30, 2020111506,   , CHP6, 0, 326N,  213W,  43,  995, TS,   0, , 0, 0, 0, 0, 0, 0, 0, 0, 0, 0, 0, , 0, 0, THETA,
AL, 30, 2020111512,   , CHP6, 0, 329N,  210W,  42,  996, TS,   0, , 0, 0, 0, 0, 0, 0, 0, 0, 0, 0, 0, , 0, 0, THETA,
AL, 30, 2020111518,   , CHP6, 0, 332N,  207W,  41,  996, TS,   0, , 0, 0, 0, 0, 0, 0, 0, 0, 0, 0, 0, , 0, 0, THETA,
AL, 30, 2020111600,   , CHP6, 0, 336N,  203W,  41,  996, TS,   0, , 0, 0, 0, 0, 0, 0, 0, 0, 0, 0, 0, , 0, 0, THETA,
AL, 30, 2020111606,   , CHP6, 0, 340N,  199W,  40,  996, TS,   0, , 0, 0, 0, 0, 0, 0, 0, 0, 0, 0, 0, , 0, 0, THETA,
AL, 30, 2020111612,   , CHP6, 0, 343N,  194W,  38,  995, TS,   0, , 0, 0, 0, 0, 0, 0, 0, 0, 0, 0, 0, , 0, 0, THETA,
AL, 30, 2020111618,   , CHP6, 0, 345N,  188W,  36,  995, TS,   0, , 0, 0, 0, 0, 0, 0, 0, 0, 0, 0, 0, , 0, 0, THETA,
AL, 30, 2020111700,   , CHP6, 0, 346N,  180W,  34,  995, TS,   0, , 0, 0, 0, 0, 0, 0, 0, 0, 0, 0, 0, , 0, 0, THETA,
AL, 30, 2020111706,   , CHP6, 0, 347N,  172W,  31,  995, EX,   0, , 0, 0, 0, 0, 0, 0, 0, 0, 0, 0, 0, , 0, 0, THETA,
AL, 30, 2020111712,   , CHP6, 0, 347N,  164W,  28,  996, EX,   0, , 0, 0, 0, 0, 0, 0, 0, 0, 0, 0, 0, , 0, 0, THETA,
