WP, 93, 2026050400,   , CHP6, 0,  75N, 1517E,  15, 1007, DB,   0, , 0, 0, 0, 0, 0, 0, 0, 0, 0, 0, 0, , 0, 0, INVEST,
WP, 93, 2026050406,   , CHP6, 0,  77N, 1511E,  15, 1006, DB,   0, , 0, 0, 0, 0, 0, 0, 0, 0, 0, 0, 0, , 0, 0, INVEST,
WP, 93, 2026050412,   , CHP6, 0,  79N, 1506E,  20, 1006, DB,   0, , 0, 0, 0, 0, 0, 0, 0, 0, 0, 0, 0, , 0, 0, INVEST,
WP, 93, 2026050418,   , CHP6, 0,  78N, 1500E,  20, 1006, DB,   0, , 0, 0, 0, 0, 0, 0, 0, 0, 0, 0, 0, , 0, 0, INVEST,
WP, 05, 2026050500,   , CHP6, 0,  77N, 1495E,  25, 1005, TD,   0, , 0, 0, 0, 0, 0, 0, 0, 0, 0, 0, 0, , 0, 0, FIVE,
WP, 05, 2026050506,   , CHP6, 0,  77N, 1489E,  30, 1005, TD,   0, , 0, 0, 0, 0, 0, 0, 0, 0, 0, 0, 0, , 0, 0, FIVE,
WP, 05, 2026050512,   , CHP6, 0,  76N, 1482E,  35, 1005, TS,   0, , 0, 0, 0, 0, 0, 0, 0, 0, 0, 0, 0, , 0, 0, HAGUPIT,
WP, 05, 2026050518,   , CHP6, 0,  76N, 1476E,  35, 1004, TS,   0, , 0, 0, 0, 0, 0, 0, 0, 0, 0, 0, 0, , 0, 0, HAGUPIT,
WP, 05, 2026050600,   , CHP6, 0,  75N, 1470E,  35, 1003, TS,   0, , 0, 0, 0, 0, 0, 0, 0, 0, 0, 0, 0, , 0, 0, HAGUPIT,
WP, 05, 2026050606,   , CHP6, 0,  74N, 1464E,  40, 1003, TS,   0, , 0, 0, 0, 0, 0, 0, 0, 0, 0, 0, 0, , 0, 0, HAGUPIT,
WP, 05, 2026050612,   , CHP6, 0,  74N, 1457E,  44,  996, TS,   0, , 0, 0, 0, 0, 0, 0, 0, 0, 0, 0, 0, , 0, 0, HAGUPIT,
WP, 05, 2026050618,   , CHP6, 0,  75N, 1450E,  53,  992, TS,   0, , 0, 0, 0, 0, 0, 0, 0, 0, 0, 0, 0, , 0, 0, HAGUPIT,
WP, 05, 2026050700,   , CHP6, 0,  77N, 1443E,  64,  987, TY,   0, , 0, 0, 0, 0, 0, 0, 0, 0, 0, 0, 0, , 0, 0, HAGUPIT,
WP, 05, 2026050706,   , CHP6, 0,  79N, 1435E,  83,  974, TY,   0, , 0, 0, 0, 0, 0, 0, 0, 0, 0, 0, 0, , 0, 0, HAGUPIT,
WP, 05, 2026050712,   , CHP6, 0,  81N, 1426E, 114,  946, TY,   0, , 0, 0, 0, 0, 0, 0, 0, 0, 0, 0, 0, , 0, 0, HAGUPIT,
WP, 05, 2026050718,   , CHP6, 0,  83N, 1416E, 148,  907, ST,   0, , 0, 0, 0, 0, 0, 0, 0, 0, 0, 0, 0, , 0, 0, HAGUPIT,
WP, 05, 2026050800,   , CHP6, 0,  85N, 1407E, 169,  878, ST,   0, , 0, 0, 0, 0, 0, 0, 0, 0, 0, 0, 0, , 0, 0, HAGUPIT,
WP, 05, 2026050806,   , CHP6, 0,  88N, 1398E, 155,  892, ST,   0, , 0, 0, 0, 0, 0, 0, 0, 0, 0, 0, 0, , 0, 0, HAGUPIT,
WP, 05, 2026050812,   , CHP6, 0,  90N, 1389E, 141,  910, ST,   0, , 0, 0, 0, 0, 0, 0, 0, 0, 0, 0, 0, , 0, 0, HAGUPIT,
WP, 05, 2026050818,   , CHP6, 0,  92N, 1380E, 160,  888, ST,   0, , 0, 0, 0, 0, 0, 0, 0, 0, 0, 0, 0, , 0, 0, HAGUPIT,
WP, 05, 2026050900,   , CHP6, 0,  94N, 1371E, 133,  920, ST,   0, , 0, 0, 0, 0, 0, 0, 0, 0, 0, 0, 0, , 0, 0, HAGUPIT,
WP, 05, 2026050906,   , CHP6, 0,  96N, 1362E, 141,  910, ST,   0, , 0, 0, 0, 0, 0, 0, 0, 0, 0, 0, 0, , 0, 0, HAGUPIT,
WP, 05, 2026050912,   , CHP6, 0,  98N, 1353E, 156,  891, ST,   0, , 0, 0, 0, 0, 0, 0, 0, 0, 0, 0, 0, , 0, 0, HAGUPIT,
WP, 05, 2026050918,   , CHP6, 0, 101N, 1345E, 142,  908, ST,   0, , 0, 0, 0, 0, 0, 0, 0, 0, 0, 0, 0, , 0, 0, HAGUPIT,
WP, 05, 2026051000,   , CHP6, 0, 104N, 1337E, 134,  919, ST,   0, , 0, 0, 0, 0, 0, 0, 0, 0, 0, 0, 0, , 0, 0, HAGUPIT,
WP, 05, 2026051006,   , CHP6, 0, 107N, 1330E, 133,  920, ST,   0, , 0, 0, 0, 0, 0, 0, 0, 0, 0, 0, 0, , 0, 0, HAGUPIT,
WP, 05, 2026051012,   , CHP6, 0, 110N, 1323E, 145,  904, ST,   0, , 0, 0, 0, 0, 0, 0, 0, 0, 0, 0, 0, , 0, 0, HAGUPIT,
WP, 05, 2026051018,   , CHP6, 0, 113N, 1316E, 142,  911, ST,   0, , 0, 0, 0, 0, 0, 0, 0, 0, 0, 0, 0, , 0, 0, HAGUPIT,
WP, 05, 2026051100,   , CHP6, 0, 115N, 1310E, 150,  900, ST,   0, , 0, 0, 0, 0, 0, 0, 0, 0, 0, 0, 0, , 0, 0, HAGUPIT,
WP, 05, 2026051106,   , CHP6, 0, 117N, 1303E, 144,  912, ST,   0, , 0, 0, 0, 0, 0, 0, 0, 0, 0, 0, 0, , 0, 0, HAGUPIT,
WP, 05, 2026051112,   , CHP6, 0, 119N, 1298E, 144,  907, ST,   0, , 0, 0, 0, 0, 0, 0, 0, 0, 0, 0, 0, , 0, 0, HAGUPIT,
WP, 05, 2026051118,   , CHP6, 0, 121N, 1292E, 143,  908, ST,   0, , 0, 0, 0, 0, 0, 0, 0, 0, 0, 0, 0, , 0, 0, HAGUPIT,
WP, 05, 2026051200,   , CHP6, 0, 125N, 1287E, 139,  913, ST,   0, , 0, 0, 0, 0, 0, 0, 0, 0, 0, 0, 0, , 0, 0, HAGUPIT,
WP, 05, 2026051206,   , CHP6, 0, 129N, 1283E, 137,  915, ST,   0, , 0, 0, 0, 0, 0, 0, 0, 0, 0, 0, 0, , 0, 0, HAGUPIT,
WP, 05, 2026051212,   , CHP6, 0, 134N, 1279E, 122,  933, TY,   0, , 0, 0, 0, 0, 0, 0, 0, 0, 0, 0, 0, , 0, 0, HAGUPIT,
WP, 05, 2026051218,   , CHP6, 0, 139N, 1275E, 109,  946, TY,   0, , 0, 0, 0, 0, 0, 0, 0, 0, 0, 0, 0, , 0, 0, HAGUPIT,
WP, 05, 2026051300,   , CHP6, 0, 145N, 1272E,  93,  959, TY,   0, , 0, 0, 0, 0, 0, 0, 0, 0, 0, 0, 0, , 0, 0, HAGUPIT,
WP, 05, 2026051306,   , CHP6, 0, 151N, 1270E,  81,  970, TY,   0, , 0, 0, 0, 0, 0, 0, 0, 0, 0, 0, 0, , 0, 0, HAGUPIT,
WP, 05, 2026051312,   , CHP6, 0, 160N, 1271E,  69,  982, TY,   0, , 0, 0, 0, 0, 0, 0, 0, 0, 0, 0, 0, , 0, 0, HAGUPIT,
WP, 05, 2026051318,   , CHP6, 0, 170N, 1273E,  58,  990, TS,   0, , 0, 0, 0, 0, 0, 0, 0, 0, 0, 0, 0, , 0, 0, HAGUPIT,
WP, 05, 2026051400,   , CHP6, 0, 180N, 1277E,  47,  993, TS,   0, , 0, 0, 0, 0, 0, 0, 0, 0, 0, 0, 0, , 0, 0, HAGUPIT,
WP, 05, 2026051406,   , CHP6, 0, 189N, 1282E,  40,  995, TS,   0, , 0, 0, 0, 0, 0, 0, 0, 0, 0, 0, 0, , 0, 0, HAGUPIT,
WP, 05, 2026051412,   , CHP6, 0, 198N, 1290E,  34,  997, TS,   0, , 0, 0, 0, 0, 0, 0, 0, 0, 0, 0, 0, , 0, 0, HAGUPIT,
WP, 05, 2026051418,   , CHP6, 0, 208N, 1300E,  27,  998, TD,   0, , 0, 0, 0, 0, 0, 0, 0, 0, 0, 0, 0, , 0, 0, HAGUPIT,
WP, 05, 2026051500,   , CHP6, 0, 218N, 1313E,  22,  999, DB,   0, , 0, 0, 0, 0, 0, 0, 0, 0, 0, 0, 0, , 0, 0, HAGUPIT,
WP, 05, 2026051506,   , CHP6, 0, 229N, 1328E,  16,  999, DB,   0, , 0, 0, 0, 0, 0, 0, 0, 0, 0, 0, 0, , 0, 0, HAGUPIT,
