EP, 08, 2025080118,   , CHP6,   0, 110N, 1088W,  20, 1008, DB,   0, , 0, 0, 0, 0, 0, 0, 0, 0, 0, 0, 0, , 0, 0, INVEST,
EP, 08, 2025080200,   , CHP6,   0, 110N, 1095W,  20, 1008, DB,   0, , 0, 0, 0, 0, 0, 0, 0, 0, 0, 0, 0, , 0, 0, INVEST,
EP, 08, 2025080206,   , CHP6,   0, 110N, 1102W,  20, 1008, DB,   0, , 0, 0, 0, 0, 0, 0, 0, 0, 0, 0, 0, , 0, 0, INVEST,
EP, 08, 2025080212,   , CHP6,   0, 110N, 1110W,  20, 1008, DB,   0, , 0, 0, 0, 0, 0, 0, 0, 0, 0, 0, 0, , 0, 0, INVEST,
EP, 08, 2025080218,   , CHP6,   0, 110N, 1119W,  25, 1008, LO,   0, , 0, 0, 0, 0, 0, 0, 0, 0, 0, 0, 0, , 0, 0, INVEST, SPAWNINVEST, ep772025 to ep902025, 
EP, 08, 2025080300,   , CHP6,   0, 110N, 1128W,  25, 1009, LO,   0, , 0, 0, 0, 0, 0, 0, 0, 0, 0, 0, 0, , 0, 0, INVEST,
EP, 08, 2025080306,   , CHP6,   0, 112N, 1137W,  20, 1009, DB,   0, , 0, 0, 0, 0, 0, 0, 0, 0, 0, 0, 0, , 0, 0, INVEST,
EP, 08, 2025080312,   , CHP6,   0, 114N, 1145W,  20, 1009, DB,   0, , 0, 0, 0, 0, 0, 0, 0, 0, 0, 0, 0, , 0, 0, INVEST,
EP, 08, 2025080318,   , CHP6,   0, 118N, 1153W,  20, 1009, DB,   0, , 0, 0, 0, 0, 0, 0, 0, 0, 0, 0, 0, , 0, 0, INVEST,
EP, 08, 2025080400,   , CHP6,   0, 124N, 1164W,  25, 1009, TD,   0, , 0, 0, 0, 0, 0, 0, 0, 0, 0, 0, 0, , 0, 0, EIGHT,
EP, 08, 2025080406,   , CHP6,   0, 133N, 1175W,  30, 1007, TD,   0, , 0, 0, 0, 0, 0, 0, 0, 0, 0, 0, 0, , 0, 0, EIGHT,
EP, 08, 2025080412,   , CHP6,   0, 141N, 1188W,  35, 1006, TS,   0, , 0, 0, 0, 0, 0, 0, 0, 0, 0, 0, 0, , 0, 0, HENRIETTE,
EP, 08, 2025080418,   , CHP6,   0, 146N, 1200W,  40, 1004, TS,   0, , 0, 0, 0, 0, 0, 0, 0, 0, 0, 0, 0, , 0, 0, HENRIETTE,
EP, 08, 2025080500,   , CHP6,   0, 151N, 1212W,  45, 1001, TS,   0, , 0, 0, 0, 0, 0, 0, 0, 0, 0, 0, 0, , 0, 0, HENRIETTE,
EP, 08, 2025080506,   , CHP6,   0, 156N, 1224W,  41,  998, TS,   0, , 0, 0, 0, 0, 0, 0, 0, 0, 0, 0, 0, , 0, 0, HENRIETTE,
EP, 08, 2025080512,   , CHP6,   0, 161N, 1238W,  36, 1000, TS,   0, , 0, 0, 0, 0, 0, 0, 0, 0, 0, 0, 0, , 0, 0, HENRIETTE,
EP, 08, 2025080518,   , CHP6,   0, 165N, 1250W,  36,  999, TS,   0, , 0, 0, 0, 0, 0, 0, 0, 0, 0, 0, 0, , 0, 0, HENRIETTE,
EP, 08, 2025080600,   , CHP6,   0, 170N, 1262W,  36,  999, TS,   0, , 0, 0, 0, 0, 0, 0, 0, 0, 0, 0, 0, , 0, 0, HENRIETTE,
EP, 08, 2025080606,   , CHP6,   0, 175N, 1276W,  36,  999, TS,   0, , 0, 0, 0, 0, 0, 0, 0, 0, 0, 0, 0, , 0, 0, HENRIETTE,
EP, 08, 2025080612,   , CHP6,   0, 179N, 1289W,  34, 1000, TS,   0, , 0, 0, 0, 0, 0, 0, 0, 0, 0, 0, 0, , 0, 0, HENRIETTE,
EP, 08, 2025080618,   , CHP6,   0, 182N, 1305W,  34, 1000, TS,   0, , 0, 0, 0, 0, 0, 0, 0, 0, 0, 0, 0, , 0, 0, HENRIETTE,
EP, 08, 2025080700,   , CHP6,   0, 184N, 1317W,  34, 1000, TS,   0, , 0, 0, 0, 0, 0, 0, 0, 0, 0, 0, 0, , 0, 0, HENRIETTE,
EP, 08, 2025080706,   , CHP6,   0, 186N, 1333W,  38,  999, TS,   0, , 0, 0, 0, 0, 0, 0, 0, 0, 0, 0, 0, , 0, 0, HENRIETTE,
EP, 08, 2025080712,   , CHP6,   0, 188N, 1347W,  40,  998, TS,   0, , 0, 0, 0, 0, 0, 0, 0, 0, 0, 0, 0, , 0, 0, HENRIETTE,
EP, 08, 2025080718,   , CHP6,   0, 190N, 1364W,  36,  999, TS,   0, , 0, 0, 0, 0, 0, 0, 0, 0, 0, 0, 0, , 0, 0, HENRIETTE,
EP, 08, 2025080800,   , CHP6,   0, 192N, 1378W,  33, 1000, TD,   0, , 0, 0, 0, 0, 0, 0, 0, 0, 0, 0, 0, , 0, 0, HENRIETTE,
EP, 08, 2025080806,   , CHP6,   0, 194N, 1392W,  31, 1000, TD,   0, , 0, 0, 0, 0, 0, 0, 0, 0, 0, 0, 0, , 0, 0, HENRIETTE,
EP, 08, 2025080812,   , CHP6,   0, 196N, 1409W,  28, 1001, TD,   0, , 0, 0, 0, 0, 0, 0, 0, 0, 0, 0, 0, , 0, 0, HENRIETTE,
EP, 08, 2025080818,   , CHP6,   0, 199N, 1422W,  28, 1001, TD,   0, , 0, 0, 0, 0, 0, 0, 0, 0, 0, 0, 0, , 0, 0, HENRIETTE,
EP, 08, 2025080900,   , CHP6,   0, 202N, 1437W,  26, 1002, TD,   0, , 0, 0, 0, 0, 0, 0, 0, 0, 0, 0, 0, , 0, 0, HENRIETTE,
EP, 08, 2025080906,   , CHP6,   0, 205N, 1452W,  26, 1002, TD,   0, , 0, 0, 0, 0, 0, 0, 0, 0, 0, 0, 0, , 0, 0, HENRIETTE,
EP, 08, 2025080912,   , CHP6,   0, 210N, 1463W,  25, 1002, TD,   0, , 0, 0, 0, 0, 0, 0, 0, 0, 0, 0, 0, , 0, 0, HENRIETTE,
EP, 08, 2025080918,   , CHP6,   0, 217N, 1473W,  25, 1001, TD,   0, , 0, 0, 0, 0, 0, 0, 0, 0, 0, 0, 0, , 0, 0, HENRIETTE,
EP, 08, 2025081000,   , CHP6,   0, 226N, 1487W,  30, 1000, TD,   0, , 0, 0, 0, 0, 0, 0, 0, 0, 0, 0, 0, , 0, 0, HENRIETTE,
EP, 08, 2025081006,   , CHP6,   0, 234N, 1497W,  33,  999, TD,   0, , 0, 0, 0, 0, 0, 0, 0, 0, 0, 0, 0, , 0, 0, HENRIETTE,
EP, 08, 2025081012,   , CHP6,   0, 243N, 1509W,  34,  999, TS,   0, , 0, 0, 0, 0, 0, 0, 0, 0, 0, 0, 0, , 0, 0, HENRIETTE,
EP, 08, 2025081018,   , CHP6,   0, 252N, 1520W,  42,  996, TS,   0, , 0, 0, 0, 0, 0, 0, 0, 0, 0, 0, 0, , 0, 0, HENRIETTE,
EP, 08, 2025081100,   , CHP6,   0, 262N, 1531W,  51,  991, TS,   0, , 0, 0, 0, 0, 0, 0, 0, 0, 0, 0, 0, , 0, 0, HENRIETTE,
EP, 08, 2025081106,   , CHP6,   0, 273N, 1545W,  56,  987, TS,   0, , 0, 0, 0, 0, 0, 0, 0, 0, 0, 0, 0, , 0, 0, HENRIETTE,
EP, 08, 2025081112,   , CHP6,   0, 283N, 1558W,  59,  988, TS,   0, , 0, 0, 0, 0, 0, 0, 0, 0, 0, 0, 0, , 0, 0, HENRIETTE,
EP, 08, 2025081118,   , CHP6,   0, 294N, 1572W,  66,  983, HU,   0, , 0, 0, 0, 0, 0, 0, 0, 0, 0, 0, 0, , 0, 0, HENRIETTE,
EP, 08, 2025081200,   , CHP6,   0, 304N, 1586W,  73,  977, HU,   0, , 0, 0, 0, 0, 0, 0, 0, 0, 0, 0, 0, , 0, 0, HENRIETTE,
EP, 08, 2025081206,   , CHP6,   0, 314N, 1600W,  76,  978, HU,   0, , 0, 0, 0, 0, 0, 0, 0, 0, 0, 0, 0, , 0, 0, HENRIETTE,
EP, 08, 2025081212,   , CHP6,   0, 324N, 1612W,  82,  973, HU,   0, , 0, 0, 0, 0, 0, 0, 0, 0, 0, 0, 0, , 0, 0, HENRIETTE,
EP, 08, 2025081218,   , CHP6,   0, 334N, 1625W,  85,  969, HU,   0, , 0, 0, 0, 0, 0, 0, 0, 0, 0, 0, 0, , 0, 0, HENRIETTE,
EP, 08, 2025081300,   , CHP6,   0, 344N, 1638W,  84,  974, HU,   0, , 0, 0, 0, 0, 0, 0, 0, 0, 0, 0, 0, , 0, 0, HENRIETTE,
EP, 08, 2025081306,   , CHP6,   0, 355N, 1651W,  83,  975, HU,   0, , 0, 0, 0, 0, 0, 0, 0, 0, 0, 0, 0, , 0, 0, HENRIETTE,
EP, 08, 2025081312,   , CHP6,   0, 365N, 1663W,  74,  981, HU,   0, , 0, 0, 0, 0, 0, 0, 0, 0, 0, 0, 0, , 0, 0, HENRIETTE,
EP, 08, 2025081318,   , CHP6,   0, 374N, 1672W,  56,  988, TS,   0, , 0, 0, 0, 0, 0, 0, 0, 0, 0, 0, 0, , 0, 0, HENRIETTE,
EP, 08, 2025081400,   , CHP6,   0, 383N, 1681W,  43,  994, TS,   0, , 0, 0, 0, 0, 0, 0, 0, 0, 0, 0, 0, , 0, 0, HENRIETTE,
EP, 08, 2025081406,   , CHP6,   0, 393N, 1688W,  41,  995, TS,   0, , 0, 0, 0, 0, 0, 0, 0, 0, 0, 0, 0, , 0, 0, HENRIETTE,
EP, 08, 2025081412,   , CHP6,   0, 402N, 1695W,  40,  995, EX,   0, , 0, 0, 0, 0, 0, 0, 0, 0, 0, 0, 0, , 0, 0, HENRIETTE,
EP, 08, 2025081418,   , CHP6,   0, 410N, 1702W,  39,  995, EX,   0, , 0, 0, 0, 0, 0, 0, 0, 0, 0, 0, 0, , 0, 0, HENRIETTE,