EP, 95, 2025090918,   , BEST,   0, 117N,  937W,  20, 1009, DB,   0, , 0, 0, 0, 0, 0, 0, 0, 0, 0, 0, 0, , 0, 0, INVEST,
EP, 95, 2025091000,   , BEST,   0, 120N,  946W,  20, 1009, DB,   0, , 0, 0, 0, 0, 0, 0, 0, 0, 0, 0, 0, , 0, 0, INVEST,
EP, 95, 2025091006,   , BEST,   0, 124N,  955W,  20, 1009, DB,   0, , 0, 0, 0, 0, 0, 0, 0, 0, 0, 0, 0, , 0, 0, INVEST,
EP, 95, 2025091012,   , BEST,   0, 130N,  962W,  20, 1008, DB,   0, , 0, 0, 0, 0, 0, 0, 0, 0, 0, 0, 0, , 0, 0, INVEST,
EP, 95, 2025091018,   , BEST,   0, 137N,  969W,  20, 1008, DB,   0, , 0, 0, 0, 0, 0, 0, 0, 0, 0, 0, 0, , 0, 0, INVEST,
EP, 95, 2025091100,   , BEST,   0, 145N,  974W,  20, 1008, DB,   0, , 0, 0, 0, 0, 0, 0, 0, 0, 0, 0, 0, , 0, 0, INVEST,
EP, 13, 2025091106,   , BEST,   0, 150N,  978W,  25, 1009, TD,   0, , 0, 0, 0, 0, 0, 0, 0, 0, 0, 0, 0, , 0, 0, THIRTEEN,
EP, 13, 2025091112,   , BEST,   0, 153N,  981W,  25, 1009, TD,   0, , 0, 0, 0, 0, 0, 0, 0, 0, 0, 0, 0, , 0, 0, THIRTEEN,
EP, 13, 2025091118,   , BEST,   0, 156N,  985W,  30, 1009, TD,   0, , 0, 0, 0, 0, 0, 0, 0, 0, 0, 0, 0, , 0, 0, THIRTEEN,
EP, 13, 2025091200,   , BEST,   0, 159N,  991W,  30, 1007, TD,   0, , 0, 0, 0, 0, 0, 0, 0, 0, 0, 0, 0, , 0, 0, THIRTEEN,
EP, 13, 2025091206,   , BEST,   0, 165N, 1002W,  35, 1007, TS,   0, , 0, 0, 0, 0, 0, 0, 0, 0, 0, 0, 0, , 0, 0, MARIO,
EP, 13, 2025091212,   , BEST,   0, 170N, 1013W,  35, 1006, TS,   0, , 0, 0, 0, 0, 0, 0, 0, 0, 0, 0, 0, , 0, 0, MARIO,
EP, 13, 2025091218,   , BEST,   0, 173N, 1024W,  35, 1006, TS,   0, , 0, 0, 0, 0, 0, 0, 0, 0, 0, 0, 0, , 0, 0, MARIO,
EP, 13, 2025091300,   , BEST,   0, 176N, 1034W,  40,  998, TS,   0, , 0, 0, 0, 0, 0, 0, 0, 0, 0, 0, 0, , 0, 0, MARIO,
EP, 13, 2025091306,   , BEST,   0, 179N, 1045W,  49,  994, TS,   0, , 0, 0, 0, 0, 0, 0, 0, 0, 0, 0, 0, , 0, 0, MARIO,
EP, 13, 2025091312,   , BEST,   0, 181N, 1053W,  59,  989, TS,   0, , 0, 0, 0, 0, 0, 0, 0, 0, 0, 0, 0, , 0, 0, MARIO,
EP, 13, 2025091318,   , BEST,   0, 184N, 1062W,  75,  980, HU,   0, , 0, 0, 0, 0, 0, 0, 0, 0, 0, 0, 0, , 0, 0, MARIO,
EP, 13, 2025091400,   , BEST,   0, 186N, 1069W,  99,  960, HU,   0, , 0, 0, 0, 0, 0, 0, 0, 0, 0, 0, 0, , 0, 0, MARIO,
EP, 13, 2025091406,   , BEST,   0, 189N, 1077W, 130,  926, HU,   0, , 0, 0, 0, 0, 0, 0, 0, 0, 0, 0, 0, , 0, 0, MARIO,
EP, 13, 2025091412,   , BEST,   0, 191N, 1084W, 138,  921, HU,   0, , 0, 0, 0, 0, 0, 0, 0, 0, 0, 0, 0, , 0, 0, MARIO,
EP, 13, 2025091418,   , BEST,   0, 193N, 1092W, 124,  932, HU,   0, , 0, 0, 0, 0, 0, 0, 0, 0, 0, 0, 0, , 0, 0, MARIO,
EP, 13, 2025091500,   , BEST,   0, 196N, 1099W, 102,  953, HU,   0, , 0, 0, 0, 0, 0, 0, 0, 0, 0, 0, 0, , 0, 0, MARIO,
EP, 13, 2025091506,   , BEST,   0, 199N, 1106W,  98,  958, HU,   0, , 0, 0, 0, 0, 0, 0, 0, 0, 0, 0, 0, , 0, 0, MARIO,
EP, 13, 2025091512,   , BEST,   0, 202N, 1113W, 100,  956, HU,   0, , 0, 0, 0, 0, 0, 0, 0, 0, 0, 0, 0, , 0, 0, MARIO,
EP, 13, 2025091518,   , BEST,   0, 205N, 1120W, 100,  955, HU,   0, , 0, 0, 0, 0, 0, 0, 0, 0, 0, 0, 0, , 0, 0, MARIO,
EP, 13, 2025091600,   , BEST,   0, 209N, 1127W, 101,  955, HU,   0, , 0, 0, 0, 0, 0, 0, 0, 0, 0, 0, 0, , 0, 0, MARIO,
EP, 13, 2025091606,   , BEST,   0, 213N, 1134W, 101,  955, HU,   0, , 0, 0, 0, 0, 0, 0, 0, 0, 0, 0, 0, , 0, 0, MARIO,
EP, 13, 2025091612,   , BEST,   0, 217N, 1142W, 100,  957, HU,   0, , 0, 0, 0, 0, 0, 0, 0, 0, 0, 0, 0, , 0, 0, MARIO,
EP, 13, 2025091618,   , BEST,   0, 221N, 1149W,  92,  963, HU,   0, , 0, 0, 0, 0, 0, 0, 0, 0, 0, 0, 0, , 0, 0, MARIO,
EP, 13, 2025091700,   , BEST,   0, 225N, 1156W,  69,  978, HU,   0, , 0, 0, 0, 0, 0, 0, 0, 0, 0, 0, 0, , 0, 0, MARIO,
EP, 13, 2025091706,   , BEST,   0, 230N, 1164W,  53,  989, TS,   0, , 0, 0, 0, 0, 0, 0, 0, 0, 0, 0, 0, , 0, 0, MARIO,
EP, 13, 2025091712,   , BEST,   0, 234N, 1171W,  49,  988, TS,   0, , 0, 0, 0, 0, 0, 0, 0, 0, 0, 0, 0, , 0, 0, MARIO,
EP, 13, 2025091718,   , BEST,   0, 239N, 1179W,  47,  990, TS,   0, , 0, 0, 0, 0, 0, 0, 0, 0, 0, 0, 0, , 0, 0, MARIO,
EP, 13, 2025091800,   , BEST,   0, 245N, 1188W,  38,  993, TS,   0, , 0, 0, 0, 0, 0, 0, 0, 0, 0, 0, 0, , 0, 0, MARIO,
EP, 13, 2025091806,   , BEST,   0, 252N, 1196W,  33,  996, TD,   0, , 0, 0, 0, 0, 0, 0, 0, 0, 0, 0, 0, , 0, 0, MARIO,
EP, 13, 2025091812,   , BEST,   0, 259N, 1205W,  22,  998, DB,   0, , 0, 0, 0, 0, 0, 0, 0, 0, 0, 0, 0, , 0, 0, MARIO,
EP, 13, 2025091818,   , BEST,   0, 265N, 1213W,  19,  999, DB,   0, , 0, 0, 0, 0, 0, 0, 0, 0, 0, 0, 0, , 0, 0, MARIO,
