EP, 98, 2025092812,   , BEST,   0, 115N, 1085W,  15, 1009, DB,   0, , 0, 0, 0, 0, 0, 0, 0, 0, 0, 0, 0, , 0, 0, INVEST,
EP, 98, 2025092818,   , BEST,   0, 111N, 1091W,  15, 1009, DB,   0, , 0, 0, 0, 0, 0, 0, 0, 0, 0, 0, 0, , 0, 0, INVEST,
EP, 98, 2025092900,   , BEST,   0, 107N, 1100W,  20, 1009, DB,   0, , 0, 0, 0, 0, 0, 0, 0, 0, 0, 0, 0, , 0, 0, INVEST,
EP, 98, 2025092906,   , BEST,   0, 102N, 1109W,  20, 1009, DB,   0, , 0, 0, 0, 0, 0, 0, 0, 0, 0, 0, 0, , 0, 0, INVEST,
EP, 15, 2025092912,   , BEST,   0,  98N, 1116W,  25, 1008, TD,   0, , 0, 0, 0, 0, 0, 0, 0, 0, 0, 0, 0, , 0, 0, FIFTEEN,
EP, 15, 2025092918,   , BEST,   0,  93N, 1123W,  30, 1008, TD,   0, , 0, 0, 0, 0, 0, 0, 0, 0, 0, 0, 0, , 0, 0, FIFTEEN,
EP, 15, 2025093000,   , BEST,   0,  92N, 1126W,  30, 1007, TD,   0, , 0, 0, 0, 0, 0, 0, 0, 0, 0, 0, 0, , 0, 0, FIFTEEN,
EP, 15, 2025093006,   , BEST,   0,  93N, 1130W,  35, 1005, TS,   0, , 0, 0, 0, 0, 0, 0, 0, 0, 0, 0, 0, , 0, 0, OCTAVE,
EP, 15, 2025093012,   , BEST,   0,  95N, 1133W,  40, 1004, TS,   0, , 0, 0, 0, 0, 0, 0, 0, 0, 0, 0, 0, , 0, 0, OCTAVE,
EP, 15, 2025093018,   , BEST,   0,  99N, 1137W,  45, 1002, TS,   0, , 0, 0, 0, 0, 0, 0, 0, 0, 0, 0, 0, , 0, 0, OCTAVE,
EP, 15, 2025100100,   , BEST,   0, 103N, 1139W,  44,  995, TS,   0, , 0, 0, 0, 0, 0, 0, 0, 0, 0, 0, 0, , 0, 0, OCTAVE,
EP, 15, 2025100106,   , BEST,   0, 108N, 1141W,  44,  995, TS,   0, , 0, 0, 0, 0, 0, 0, 0, 0, 0, 0, 0, , 0, 0, OCTAVE,
EP, 15, 2025100112,   , BEST,   0, 112N, 1142W,  43,  995, TS,   0, , 0, 0, 0, 0, 0, 0, 0, 0, 0, 0, 0, , 0, 0, OCTAVE,
EP, 15, 2025100118,   , BEST,   0, 117N, 1144W,  45,  994, TS,   0, , 0, 0, 0, 0, 0, 0, 0, 0, 0, 0, 0, , 0, 0, OCTAVE,
EP, 15, 2025100200,   , BEST,   0, 121N, 1147W,  48,  993, TS,   0, , 0, 0, 0, 0, 0, 0, 0, 0, 0, 0, 0, , 0, 0, OCTAVE,
EP, 15, 2025100206,   , BEST,   0, 125N, 1150W,  52,  991, TS,   0, , 0, 0, 0, 0, 0, 0, 0, 0, 0, 0, 0, , 0, 0, OCTAVE,
EP, 15, 2025100212,   , BEST,   0, 128N, 1155W,  55,  989, TS,   0, , 0, 0, 0, 0, 0, 0, 0, 0, 0, 0, 0, , 0, 0, OCTAVE,
EP, 15, 2025100218,   , BEST,   0, 131N, 1160W,  57,  987, TS,   0, , 0, 0, 0, 0, 0, 0, 0, 0, 0, 0, 0, , 0, 0, OCTAVE,
EP, 15, 2025100300,   , BEST,   0, 133N, 1165W,  64,  984, HU,   0, , 0, 0, 0, 0, 0, 0, 0, 0, 0, 0, 0, , 0, 0, OCTAVE,
EP, 15, 2025100306,   , BEST,   0, 135N, 1171W,  69,  980, HU,   0, , 0, 0, 0, 0, 0, 0, 0, 0, 0, 0, 0, , 0, 0, OCTAVE,
EP, 15, 2025100312,   , BEST,   0, 137N, 1176W,  74,  977, HU,   0, , 0, 0, 0, 0, 0, 0, 0, 0, 0, 0, 0, , 0, 0, OCTAVE,
EP, 15, 2025100318,   , BEST,   0, 139N, 1182W,  81,  972, HU,   0, , 0, 0, 0, 0, 0, 0, 0, 0, 0, 0, 0, , 0, 0, OCTAVE,
EP, 15, 2025100400,   , BEST,   0, 141N, 1189W,  91,  963, HU,   0, , 0, 0, 0, 0, 0, 0, 0, 0, 0, 0, 0, , 0, 0, OCTAVE,
EP, 15, 2025100406,   , BEST,   0, 143N, 1197W, 101,  954, HU,   0, , 0, 0, 0, 0, 0, 0, 0, 0, 0, 0, 0, , 0, 0, OCTAVE,
EP, 15, 2025100412,   , BEST,   0, 145N, 1206W, 106,  949, HU,   0, , 0, 0, 0, 0, 0, 0, 0, 0, 0, 0, 0, , 0, 0, OCTAVE,
EP, 15, 2025100418,   , BEST,   0, 148N, 1215W,  95,  959, HU,   0, , 0, 0, 0, 0, 0, 0, 0, 0, 0, 0, 0, , 0, 0, OCTAVE,
EP, 15, 2025100500,   , BEST,   0, 150N, 1223W,  87,  965, HU,   0, , 0, 0, 0, 0, 0, 0, 0, 0, 0, 0, 0, , 0, 0, OCTAVE,
EP, 15, 2025100506,   , BEST,   0, 152N, 1229W,  85,  968, HU,   0, , 0, 0, 0, 0, 0, 0, 0, 0, 0, 0, 0, , 0, 0, OCTAVE,
EP, 15, 2025100512,   , BEST,   0, 154N, 1233W,  85,  968, HU,   0, , 0, 0, 0, 0, 0, 0, 0, 0, 0, 0, 0, , 0, 0, OCTAVE,
EP, 15, 2025100518,   , BEST,   0, 157N, 1234W,  85,  968, HU,   0, , 0, 0, 0, 0, 0, 0, 0, 0, 0, 0, 0, , 0, 0, OCTAVE,
EP, 15, 2025100600,   , BEST,   0, 160N, 1231W,  80,  980, HU,   0, , 0, 0, 0, 0, 0, 0, 0, 0, 0, 0, 0, , 0, 0, OCTAVE,
EP, 15, 2025100606,   , BEST,   0, 161N, 1225W,  75,  981, HU,   0, , 0, 0, 0, 0, 0, 0, 0, 0, 0, 0, 0, , 0, 0, OCTAVE,
EP, 15, 2025100612,   , BEST,   0, 161N, 1220W,  72,  981, HU,   0, , 0, 0, 0, 0, 0, 0, 0, 0, 0, 0, 0, , 0, 0, OCTAVE,
EP, 15, 2025100618,   , BEST,   0, 160N, 1215W,  69,  981, HU,   0, , 0, 0, 0, 0, 0, 0, 0, 0, 0, 0, 0, , 0, 0, OCTAVE,
EP, 15, 2025100700,   , BEST,   0, 159N, 1210W,  71,  981, HU,   0, , 0, 0, 0, 0, 0, 0, 0, 0, 0, 0, 0, , 0, 0, OCTAVE,
EP, 15, 2025100706,   , BEST,   0, 158N, 1204W,  74,  979, HU,   0, , 0, 0, 0, 0, 0, 0, 0, 0, 0, 0, 0, , 0, 0, OCTAVE,
EP, 15, 2025100712,   , BEST,   0, 157N, 1198W,  77,  978, HU,   0, , 0, 0, 0, 0, 0, 0, 0, 0, 0, 0, 0, , 0, 0, OCTAVE,
EP, 15, 2025100718,   , BEST,   0, 157N, 1192W,  78,  976, HU,   0, , 0, 0, 0, 0, 0, 0, 0, 0, 0, 0, 0, , 0, 0, OCTAVE,
EP, 15, 2025100800,   , BEST,   0, 158N, 1184W,  77,  977, HU,   0, , 0, 0, 0, 0, 0, 0, 0, 0, 0, 0, 0, , 0, 0, OCTAVE,
EP, 15, 2025100806,   , BEST,   0, 159N, 1176W,  74,  978, HU,   0, , 0, 0, 0, 0, 0, 0, 0, 0, 0, 0, 0, , 0, 0, OCTAVE,
EP, 15, 2025100812,   , BEST,   0, 160N, 1168W,  74,  979, HU,   0, , 0, 0, 0, 0, 0, 0, 0, 0, 0, 0, 0, , 0, 0, OCTAVE,
EP, 15, 2025100818,   , BEST,   0, 162N, 1159W,  76,  977, HU,   0, , 0, 0, 0, 0, 0, 0, 0, 0, 0, 0, 0, , 0, 0, OCTAVE,
EP, 15, 2025100900,   , BEST,   0, 167N, 1147W,  79,  975, HU,   0, , 0, 0, 0, 0, 0, 0, 0, 0, 0, 0, 0, , 0, 0, OCTAVE,
EP, 15, 2025100906,   , BEST,   0, 172N, 1136W,  80,  975, HU,   0, , 0, 0, 0, 0, 0, 0, 0, 0, 0, 0, 0, , 0, 0, OCTAVE,
EP, 15, 2025100912,   , BEST,   0, 178N, 1124W,  80,  975, HU,   0, , 0, 0, 0, 0, 0, 0, 0, 0, 0, 0, 0, , 0, 0, OCTAVE,
EP, 15, 2025100918,   , BEST,   0, 183N, 1112W,  80,  974, HU,   0, , 0, 0, 0, 0, 0, 0, 0, 0, 0, 0, 0, , 0, 0, OCTAVE,
EP, 15, 2025101000,   , BEST,   0, 189N, 1102W,  79,  976, HU,   0, , 0, 0, 0, 0, 0, 0, 0, 0, 0, 0, 0, , 0, 0, OCTAVE,
EP, 15, 2025101006,   , BEST,   0, 197N, 1095W,  78,  978, HU,   0, , 0, 0, 0, 0, 0, 0, 0, 0, 0, 0, 0, , 0, 0, OCTAVE,
EP, 15, 2025101012,   , BEST,   0, 208N, 1092W,  77,  979, HU,   0, , 0, 0, 0, 0, 0, 0, 0, 0, 0, 0, 0, , 0, 0, OCTAVE,
EP, 15, 2025101018,   , BEST,   0, 219N, 1094W,  76,  980, HU,   0, , 0, 0, 0, 0, 0, 0, 0, 0, 0, 0, 0, , 0, 0, OCTAVE,
EP, 15, 2025101100,   , BEST,   0, 230N, 1098W,  75,  982, HU,   0, , 0, 0, 0, 0, 0, 0, 0, 0, 0, 0, 0, , 0, 0, OCTAVE,
EP, 15, 2025101106,   , BEST,   0, 241N, 1102W,  64,  983, HU,   0, , 0, 0, 0, 0, 0, 0, 0, 0, 0, 0, 0, , 0, 0, OCTAVE,
EP, 15, 2025101112,   , BEST,   0, 252N, 1104W,  52,  984, TS,   0, , 0, 0, 0, 0, 0, 0, 0, 0, 0, 0, 0, , 0, 0, OCTAVE,
EP, 15, 2025101118,   , BEST,   0, 263N, 1106W,  43,  987, TS,   0, , 0, 0, 0, 0, 0, 0, 0, 0, 0, 0, 0, , 0, 0, OCTAVE,
EP, 15, 2025101200,   , BEST,   0, 274N, 1107W,  34,  990, TS,   0, , 0, 0, 0, 0, 0, 0, 0, 0, 0, 0, 0, , 0, 0, OCTAVE,
EP, 15, 2025101206,   , BEST,   0, 285N, 1106W,  25,  995, EX,   0, , 0, 0, 0, 0, 0, 0, 0, 0, 0, 0, 0, , 0, 0, OCTAVE,
EP, 15, 2025101212,   , BEST,   0, 296N, 1104W,  19,  995, EX,   0, , 0, 0, 0, 0, 0, 0, 0, 0, 0, 0, 0, , 0, 0, OCTAVE,
