EP, 97, 2025091918,   , BEST,   0, 120N,  959W,  20, 1010, DB,   0, , 0, 0, 0, 0, 0, 0, 0, 0, 0, 0, 0, , 0, 0, INVEST,
EP, 97, 2025092000,   , BEST,   0, 123N,  965W,  20, 1008, DB,   0, , 0, 0, 0, 0, 0, 0, 0, 0, 0, 0, 0, , 0, 0, INVEST,
EP, 97, 2025092006,   , BEST,   0, 126N,  969W,  20, 1008, DB,   0, , 0, 0, 0, 0, 0, 0, 0, 0, 0, 0, 0, , 0, 0, INVEST,
EP, 14, 2025092012,   , BEST,   0, 128N,  972W,  30, 1008, TD,   0, , 0, 0, 0, 0, 0, 0, 0, 0, 0, 0, 0, , 0, 0, FOURTEEN,
EP, 14, 2025092018,   , BEST,   0, 129N,  975W,  30, 1008, TD,   0, , 0, 0, 0, 0, 0, 0, 0, 0, 0, 0, 0, , 0, 0, FOURTEEN,
EP, 14, 2025092100,   , BEST,   0, 131N,  979W,  30, 1008, TD,   0, , 0, 0, 0, 0, 0, 0, 0, 0, 0, 0, 0, , 0, 0, FOURTEEN,
EP, 14, 2025092106,   , BEST,   0, 133N,  983W,  30, 1008, TD,   0, , 0, 0, 0, 0, 0, 0, 0, 0, 0, 0, 0, , 0, 0, FOURTEEN,
EP, 14, 2025092112,   , BEST,   0, 138N,  987W,  35, 1008, TS,   0, , 0, 0, 0, 0, 0, 0, 0, 0, 0, 0, 0, , 0, 0, NARDA,
EP, 14, 2025092118,   , BEST,   0, 144N,  994W,  35, 1006, TS,   0, , 0, 0, 0, 0, 0, 0, 0, 0, 0, 0, 0, , 0, 0, NARDA,
EP, 14, 2025092200,   , BEST,   0, 148N, 1001W,  36, 1006, TS,   0, , 0, 0, 0, 0, 0, 0, 0, 0, 0, 0, 0, , 0, 0, NARDA,
EP, 14, 2025092206,   , BEST,   0, 151N, 1009W,  40,  999, TS,   0, , 0, 0, 0, 0, 0, 0, 0, 0, 0, 0, 0, , 0, 0, NARDA,
EP, 14, 2025092212,   , BEST,   0, 155N, 1018W,  42,  997, TS,   0, , 0, 0, 0, 0, 0, 0, 0, 0, 0, 0, 0, , 0, 0, NARDA,
EP, 14, 2025092218,   , BEST,   0, 158N, 1027W,  48,  995, TS,   0, , 0, 0, 0, 0, 0, 0, 0, 0, 0, 0, 0, , 0, 0, NARDA,
EP, 14, 2025092300,   , BEST,   0, 160N, 1036W,  57,  990, TS,   0, , 0, 0, 0, 0, 0, 0, 0, 0, 0, 0, 0, , 0, 0, NARDA,
EP, 14, 2025092306,   , BEST,   0, 161N, 1046W,  74,  981, HU,   0, , 0, 0, 0, 0, 0, 0, 0, 0, 0, 0, 0, , 0, 0, NARDA,
EP, 14, 2025092312,   , BEST,   0, 162N, 1056W, 103,  958, HU,   0, , 0, 0, 0, 0, 0, 0, 0, 0, 0, 0, 0, , 0, 0, NARDA,
EP, 14, 2025092318,   , BEST,   0, 162N, 1066W, 140,  919, HU,   0, , 0, 0, 0, 0, 0, 0, 0, 0, 0, 0, 0, , 0, 0, NARDA,
EP, 14, 2025092400,   , BEST,   0, 162N, 1076W, 168,  882, HU,   0, , 0, 0, 0, 0, 0, 0, 0, 0, 0, 0, 0, , 0, 0, NARDA,
EP, 14, 2025092406,   , BEST,   0, 162N, 1087W, 153,  897, HU,   0, , 0, 0, 0, 0, 0, 0, 0, 0, 0, 0, 0, , 0, 0, NARDA,
EP, 14, 2025092412,   , BEST,   0, 162N, 1098W, 136,  918, HU,   0, , 0, 0, 0, 0, 0, 0, 0, 0, 0, 0, 0, , 0, 0, NARDA,
EP, 14, 2025092418,   , BEST,   0, 163N, 1110W, 131,  924, HU,   0, , 0, 0, 0, 0, 0, 0, 0, 0, 0, 0, 0, , 0, 0, NARDA,
EP, 14, 2025092500,   , BEST,   0, 163N, 1122W, 130,  925, HU,   0, , 0, 0, 0, 0, 0, 0, 0, 0, 0, 0, 0, , 0, 0, NARDA,
EP, 14, 2025092506,   , BEST,   0, 164N, 1133W, 127,  929, HU,   0, , 0, 0, 0, 0, 0, 0, 0, 0, 0, 0, 0, , 0, 0, NARDA,
EP, 14, 2025092512,   , BEST,   0, 165N, 1145W, 110,  948, HU,   0, , 0, 0, 0, 0, 0, 0, 0, 0, 0, 0, 0, , 0, 0, NARDA,
EP, 14, 2025092518,   , BEST,   0, 166N, 1157W, 107,  951, HU,   0, , 0, 0, 0, 0, 0, 0, 0, 0, 0, 0, 0, , 0, 0, NARDA,
EP, 14, 2025092600,   , BEST,   0, 167N, 1169W, 108,  950, HU,   0, , 0, 0, 0, 0, 0, 0, 0, 0, 0, 0, 0, , 0, 0, NARDA,
EP, 14, 2025092606,   , BEST,   0, 168N, 1181W, 102,  956, HU,   0, , 0, 0, 0, 0, 0, 0, 0, 0, 0, 0, 0, , 0, 0, NARDA,
EP, 14, 2025092612,   , BEST,   0, 170N, 1192W,  86,  969, HU,   0, , 0, 0, 0, 0, 0, 0, 0, 0, 0, 0, 0, , 0, 0, NARDA,
EP, 14, 2025092618,   , BEST,   0, 173N, 1203W,  78,  972, HU,   0, , 0, 0, 0, 0, 0, 0, 0, 0, 0, 0, 0, , 0, 0, NARDA,
EP, 14, 2025092700,   , BEST,   0, 175N, 1214W,  74,  976, HU,   0, , 0, 0, 0, 0, 0, 0, 0, 0, 0, 0, 0, , 0, 0, NARDA,
EP, 14, 2025092706,   , BEST,   0, 178N, 1225W,  77,  973, HU,   0, , 0, 0, 0, 0, 0, 0, 0, 0, 0, 0, 0, , 0, 0, NARDA,
EP, 14, 2025092712,   , BEST,   0, 181N, 1236W,  67,  979, HU,   0, , 0, 0, 0, 0, 0, 0, 0, 0, 0, 0, 0, , 0, 0, NARDA,
EP, 14, 2025092718,   , BEST,   0, 185N, 1247W,  57,  983, TS,   0, , 0, 0, 0, 0, 0, 0, 0, 0, 0, 0, 0, , 0, 0, NARDA,
EP, 14, 2025092800,   , BEST,   0, 188N, 1255W,  48,  988, TS,   0, , 0, 0, 0, 0, 0, 0, 0, 0, 0, 0, 0, , 0, 0, NARDA,
EP, 14, 2025092806,   , BEST,   0, 191N, 1262W,  35,  991, TS,   0, , 0, 0, 0, 0, 0, 0, 0, 0, 0, 0, 0, , 0, 0, NARDA,
EP, 14, 2025092812,   , BEST,   0, 197N, 1266W,  28,  995, TD,   0, , 0, 0, 0, 0, 0, 0, 0, 0, 0, 0, 0, , 0, 0, NARDA,
EP, 14, 2025092818,   , BEST,   0, 203N, 1267W,  21,  998, DB,   0, , 0, 0, 0, 0, 0, 0, 0, 0, 0, 0, 0, , 0, 0, NARDA,
EP, 14, 2025092900,   , BEST,   0, 209N, 1268W,  17,  999, DB,   0, , 0, 0, 0, 0, 0, 0, 0, 0, 0, 0, 0, , 0, 0, NARDA,
