EP, 96, 2015070612,   , CHP6, 0, 115N, 1310W,  20, 1007, DB,   0, , 0, 0, 0, 0, 0, 0, 0, 0, 0, 0, 0, , 0, 0, INVEST,
EP, 96, 2015070618,   , CHP6, 0, 119N, 1325W,  20, 1007, DB,   0, , 0, 0, 0, 0, 0, 0, 0, 0, 0, 0, 0, , 0, 0, INVEST,
EP, 96, 2015070700,   , CHP6, 0, 123N, 1340W,  20, 1006, DB,   0, , 0, 0, 0, 0, 0, 0, 0, 0, 0, 0, 0, , 0, 0, INVEST,
EP, 96, 2015070706,   , CHP6, 0, 127N, 1355W,  20, 1006, DB,   0, , 0, 0, 0, 0, 0, 0, 0, 0, 0, 0, 0, , 0, 0, INVEST,
EP, 04, 2015070712,   , CHP6, 0, 132N, 1369W,  25, 1006, TD,   0, , 0, 0, 0, 0, 0, 0, 0, 0, 0, 0, 0, , 0, 0, FOUR,
EP, 04, 2015070718,   , CHP6, 0, 142N, 1382W,  25, 1005, TD,   0, , 0, 0, 0, 0, 0, 0, 0, 0, 0, 0, 0, , 0, 0, FOUR,
EP, 04, 2015070800,   , CHP6, 0, 154N, 1395W,  30, 1003, TD,   0, , 0, 0, 0, 0, 0, 0, 0, 0, 0, 0, 0, , 0, 0, FOUR,
EP, 04, 2015070806,   , CHP6, 0, 162N, 1405W,  30, 1003, TD,   0, , 0, 0, 0, 0, 0, 0, 0, 0, 0, 0, 0, , 0, 0, FOUR,
EP, 04, 2015070812,   , CHP6, 0, 168N, 1419W,  35, 1002, TS,   0, , 0, 0, 0, 0, 0, 0, 0, 0, 0, 0, 0, , 0, 0, ELA,
EP, 04, 2015070818,   , CHP6, 0, 173N, 1433W,  40, 1002, TS,   0, , 0, 0, 0, 0, 0, 0, 0, 0, 0, 0, 0, , 0, 0, ELA,
EP, 04, 2015070900,   , CHP6, 0, 180N, 1442W,  40, 1000, TS,   0, , 0, 0, 0, 0, 0, 0, 0, 0, 0, 0, 0, , 0, 0, ELA,
EP, 04, 2015070906,   , CHP6, 0, 189N, 1448W,  40, 1000, TS,   0, , 0, 0, 0, 0, 0, 0, 0, 0, 0, 0, 0, , 0, 0, ELA,
EP, 04, 2015070912,   , CHP6, 0, 198N, 1456W,  35, 1000, TS,   0, , 0, 0, 0, 0, 0, 0, 0, 0, 0, 0, 0, , 0, 0, ELA,
EP, 04, 2015070918,   , CHP6, 0, 203N, 1464W,  30, 1001, TD,   0, , 0, 0, 0, 0, 0, 0, 0, 0, 0, 0, 0, , 0, 0, ELA,
EP, 04, 2015071000,   , CHP6, 0, 208N, 1472W,  33, 1000, TD,   0, , 0, 0, 0, 0, 0, 0, 0, 0, 0, 0, 0, , 0, 0, ELA,
EP, 04, 2015071006,   , CHP6, 0, 215N, 1481W,  35,  999, TS,   0, , 0, 0, 0, 0, 0, 0, 0, 0, 0, 0, 0, , 0, 0, ELA,
EP, 04, 2015071012,   , CHP6, 0, 220N, 1491W,  36,  999, TS,   0, , 0, 0, 0, 0, 0, 0, 0, 0, 0, 0, 0, , 0, 0, ELA,
EP, 04, 2015071018,   , CHP6, 0, 225N, 1501W,  38,  998, TS,   0, , 0, 0, 0, 0, 0, 0, 0, 0, 0, 0, 0, , 0, 0, ELA,
EP, 04, 2015071100,   , CHP6, 0, 228N, 1511W,  39,  998, TS,   0, , 0, 0, 0, 0, 0, 0, 0, 0, 0, 0, 0, , 0, 0, ELA,
EP, 04, 2015071106,   , CHP6, 0, 232N, 1521W,  40,  998, TS,   0, , 0, 0, 0, 0, 0, 0, 0, 0, 0, 0, 0, , 0, 0, ELA,
EP, 04, 2015071112,   , CHP6, 0, 233N, 1532W,  41,  998, TS,   0, , 0, 0, 0, 0, 0, 0, 0, 0, 0, 0, 0, , 0, 0, ELA,
EP, 04, 2015071118,   , CHP6, 0, 235N, 1543W,  41,  997, TS,   0, , 0, 0, 0, 0, 0, 0, 0, 0, 0, 0, 0, , 0, 0, ELA,
EP, 04, 2015071200,   , CHP6, 0, 235N, 1554W,  43,  996, TS,   0, , 0, 0, 0, 0, 0, 0, 0, 0, 0, 0, 0, , 0, 0, ELA,
EP, 04, 2015071206,   , CHP6, 0, 236N, 1565W,  44,  995, TS,   0, , 0, 0, 0, 0, 0, 0, 0, 0, 0, 0, 0, , 0, 0, ELA,
EP, 04, 2015071212,   , CHP6, 0, 236N, 1576W,  45,  995, TS,   0, , 0, 0, 0, 0, 0, 0, 0, 0, 0, 0, 0, , 0, 0, ELA,
EP, 04, 2015071218,   , CHP6, 0, 237N, 1587W,  46,  995, TS,   0, , 0, 0, 0, 0, 0, 0, 0, 0, 0, 0, 0, , 0, 0, ELA,
EP, 04, 2015071300,   , CHP6, 0, 239N, 1598W,  42,  996, TS,   0, , 0, 0, 0, 0, 0, 0, 0, 0, 0, 0, 0, , 0, 0, ELA,
EP, 04, 2015071306,   , CHP6, 0, 241N, 1609W,  38,  998, TS,   0, , 0, 0, 0, 0, 0, 0, 0, 0, 0, 0, 0, , 0, 0, ELA,
EP, 04, 2015071312,   , CHP6, 0, 242N, 1620W,  34,  999, TS,   0, , 0, 0, 0, 0, 0, 0, 0, 0, 0, 0, 0, , 0, 0, ELA,
EP, 04, 2015071318,   , CHP6, 0, 243N, 1632W,  27, 1000, TD,   0, , 0, 0, 0, 0, 0, 0, 0, 0, 0, 0, 0, , 0, 0, ELA,
EP, 04, 2015071400,   , CHP6, 0, 243N, 1645W,  22, 1001, DB,   0, , 0, 0, 0, 0, 0, 0, 0, 0, 0, 0, 0, , 0, 0, ELA,
EP, 04, 2015071406,   , CHP6, 0, 244N, 1659W,  18, 1002, DB,   0, , 0, 0, 0, 0, 0, 0, 0, 0, 0, 0, 0, , 0, 0, ELA,
