EP, 98, 2015071006,   , CHP6, 0, 104N,  936W,  20, 1011, DB,   0, , 0, 0, 0, 0, 0, 0, 0, 0, 0, 0, 0, , 0, 0, INVEST,
EP, 98, 2015071012,   , CHP6, 0, 110N,  945W,  20, 1010, DB,   0, , 0, 0, 0, 0, 0, 0, 0, 0, 0, 0, 0, , 0, 0, INVEST,
EP, 98, 2015071018,   , CHP6, 0, 115N,  955W,  20, 1010, DB,   0, , 0, 0, 0, 0, 0, 0, 0, 0, 0, 0, 0, , 0, 0, INVEST,
EP, 05, 2015071100,   , CHP6, 0, 119N,  965W,  25, 1008, TD,   0, , 0, 0, 0, 0, 0, 0, 0, 0, 0, 0, 0, , 0, 0, FIVE,
EP, 05, 2015071106,   , CHP6, 0, 120N,  974W,  30, 1006, TD,   0, , 0, 0, 0, 0, 0, 0, 0, 0, 0, 0, 0, , 0, 0, FIVE,
EP, 05, 2015071112,   , CHP6, 0, 122N,  983W,  35, 1004, TS,   0, , 0, 0, 0, 0, 0, 0, 0, 0, 0, 0, 0, , 0, 0, DOLORES,
EP, 05, 2015071118,   , CHP6, 0, 125N,  991W,  40, 1002, TS,   0, , 0, 0, 0, 0, 0, 0, 0, 0, 0, 0, 0, , 0, 0, DOLORES,
EP, 05, 2015071200,   , CHP6, 0, 131N, 1000W,  40, 1001, TS,   0, , 0, 0, 0, 0, 0, 0, 0, 0, 0, 0, 0, , 0, 0, DOLORES,
EP, 05, 2015071206,   , CHP6, 0, 141N, 1008W,  45,  999, TS,   0, , 0, 0, 0, 0, 0, 0, 0, 0, 0, 0, 0, , 0, 0, DOLORES,
EP, 05, 2015071212,   , CHP6, 0, 148N, 1014W,  46,  995, TS,   0, , 0, 0, 0, 0, 0, 0, 0, 0, 0, 0, 0, , 0, 0, DOLORES,
EP, 05, 2015071218,   , CHP6, 0, 154N, 1024W,  56,  991, TS,   0, , 0, 0, 0, 0, 0, 0, 0, 0, 0, 0, 0, , 0, 0, DOLORES,
EP, 05, 2015071300,   , CHP6, 0, 159N, 1033W,  67,  985, HU,   0, , 0, 0, 0, 0, 0, 0, 0, 0, 0, 0, 0, , 0, 0, DOLORES,
EP, 05, 2015071306,   , CHP6, 0, 164N, 1042W,  81,  975, HU,   0, , 0, 0, 0, 0, 0, 0, 0, 0, 0, 0, 0, , 0, 0, DOLORES,
EP, 05, 2015071312,   , CHP6, 0, 167N, 1049W,  96,  962, HU,   0, , 0, 0, 0, 0, 0, 0, 0, 0, 0, 0, 0, , 0, 0, DOLORES,
EP, 05, 2015071318,   , CHP6, 0, 169N, 1056W, 109,  950, HU,   0, , 0, 0, 0, 0, 0, 0, 0, 0, 0, 0, 0, , 0, 0, DOLORES,
EP, 05, 2015071400,   , CHP6, 0, 171N, 1064W, 127,  930, HU,   0, , 0, 0, 0, 0, 0, 0, 0, 0, 0, 0, 0, , 0, 0, DOLORES,
EP, 05, 2015071406,   , CHP6, 0, 174N, 1071W, 136,  918, HU,   0, , 0, 0, 0, 0, 0, 0, 0, 0, 0, 0, 0, , 0, 0, DOLORES,
EP, 05, 2015071412,   , CHP6, 0, 175N, 1076W, 130,  924, HU,   0, , 0, 0, 0, 0, 0, 0, 0, 0, 0, 0, 0, , 0, 0, DOLORES,
EP, 05, 2015071418,   , CHP6, 0, 177N, 1080W, 126,  928, HU,   0, , 0, 0, 0, 0, 0, 0, 0, 0, 0, 0, 0, , 0, 0, DOLORES,
EP, 05, 2015071500,   , CHP6, 0, 180N, 1083W, 125,  930, HU,   0, , 0, 0, 0, 0, 0, 0, 0, 0, 0, 0, 0, , 0, 0, DOLORES,
EP, 05, 2015071506,   , CHP6, 0, 183N, 1087W, 123,  931, HU,   0, , 0, 0, 0, 0, 0, 0, 0, 0, 0, 0, 0, , 0, 0, DOLORES,
EP, 05, 2015071512,   , CHP6, 0, 185N, 1093W, 119,  936, HU,   0, , 0, 0, 0, 0, 0, 0, 0, 0, 0, 0, 0, , 0, 0, DOLORES,
EP, 05, 2015071518,   , CHP6, 0, 187N, 1099W, 123,  931, HU,   0, , 0, 0, 0, 0, 0, 0, 0, 0, 0, 0, 0, , 0, 0, DOLORES,
EP, 05, 2015071600,   , CHP6, 0, 188N, 1105W, 116,  938, HU,   0, , 0, 0, 0, 0, 0, 0, 0, 0, 0, 0, 0, , 0, 0, DOLORES,
EP, 05, 2015071606,   , CHP6, 0, 190N, 1110W, 127,  927, HU,   0, , 0, 0, 0, 0, 0, 0, 0, 0, 0, 0, 0, , 0, 0, DOLORES,
EP, 05, 2015071612,   , CHP6, 0, 192N, 1115W, 125,  930, HU,   0, , 0, 0, 0, 0, 0, 0, 0, 0, 0, 0, 0, , 0, 0, DOLORES,
EP, 05, 2015071618,   , CHP6, 0, 194N, 1121W, 112,  944, HU,   0, , 0, 0, 0, 0, 0, 0, 0, 0, 0, 0, 0, , 0, 0, DOLORES,
EP, 05, 2015071700,   , CHP6, 0, 196N, 1128W,  87,  967, HU,   0, , 0, 0, 0, 0, 0, 0, 0, 0, 0, 0, 0, , 0, 0, DOLORES,
EP, 05, 2015071706,   , CHP6, 0, 197N, 1136W,  72,  980, HU,   0, , 0, 0, 0, 0, 0, 0, 0, 0, 0, 0, 0, , 0, 0, DOLORES,
EP, 05, 2015071712,   , CHP6, 0, 199N, 1144W,  72,  981, HU,   0, , 0, 0, 0, 0, 0, 0, 0, 0, 0, 0, 0, , 0, 0, DOLORES,
EP, 05, 2015071718,   , CHP6, 0, 200N, 1152W,  71,  982, HU,   0, , 0, 0, 0, 0, 0, 0, 0, 0, 0, 0, 0, , 0, 0, DOLORES,
EP, 05, 2015071800,   , CHP6, 0, 202N, 1160W,  58,  987, TS,   0, , 0, 0, 0, 0, 0, 0, 0, 0, 0, 0, 0, , 0, 0, DOLORES,
EP, 05, 2015071806,   , CHP6, 0, 205N, 1169W,  52,  990, TS,   0, , 0, 0, 0, 0, 0, 0, 0, 0, 0, 0, 0, , 0, 0, DOLORES,
EP, 05, 2015071812,   , CHP6, 0, 208N, 1177W,  48,  992, TS,   0, , 0, 0, 0, 0, 0, 0, 0, 0, 0, 0, 0, , 0, 0, DOLORES,
EP, 05, 2015071818,   , CHP6, 0, 212N, 1186W,  41,  995, TS,   0, , 0, 0, 0, 0, 0, 0, 0, 0, 0, 0, 0, , 0, 0, DOLORES,
EP, 05, 2015071900,   , CHP6, 0, 215N, 1194W,  38,  995, TS,   0, , 0, 0, 0, 0, 0, 0, 0, 0, 0, 0, 0, , 0, 0, DOLORES,
EP, 05, 2015071906,   , CHP6, 0, 220N, 1202W,  36,  996, TS,   0, , 0, 0, 0, 0, 0, 0, 0, 0, 0, 0, 0, , 0, 0, DOLORES,
EP, 05, 2015071912,   , CHP6, 0, 225N, 1210W,  34,  997, TS,   0, , 0, 0, 0, 0, 0, 0, 0, 0, 0, 0, 0, , 0, 0, DOLORES,
EP, 05, 2015071918,   , CHP6, 0, 231N, 1218W,  32,  997, TD,   0, , 0, 0, 0, 0, 0, 0, 0, 0, 0, 0, 0, , 0, 0, DOLORES,
EP, 05, 2015072000,   , CHP6, 0, 236N, 1226W,  32,  998, DB,   0, , 0, 0, 0, 0, 0, 0, 0, 0, 0, 0, 0, , 0, 0, DOLORES,
EP, 05, 2015072006,   , CHP6, 0, 242N, 1233W,  17,  997, DB,   0, , 0, 0, 0, 0, 0, 0, 0, 0, 0, 0, 0, , 0, 0, DOLORES,
