EP, 94, 2024092112,   , BEST, 0, 129N,  983W,  20, 1011, DB,   0, , 0, 0, 0, 0, 0, 0, 0, 0, 0, 0, 0, , 0, 0, INVEST,
EP, 94, 2024092118,   , BEST, 0, 132N,  984W,  20, 1010, DB,   0, , 0, 0, 0, 0, 0, 0, 0, 0, 0, 0, 0, , 0, 0, INVEST,
EP, 10, 2024092200,   , BEST, 0, 135N,  985W,  25, 1008, TD,   0, , 0, 0, 0, 0, 0, 0, 0, 0, 0, 0, 0, , 0, 0, TEN,
EP, 10, 2024092206,   , BEST, 0, 137N,  985W,  30, 1006, TD,   0, , 0, 0, 0, 0, 0, 0, 0, 0, 0, 0, 0, , 0, 0, TEN,
EP, 10, 2024092212,   , BEST, 0, 138N,  983W,  35, 1004, TS,   0, , 0, 0, 0, 0, 0, 0, 0, 0, 0, 0, 0, , 0, 0, JOHN,
EP, 10, 2024092218,   , BEST, 0, 140N,  981W,  40, 1002, TS,   0, , 0, 0, 0, 0, 0, 0, 0, 0, 0, 0, 0, , 0, 0, JOHN,
EP, 10, 2024092300,   , BEST, 0, 142N,  981W,  50,  998, TS,   0, , 0, 0, 0, 0, 0, 0, 0, 0, 0, 0, 0, , 0, 0, JOHN,
EP, 10, 2024092306,   , BEST, 0, 145N,  982W,  57,  992, TS,   0, , 0, 0, 0, 0, 0, 0, 0, 0, 0, 0, 0, , 0, 0, JOHN,
EP, 10, 2024092312,   , BEST, 0, 148N,  982W,  60,  988, TS,   0, , 0, 0, 0, 0, 0, 0, 0, 0, 0, 0, 0, , 0, 0, JOHN,
EP, 10, 2024092318,   , BEST, 0, 151N,  983W,  80,  973, HU,   0, , 0, 0, 0, 0, 0, 0, 0, 0, 0, 0, 0, , 0, 0, JOHN,
EP, 10, 2024092400,   , BEST, 0, 155N,  982W, 113,  942, HU,   0, , 0, 0, 0, 0, 0, 0, 0, 0, 0, 0, 0, , 0, 0, JOHN,
EP, 10, 2024092406,   , BEST, 0, 158N,  980W, 139,  912, HU,   0, , 0, 0, 0, 0, 0, 0, 0, 0, 0, 0, 0, , 0, 0, JOHN,
EP, 10, 2024092412,   , BEST, 0, 160N,  979W, 174,  862, HU,   0, , 0, 0, 0, 0, 0, 0, 0, 0, 0, 0, 0, , 0, 0, JOHN,
EP, 10, 2024092418,   , BEST, 0, 162N,  977W, 120,  923, HU,   0, , 0, 0, 0, 0, 0, 0, 0, 0, 0, 0, 0, , 0, 0, JOHN,
EP, 10, 2024092500,   , BEST, 0, 163N,  976W,  75,  966, HU,   0, , 0, 0, 0, 0, 0, 0, 0, 0, 0, 0, 0, , 0, 0, JOHN,
EP, 10, 2024092506,   , BEST, 0, 164N,  974W,  54,  981, TS,   0, , 0, 0, 0, 0, 0, 0, 0, 0, 0, 0, 0, , 0, 0, JOHN,
EP, 10, 2024092512,   , BEST, 0, 165N,  973W,  43,  989, TS,   0, , 0, 0, 0, 0, 0, 0, 0, 0, 0, 0, 0, , 0, 0, JOHN,
EP, 10, 2024092518,   , BEST, 0, 167N,  971W,  36,  992, TS,   0, , 0, 0, 0, 0, 0, 0, 0, 0, 0, 0, 0, , 0, 0, JOHN,
EP, 10, 2024092600,   , BEST, 0, 169N,  970W,  27,  995, TD,   0, , 0, 0, 0, 0, 0, 0, 0, 0, 0, 0, 0, , 0, 0, JOHN,
EP, 10, 2024092606,   , BEST, 0, 171N,  969W,  20,  997, DB,   0, , 0, 0, 0, 0, 0, 0, 0, 0, 0, 0, 0, , 0, 0, JOHN,
EP, 10, 2024092612,   , BEST, 0, 174N,  968W,  15,  999, DB,   0, , 0, 0, 0, 0, 0, 0, 0, 0, 0, 0, 0, , 0, 0, JOHN,
