EP, 90, 2024102012,   , BEST, 0, 150N,  942W,  20, 1008, DB,   0, , 0, 0, 0, 0, 0, 0, 0, 0, 0, 0, 0, , 0, 0, INVEST,
EP, 90, 2024102018,   , BEST, 0, 148N,  956W,  20, 1007, DB,   0, , 0, 0, 0, 0, 0, 0, 0, 0, 0, 0, 0, , 0, 0, INVEST,
EP, 12, 2024102100,   , BEST, 0, 145N,  971W,  25, 1005, TD,   0, , 0, 0, 0, 0, 0, 0, 0, 0, 0, 0, 0, , 0, 0, TWELVE,
EP, 12, 2024102106,   , BEST, 0, 140N,  986W,  30, 1003, TD,   0, , 0, 0, 0, 0, 0, 0, 0, 0, 0, 0, 0, , 0, 0, TWELVE,
EP, 12, 2024102112,   , BEST, 0, 136N, 1001W,  30, 1002, TD,   0, , 0, 0, 0, 0, 0, 0, 0, 0, 0, 0, 0, , 0, 0, TWELVE,
EP, 12, 2024102118,   , BEST, 0, 137N, 1015W,  35, 1000, TS,   0, , 0, 0, 0, 0, 0, 0, 0, 0, 0, 0, 0, , 0, 0, KRISTY,
EP, 12, 2024102200,   , BEST, 0, 140N, 1028W,  40,  998, TS,   0, , 0, 0, 0, 0, 0, 0, 0, 0, 0, 0, 0, , 0, 0, KRISTY,
EP, 12, 2024102206,   , BEST, 0, 141N, 1040W,  48,  996, TS,   0, , 0, 0, 0, 0, 0, 0, 0, 0, 0, 0, 0, , 0, 0, KRISTY,
EP, 12, 2024102212,   , BEST, 0, 142N, 1055W,  49,  995, TS,   0, , 0, 0, 0, 0, 0, 0, 0, 0, 0, 0, 0, , 0, 0, KRISTY,
EP, 12, 2024102218,   , BEST, 0, 143N, 1070W,  62,  989, TS,   0, , 0, 0, 0, 0, 0, 0, 0, 0, 0, 0, 0, , 0, 0, KRISTY,
EP, 12, 2024102300,   , BEST, 0, 144N, 1086W,  82,  977, HU,   0, , 0, 0, 0, 0, 0, 0, 0, 0, 0, 0, 0, , 0, 0, KRISTY,
EP, 12, 2024102306,   , BEST, 0, 145N, 1102W, 115,  949, HU,   0, , 0, 0, 0, 0, 0, 0, 0, 0, 0, 0, 0, , 0, 0, KRISTY,
EP, 12, 2024102312,   , BEST, 0, 145N, 1119W, 144,  914, HU,   0, , 0, 0, 0, 0, 0, 0, 0, 0, 0, 0, 0, , 0, 0, KRISTY,
EP, 12, 2024102318,   , BEST, 0, 145N, 1136W, 152,  904, HU,   0, , 0, 0, 0, 0, 0, 0, 0, 0, 0, 0, 0, , 0, 0, KRISTY,
EP, 12, 2024102400,   , BEST, 0, 145N, 1153W, 138,  918, HU,   0, , 0, 0, 0, 0, 0, 0, 0, 0, 0, 0, 0, , 0, 0, KRISTY,
EP, 12, 2024102406,   , BEST, 0, 146N, 1170W, 121,  930, HU,   0, , 0, 0, 0, 0, 0, 0, 0, 0, 0, 0, 0, , 0, 0, KRISTY,
EP, 12, 2024102412,   , BEST, 0, 147N, 1185W, 126,  932, HU,   0, , 0, 0, 0, 0, 0, 0, 0, 0, 0, 0, 0, , 0, 0, KRISTY,
EP, 12, 2024102418,   , BEST, 0, 149N, 1199W, 115,  944, HU,   0, , 0, 0, 0, 0, 0, 0, 0, 0, 0, 0, 0, , 0, 0, KRISTY,
EP, 12, 2024102500,   , BEST, 0, 151N, 1214W,  98,  960, HU,   0, , 0, 0, 0, 0, 0, 0, 0, 0, 0, 0, 0, , 0, 0, KRISTY,
EP, 12, 2024102506,   , BEST, 0, 154N, 1228W,  94,  965, HU,   0, , 0, 0, 0, 0, 0, 0, 0, 0, 0, 0, 0, , 0, 0, KRISTY,
EP, 12, 2024102512,   , BEST, 0, 159N, 1241W,  91,  967, HU,   0, , 0, 0, 0, 0, 0, 0, 0, 0, 0, 0, 0, , 0, 0, KRISTY,
EP, 12, 2024102518,   , BEST, 0, 164N, 1253W,  86,  971, HU,   0, , 0, 0, 0, 0, 0, 0, 0, 0, 0, 0, 0, , 0, 0, KRISTY,
EP, 12, 2024102600,   , BEST, 0, 170N, 1265W,  81,  975, HU,   0, , 0, 0, 0, 0, 0, 0, 0, 0, 0, 0, 0, , 0, 0, KRISTY,
EP, 12, 2024102606,   , BEST, 0, 176N, 1277W,  69,  983, HU,   0, , 0, 0, 0, 0, 0, 0, 0, 0, 0, 0, 0, , 0, 0, KRISTY,
EP, 12, 2024102612,   , BEST, 0, 184N, 1287W,  54,  990, TS,   0, , 0, 0, 0, 0, 0, 0, 0, 0, 0, 0, 0, , 0, 0, KRISTY,
EP, 12, 2024102618,   , BEST, 0, 191N, 1297W,  46,  994, TS,   0, , 0, 0, 0, 0, 0, 0, 0, 0, 0, 0, 0, , 0, 0, KRISTY,
EP, 12, 2024102700,   , BEST, 0, 199N, 1307W,  42,  996, TS,   0, , 0, 0, 0, 0, 0, 0, 0, 0, 0, 0, 0, , 0, 0, KRISTY,
EP, 12, 2024102706,   , BEST, 0, 206N, 1315W,  39,  997, TS,   0, , 0, 0, 0, 0, 0, 0, 0, 0, 0, 0, 0, , 0, 0, KRISTY,
EP, 12, 2024102712,   , BEST, 0, 211N, 1322W,  34,  998, TS,   0, , 0, 0, 0, 0, 0, 0, 0, 0, 0, 0, 0, , 0, 0, KRISTY,
EP, 12, 2024102718,   , BEST, 0, 216N, 1330W,  26,  998, TD,   0, , 0, 0, 0, 0, 0, 0, 0, 0, 0, 0, 0, , 0, 0, KRISTY,
EP, 12, 2024102800,   , BEST, 0, 219N, 1335W,  19,  999, DB,   0, , 0, 0, 0, 0, 0, 0, 0, 0, 0, 0, 0, , 0, 0, KRISTY,
EP, 12, 2024102806,   , BEST, 0, 221N, 1339W,  18,  999, DB,   0, , 0, 0, 0, 0, 0, 0, 0, 0, 0, 0, 0, , 0, 0, KRISTY,
