AL, 97, 2025080812,   , BEST,   0,  95N,  135W,  20, 1000, DB,   0, , 0, 0, 0, 0, 0, 0, 0, 0, 0, 0, 0, , 0, 0, INVEST,
AL, 97, 2025080818,   , BEST,   0,  97N,  143W,  20, 1000, DB,   0, , 0, 0, 0, 0, 0, 0, 0, 0, 0, 0, 0, , 0, 0, INVEST,
AL, 97, 2025080900,   , BEST,   0,  99N,  152W,  20, 1008, DB,   0, , 0, 0, 0, 0, 0, 0, 0, 0, 0, 0, 0, , 0, 0, INVEST,
AL, 97, 2025080906,   , BEST,   0, 100N,  161W,  20, 1007, DB,   0, , 0, 0, 0, 0, 0, 0, 0, 0, 0, 0, 0, , 0, 0, INVEST,
AL, 97, 2025080912,   , BEST,   0, 101N,  170W,  20, 1006, DB,   0, , 0, 0, 0, 0, 0, 0, 0, 0, 0, 0, 0, , 0, 0, INVEST,
AL, 97, 2025080918,   , BEST,   0, 106N,  180W,  20, 1006, DB,   0, , 0, 0, 0, 0, 0, 0, 0, 0, 0, 0, 0, , 0, 0, INVEST,
AL, 97, 2025081000,   , BEST,   0, 116N,  190W,  25, 1006, TD,   0, , 0, 0, 0, 0, 0, 0, 0, 0, 0, 0, 0, , 0, 0, FIVE,
AL, 97, 2025081006,   , BEST,   0, 125N,  197W,  30, 1006, TD,   0, , 0, 0, 0, 0, 0, 0, 0, 0, 0, 0, 0, , 0, 0, FIVE,
AL, 97, 2025081012,   , BEST,   0, 140N,  203W,  30, 1006, TD,   0, , 0, 0, 0, 0, 0, 0, 0, 0, 0, 0, 0, , 0, 0, FIVE,
AL, 97, 2025081018,   , BEST,   0, 157N,  215W,  30, 1006, TD,   0, , 0, 0, 0, 0, 0, 0, 0, 0, 0, 0, 0, , 0, 0, FIVE,
AL, 97, 2025081100,   , BEST,   0, 165N,  234W,  30, 1006, TD,   0, , 0, 0, 0, 0, 0, 0, 0, 0, 0, 0, 0, , 0, 0, FIVE,
AL, 97, 2025081106,   , BEST,   0, 172N,  252W,  40, 1006, TS,   0, , 0, 0, 0, 0, 0, 0, 0, 0, 0, 0, 0, , 0, 0, ERIN,
AL, 05, 2025081112,   , BEST,   0, 173N,  273W,  45, 1006, TS,   0, , 0, 0, 0, 0, 0, 0, 0, 0, 0, 0, 0, , 0, 0, ERIN,
AL, 05, 2025081118,   , BEST,   0, 174N,  293W,  39, 1004, TS,   0, , 0, 0, 0, 0, 0, 0, 0, 0, 0, 0, 0, , 0, 0, ERIN,
AL, 05, 2025081200,   , BEST,   0, 174N,  313W,  34, 1001, TS,   0, , 0, 0, 0, 0, 0, 0, 0, 0, 0, 0, 0, , 0, 0, ERIN,
AL, 05, 2025081206,   , BEST,   0, 174N,  332W,  35, 1000, TS,   0, , 0, 0, 0, 0, 0, 0, 0, 0, 0, 0, 0, , 0, 0, ERIN,
AL, 05, 2025081212,   , BEST,   0, 173N,  352W,  35, 1001, TS,   0, , 0, 0, 0, 0, 0, 0, 0, 0, 0, 0, 0, , 0, 0, ERIN,
AL, 05, 2025081218,   , BEST,   0, 170N,  372W,  36, 1000, TS,   0, , 0, 0, 0, 0, 0, 0, 0, 0, 0, 0, 0, , 0, 0, ERIN,
AL, 05, 2025081300,   , BEST,   0, 168N,  391W,  41,  999, TS,   0, , 0, 0, 0, 0, 0, 0, 0, 0, 0, 0, 0, , 0, 0, ERIN,
AL, 05, 2025081306,   , BEST,   0, 165N,  410W,  35,  999, TS,   0, , 0, 0, 0, 0, 0, 0, 0, 0, 0, 0, 0, , 0, 0, ERIN,
AL, 05, 2025081312,   , BEST,   0, 164N,  426W,  34, 1000, TS,   0, , 0, 0, 0, 0, 0, 0, 0, 0, 0, 0, 0, , 0, 0, ERIN,
AL, 05, 2025081318,   , BEST,   0, 163N,  442W,  35, 1000, TS,   0, , 0, 0, 0, 0, 0, 0, 0, 0, 0, 0, 0, , 0, 0, ERIN,
AL, 05, 2025081400,   , BEST,   0, 163N,  458W,  41,  998, TS,   0, , 0, 0, 0, 0, 0, 0, 0, 0, 0, 0, 0, , 0, 0, ERIN,
AL, 05, 2025081406,   , BEST,   0, 164N,  474W,  42,  997, TS,   0, , 0, 0, 0, 0, 0, 0, 0, 0, 0, 0, 0, , 0, 0, ERIN,
AL, 05, 2025081412,   , BEST,   0, 165N,  490W,  42,  997, TS,   0, , 0, 0, 0, 0, 0, 0, 0, 0, 0, 0, 0, , 0, 0, ERIN,
AL, 05, 2025081418,   , BEST,   0, 166N,  504W,  48,  994, TS,   0, , 0, 0, 0, 0, 0, 0, 0, 0, 0, 0, 0, , 0, 0, ERIN,
AL, 05, 2025081500,   , BEST,   0, 169N,  520W,  50,  994, TS,   0, , 0, 0, 0, 0, 0, 0, 0, 0, 0, 0, 0, , 0, 0, ERIN,
AL, 05, 2025081506,   , BEST,   0, 173N,  536W,  65,  987, HU,   0, , 0, 0, 0, 0, 0, 0, 0, 0, 0, 0, 0, , 0, 0, ERIN,
AL, 05, 2025081512,   , BEST,   0, 178N,  552W,  78,  978, HU,   0, , 0, 0, 0, 0, 0, 0, 0, 0, 0, 0, 0, , 0, 0, ERIN,
AL, 05, 2025081518,   , BEST,   0, 182N,  568W,  99,  960, HU,   0, , 0, 0, 0, 0, 0, 0, 0, 0, 0, 0, 0, , 0, 0, ERIN,
AL, 05, 2025081600,   , BEST,   0, 186N,  583W, 117,  940, HU,   0, , 0, 0, 0, 0, 0, 0, 0, 0, 0, 0, 0, , 0, 0, ERIN,
AL, 05, 2025081606,   , BEST,   0, 190N,  597W, 119,  941, HU,   0, , 0, 0, 0, 0, 0, 0, 0, 0, 0, 0, 0, , 0, 0, ERIN,
AL, 05, 2025081612,   , BEST,   0, 194N,  612W, 139,  919, HU,   0, , 0, 0, 0, 0, 0, 0, 0, 0, 0, 0, 0, , 0, 0, ERIN,
AL, 05, 2025081618,   , BEST,   0, 198N,  625W, 150,  905, HU,   0, , 0, 0, 0, 0, 0, 0, 0, 0, 0, 0, 0, , 0, 0, ERIN,
AL, 05, 2025081700,   , BEST,   0, 202N,  638W, 147,  905, HU,   0, , 0, 0, 0, 0, 0, 0, 0, 0, 0, 0, 0, , 0, 0, ERIN,
AL, 05, 2025081706,   , BEST,   0, 206N,  653W, 134,  919, HU,   0, , 0, 0, 0, 0, 0, 0, 0, 0, 0, 0, 0, , 0, 0, ERIN,
AL, 05, 2025081712,   , BEST,   0, 210N,  665W, 128,  926, HU,   0, , 0, 0, 0, 0, 0, 0, 0, 0, 0, 0, 0, , 0, 0, ERIN,
AL, 05, 2025081718,   , BEST,   0, 213N,  676W, 131,  924, HU,   0, , 0, 0, 0, 0, 0, 0, 0, 0, 0, 0, 0, , 0, 0, ERIN,
AL, 05, 2025081800,   , BEST,   0, 219N,  687W, 135,  919, HU,   0, , 0, 0, 0, 0, 0, 0, 0, 0, 0, 0, 0, , 0, 0, ERIN,
AL, 05, 2025081806,   , BEST,   0, 225N,  695W, 139,  914, HU,   0, , 0, 0, 0, 0, 0, 0, 0, 0, 0, 0, 0, , 0, 0, ERIN,
AL, 05, 2025081812,   , BEST,   0, 232N,  702W, 139,  914, HU,   0, , 0, 0, 0, 0, 0, 0, 0, 0, 0, 0, 0, , 0, 0, ERIN,
AL, 05, 2025081818,   , BEST,   0, 238N,  706W, 142,  913, HU,   0, , 0, 0, 0, 0, 0, 0, 0, 0, 0, 0, 0, , 0, 0, ERIN,
AL, 05, 2025081900,   , BEST,   0, 245N,  710W, 150,  905, HU,   0, , 0, 0, 0, 0, 0, 0, 0, 0, 0, 0, 0, , 0, 0, ERIN,
AL, 05, 2025081906,   , BEST,   0, 252N,  714W, 142,  907, HU,   0, , 0, 0, 0, 0, 0, 0, 0, 0, 0, 0, 0, , 0, 0, ERIN,
AL, 05, 2025081912,   , BEST,   0, 262N,  716W, 126,  923, HU,   0, , 0, 0, 0, 0, 0, 0, 0, 0, 0, 0, 0, , 0, 0, ERIN,
AL, 05, 2025081918,   , BEST,   0, 271N,  718W, 126,  930, HU,   0, , 0, 0, 0, 0, 0, 0, 0, 0, 0, 0, 0, , 0, 0, ERIN,
AL, 05, 2025082000,   , BEST,   0, 280N,  720W, 129,  927, HU,   0, , 0, 0, 0, 0, 0, 0, 0, 0, 0, 0, 0, , 0, 0, ERIN,
AL, 05, 2025082006,   , BEST,   0, 290N,  719W, 131,  926, HU,   0, , 0, 0, 0, 0, 0, 0, 0, 0, 0, 0, 0, , 0, 0, ERIN,
AL, 05, 2025082012,   , BEST,   0, 301N,  716W, 133,  925, HU,   0, , 0, 0, 0, 0, 0, 0, 0, 0, 0, 0, 0, , 0, 0, ERIN,
AL, 05, 2025082018,   , BEST,   0, 312N,  711W, 131,  928, HU,   0, , 0, 0, 0, 0, 0, 0, 0, 0, 0, 0, 0, , 0, 0, ERIN,
AL, 05, 2025082100,   , BEST,   0, 323N,  706W, 127,  932, HU,   0, , 0, 0, 0, 0, 0, 0, 0, 0, 0, 0, 0, , 0, 0, ERIN,
AL, 05, 2025082106,   , BEST,   0, 334N,  696W, 128,  932, HU,   0, , 0, 0, 0, 0, 0, 0, 0, 0, 0, 0, 0, , 0, 0, ERIN,
AL, 05, 2025082112,   , BEST,   0, 347N,  682W, 122,  939, HU,   0, , 0, 0, 0, 0, 0, 0, 0, 0, 0, 0, 0, , 0, 0, ERIN,
AL, 05, 2025082118,   , BEST,   0, 361N,  664W, 113,  948, HU,   0, , 0, 0, 0, 0, 0, 0, 0, 0, 0, 0, 0, , 0, 0, ERIN,
AL, 05, 2025082200,   , BEST,   0, 374N,  647W, 105,  956, HU,   0, , 0, 0, 0, 0, 0, 0, 0, 0, 0, 0, 0, , 0, 0, ERIN,
AL, 05, 2025082206,   , BEST,   0, 387N,  629W,  89,  969, HU,   0, , 0, 0, 0, 0, 0, 0, 0, 0, 0, 0, 0, , 0, 0, ERIN,
AL, 05, 2025082212,   , BEST,   0, 399N,  604W,  75,  956, HU,   0, , 0, 0, 0, 0, 0, 0, 0, 0, 0, 0, 0, , 0, 0, ERIN,
AL, 05, 2025082218,   , BEST,   0, 409N,  574W,  73,  957, HU,   0, , 0, 0, 0, 0, 0, 0, 0, 0, 0, 0, 0, , 0, 0, ERIN,
AL, 05, 2025082300,   , BEST,   0, 418N,  539W,  71,  957, EX,   0, , 0, 0, 0, 0, 0, 0, 0, 0, 0, 0, 0, , 0, 0, ERIN,
AL, 05, 2025082306,   , BEST,   0, 427N,  509W,  68,  956, EX,   0, , 0, 0, 0, 0, 0, 0, 0, 0, 0, 0, 0, , 0, 0, ERIN,
