AL, 02, 2025062700,   , CHP6,   0, 170N,  864W,  15, 1000, DB,   0, , 0, 0, 0, 0, 0, 0, 0, 0, 0, 0, 0, , 0, 0, INVEST,
AL, 02, 2025062706,   , CHP6,   0, 174N,  878W,  15, 1000, DB,   0, , 0, 0, 0, 0, 0, 0, 0, 0, 0, 0, 0, , 0, 0, INVEST,
AL, 02, 2025062712,   , CHP6,   0, 179N,  893W,  20, 1011, DB,   0, , 0, 0, 0, 0, 0, 0, 0, 0, 0, 0, 0, , 0, 0, INVEST,
AL, 02, 2025062718,   , CHP6,   0, 183N,  905W,  20, 1011, DB,   0, , 0, 0, 0, 0, 0, 0, 0, 0, 0, 0, 0, , 0, 0, INVEST,
AL, 02, 2025062800,   , CHP6,   0, 186N,  916W,  20, 1011, DB,   0, , 0, 0, 0, 0, 0, 0, 0, 0, 0, 0, 0, , 0, 0, INVEST,
AL, 02, 2025062806,   , CHP6,   0, 188N,  925W,  20, 1011, DB,   0, , 0, 0, 0, 0, 0, 0, 0, 0, 0, 0, 0, , 0, 0, INVEST,
AL, 02, 2025062812,   , CHP6,   0, 190N,  933W,  20, 1011, DB,   0, , 0, 0, 0, 0, 0, 0, 0, 0, 0, 0, 0, , 0, 0, INVEST,
AL, 02, 2025062818,   , CHP6,   0, 192N,  939W,  25, 1011, TD,   0, , 0, 0, 0, 0, 0, 0, 0, 0, 0, 0, 0, , 0, 0, TWO,
AL, 02, 2025062900,   , CHP6,   0, 195N,  947W,  30, 1011, TD,   0, , 0, 0, 0, 0, 0, 0, 0, 0, 0, 0, 0, , 0, 0, TWO,
AL, 02, 2025062906,   , CHP6,   0, 197N,  953W,  35, 1010, TS,   0, , 0, 0, 0, 0, 0, 0, 0, 0, 0, 0, 0, , 0, 0, BARRY,
AL, 02, 2025062912,   , CHP6,   0, 201N,  960W,  35, 1008, TS,   0, , 0, 0, 0, 0, 0, 0, 0, 0, 0, 0, 0, , 0, 0, BARRY,
AL, 02, 2025062918,   , CHP6,   0, 209N,  967W,  42,  997, TS,   0, , 0, 0, 0, 0, 0, 0, 0, 0, 0, 0, 0, , 0, 0, BARRY,
AL, 02, 2025063000,   , CHP6,   0, 214N,  973W,  50,  993, TS,   0, , 0, 0, 0, 0, 0, 0, 0, 0, 0, 0, 0, , 0, 0, BARRY,
AL, 02, 2025063006,   , CHP6,   0, 220N,  979W,  44,  995, TS,   0, , 0, 0, 0, 0, 0, 0, 0, 0, 0, 0, 0, , 0, 0, BARRY,
AL, 02, 2025063012,   , CHP6,   0, 224N,  983W,  38,  997, TS,   0, , 0, 0, 0, 0, 0, 0, 0, 0, 0, 0, 0, , 0, 0, BARRY,
AL, 02, 2025063018,   , CHP6,   0, 228N,  988W,  33,  999, TD,   0, , 0, 0, 0, 0, 0, 0, 0, 0, 0, 0, 0, , 0, 0, BARRY,
AL, 02, 2025070100,   , CHP6,   0, 231N,  992W,  23,  993, DB,   0, , 0, 0, 0, 0, 0, 0, 0, 0, 0, 0, 0, , 0, 0, BARRY,
AL, 02, 2025070106,   , CHP6,   0, 233N,  995W,  19,  995, DB,   0, , 0, 0, 0, 0, 0, 0, 0, 0, 0, 0, 0, , 0, 0, BARRY,