WP, 97, 2024091418,   , BEST,   0, 122N, 1446E,  30, 1002, MD,   0, , 0, 0, 0, 0, 0, 0, 0, 0, 0, 0, 0, , 0, 0, INVEST,
WP, 97, 2024091500,   , BEST,   0, 127N, 1443E,  30,  999, MD,   0, , 0, 0, 0, 0, 0, 0, 0, 0, 0, 0, 0, , 0, 0, INVEST,
WP, 97, 2024091506,   , BEST,   0, 132N, 1441E,  40,  998, MD,   0, , 0, 0, 0, 0, 0, 0, 0, 0, 0, 0, 0, , 0, 0, INVEST,
WP, 97, 2024091512,   , BEST,   0, 137N, 1437E,  40,  998, MD,   0, , 0, 0, 0, 0, 0, 0, 0, 0, 0, 0, 0, , 0, 0, INVEST,
WP, 97, 2024091518,   , BEST,   0, 143N, 1432E,  40,  998, MD,   0, , 0, 0, 0, 0, 0, 0, 0, 0, 0, 0, 0, , 0, 0, INVEST,
WP, 97, 2024091600,   , BEST,   0, 150N, 1427E,  40,  998, MD,   0, , 0, 0, 0, 0, 0, 0, 0, 0, 0, 0, 0, , 0, 0, INVEST,
WP, 97, 2024091606,   , BEST,   0, 160N, 1420E,  40,  997, MD,   0, , 0, 0, 0, 0, 0, 0, 0, 0, 0, 0, 0, , 0, 0, INVEST,
WP, 97, 2024091612,   , BEST,   0, 167N, 1411E,  45,  997, MD,   0, , 0, 0, 0, 0, 0, 0, 0, 0, 0, 0, 0, , 0, 0, INVEST,
WP, 97, 2024091618,   , BEST,   0, 176N, 1400E,  45,  997, MD,   0, , 0, 0, 0, 0, 0, 0, 0, 0, 0, 0, 0, , 0, 0, INVEST,
WP, 15, 2024091700,   , BEST,   0, 187N, 1387E,  50,  997, MD,   0, , 0, 0, 0, 0, 0, 0, 0, 0, 0, 0, 0, , 0, 0, PULASAN,TRANSITIONED, wpD72024 to wp152024,  
WP, 15, 2024091706,   , BEST,   0, 199N, 1372E,  50,  996, MD,   0, , 0, 0, 0, 0, 0, 0, 0, 0, 0, 0, 0, , 0, 0, PULASAN,
WP, 15, 2024091712,   , BEST,   0, 212N, 1356E,  60,  979, TS,   0, , 0, 0, 0, 0, 0, 0, 0, 0, 0, 0, 0, , 0, 0, PULASAN,
WP, 15, 2024091718,   , BEST,   0, 223N, 1334E,  60,  995, TS,   0, , 0, 0, 0, 0, 0, 0, 0, 0, 0, 0, 0, , 0, 0, PULASAN,
WP, 15, 2024091800,   , BEST,   0, 232N, 1317E,  55,  998, TS,   0, , 0, 0, 0, 0, 0, 0, 0, 0, 0, 0, 0, , 0, 0, PULASAN,
WP, 15, 2024091806,   , BEST,   0, 244N, 1302E,  55,  998, TS,   0, , 0, 0, 0, 0, 0, 0, 0, 0, 0, 0, 0, , 0, 0, PULASAN,
WP, 15, 2024091812,   , BEST,   0, 259N, 1287E,  55,  998, TS,   0, , 0, 0, 0, 0, 0, 0, 0, 0, 0, 0, 0, , 0, 0, PULASAN,
WP, 15, 2024091818,   , BEST,   0, 270N, 1270E,  45,  998, TS,   0, , 0, 0, 0, 0, 0, 0, 0, 0, 0, 0, 0, , 0, 0, PULASAN,
WP, 15, 2024091900,   , BEST,   0, 283N, 1253E,  40,  998, TS,   0, , 0, 0, 0, 0, 0, 0, 0, 0, 0, 0, 0, , 0, 0, PULASAN,
WP, 15, 2024091906,   , BEST,   0, 297N, 1237E,  40,  998, TS,   0, , 0, 0, 0, 0, 0, 0, 0, 0, 0, 0, 0, , 0, 0, PULASAN,
WP, 15, 2024091912,   , BEST,   0, 305N, 1222E,  40,  998, TS,   0, , 0, 0, 0, 0, 0, 0, 0, 0, 0, 0, 0, , 0, 0, PULASAN,
WP, 15, 2024091918,   , BEST,   0, 309N, 1214E,  35,  999, TS,   0, , 0, 0, 0, 0, 0, 0, 0, 0, 0, 0, 0, , 0, 0, PULASAN,
WP, 15, 2024092000,   , BEST,   0, 317N, 1207E,  30, 1000, TD,   0, , 0, 0, 0, 0, 0, 0, 0, 0, 0, 0, 0, , 0, 0, PULASAN,
WP, 15, 2024092006,   , BEST,   0, 325N, 1205E,  30, 1000, TD,   0, , 0, 0, 0, 0, 0, 0, 0, 0, 0, 0, 0, , 0, 0, PULASAN,
WP, 15, 2024092012,   , BEST,   0, 333N, 1209E,  40, 1000, TS,   0, , 0, 0, 0, 0, 0, 0, 0, 0, 0, 0, 0, , 0, 0, PULASAN,
WP, 15, 2024092018,   , BEST,   0, 336N, 1216E,  50,  998, TS,   0, , 0, 0, 0, 0, 0, 0, 0, 0, 0, 0, 0, , 0, 0, PULASAN,
WP, 15, 2024092100,   , BEST,   0, 339N, 1230E,  50,  998, TS,   0, , 0, 0, 0, 0, 0, 0, 0, 0, 0, 0, 0, , 0, 0, PULASAN,
WP, 15, 2024092106,   , BEST,   0, 343N, 1254E,  55, 1000, TS,   0, , 0, 0, 0, 0, 0, 0, 0, 0, 0, 0, 0, , 0, 0, PULASAN,
WP, 15, 2024092112,   , BEST,   0, 346N, 1289E,  60, 1000, TS,   0, , 0, 0, 0, 0, 0, 0, 0, 0, 0, 0, 0, , 0, 0, PULASAN,
WP, 15, 2024092118,   , BEST,   0, 355N, 1324E,  55,  996, EX,   0, , 0, 0, 0, 0, 0, 0, 0, 0, 0, 0, 0, , 0, 0, PULASAN,
WP, 15, 2024092200,   , BEST,   0, 374N, 1378E,  50,  998, EX,   0, , 0, 0, 0, 0, 0, 0, 0, 0, 0, 0, 0, , 0, 0, PULASAN,
WP, 15, 2024092206,   , BEST,   0, 388N, 1431E,  45, 1000, EX,   0, , 0, 0, 0, 0, 0, 0, 0, 0, 0, 0, 0, , 0, 0, PULASAN,
WP, 15, 2024092212,   , BEST,   0, 398N, 1480E,  45, 1000, EX,   0, , 0, 0, 0, 0, 0, 0, 0, 0, 0, 0, 0, , 0, 0, PULASAN,
Analyzed by 223
