WP, 93, 2024110612,   , BEST,   0,  81N, 1766E,  15, 1009, DB,   0, , 0, 0, 0, 0, 0, 0, 0, 0, 0, 0, 0, , 0, 0, INVEST,
WP, 93, 2024110618,   , BEST,   0,  82N, 1757E,  15, 1009, DB,   0, , 0, 0, 0, 0, 0, 0, 0, 0, 0, 0, 0, , 0, 0, INVEST,
WP, 93, 2024110700,   , BEST,   0,  82N, 1743E,  15, 1009, DB,   0, , 0, 0, 0, 0, 0, 0, 0, 0, 0, 0, 0, , 0, 0, INVEST,
WP, 93, 2024110706,   , BEST,   0,  83N, 1730E,  20, 1006, DB,   0, , 0, 0, 0, 0, 0, 0, 0, 0, 0, 0, 0, , 0, 0, INVEST,
WP, 93, 2024110712,   , BEST,   0,  84N, 1711E,  20, 1006, DB,   0, , 0, 0, 0, 0, 0, 0, 0, 0, 0, 0, 0, , 0, 0, INVEST,
WP, 93, 2024110718,   , BEST,   0,  91N, 1691E,  20, 1007, DB,   0, , 0, 0, 0, 0, 0, 0, 0, 0, 0, 0, 0, , 0, 0, INVEST,
WP, 93, 2024110800,   , BEST,   0, 102N, 1670E,  25, 1007, TD,   0, , 0, 0, 0, 0, 0, 0, 0, 0, 0, 0, 0, , 0, 0, INVEST,
WP, 93, 2024110806,   , BEST,   0, 113N, 1651E,  25, 1007, TD,   0, , 0, 0, 0, 0, 0, 0, 0, 0, 0, 0, 0, , 0, 0, INVEST,
WP, 93, 2024110812,   , BEST,   0, 121N, 1632E,  30, 1007, TD,   0, , 0, 0, 0, 0, 0, 0, 0, 0, 0, 0, 0, , 0, 0, INVEST,
WP, 93, 2024110818,   , BEST,   0, 128N, 1616E,  35, 1007, TS,   0, , 0, 0, 0, 0, 0, 0, 0, 0, 0, 0, 0, , 0, 0, INVEST,
WP, 25, 2024110900,   , BEST,   0, 137N, 1600E,  40, 1004, TS,   0, , 0, 0, 0, 0, 0, 0, 0, 0, 0, 0, 0, , 0, 0, TWENTYFIVE,TRANSITIONED, wpH32024 to wp252024, 
WP, 25, 2024110906,   , BEST,   0, 143N, 1591E,  45, 1004, TS,   0, , 0, 0, 0, 0, 0, 0, 0, 0, 0, 0, 0, , 0, 0, TWENTYFIVE,
WP, 25, 2024110912,   , BEST,   0, 149N, 1583E,  55, 1001, TS,   0, , 0, 0, 0, 0, 0, 0, 0, 0, 0, 0, 0, , 0, 0, MAN-YI,
WP, 25, 2024110918,   , BEST,   0, 153N, 1571E,  55,  999, TS,   0, , 0, 0, 0, 0, 0, 0, 0, 0, 0, 0, 0, , 0, 0, MAN-YI,
WP, 25, 2024111000,   , BEST,   0, 157N, 1561E,  55,  998, TS,   0, , 0, 0, 0, 0, 0, 0, 0, 0, 0, 0, 0, , 0, 0, MAN-YI,
WP, 25, 2024111006,   , BEST,   0, 159N, 1553E,  60,  996, TS,   0, , 0, 0, 0, 0, 0, 0, 0, 0, 0, 0, 0, , 0, 0, MAN-YI,
WP, 25, 2024111012,   , BEST,   0, 158N, 1546E,  60,  997, TS,   0, , 0, 0, 0, 0, 0, 0, 0, 0, 0, 0, 0, , 0, 0, MAN-YI,
WP, 25, 2024111018,   , BEST,   0, 154N, 1541E,  60,  999, TS,   0, , 0, 0, 0, 0, 0, 0, 0, 0, 0, 0, 0, , 0, 0, MAN-YI,
WP, 25, 2024111100,   , BEST,   0, 150N, 1532E,  55, 1002, TS,   0, , 0, 0, 0, 0, 0, 0, 0, 0, 0, 0, 0, , 0, 0, MAN-YI,
WP, 25, 2024111106,   , BEST,   0, 145N, 1523E,  50,  997, TS,   0, , 0, 0, 0, 0, 0, 0, 0, 0, 0, 0, 0, , 0, 0, MAN-YI,
WP, 25, 2024111112,   , BEST,   0, 142N, 1514E,  45,  997, TS,   0, , 0, 0, 0, 0, 0, 0, 0, 0, 0, 0, 0, , 0, 0, MAN-YI,
WP, 25, 2024111118,   , BEST,   0, 143N, 1504E,  45,  992, TS,   0, , 0, 0, 0, 0, 0, 0, 0, 0, 0, 0, 0, , 0, 0, MAN-YI,
WP, 25, 2024111200,   , BEST,   0, 141N, 1492E,  45,  994, TS,   0, , 0, 0, 0, 0, 0, 0, 0, 0, 0, 0, 0, , 0, 0, MAN-YI,
WP, 25, 2024111206,   , BEST,   0, 141N, 1476E,  45,  995, TS,   0, , 0, 0, 0, 0, 0, 0, 0, 0, 0, 0, 0, , 0, 0, MAN-YI,
WP, 25, 2024111212,   , BEST,   0, 140N, 1463E,  45,  994, TS,   0, , 0, 0, 0, 0, 0, 0, 0, 0, 0, 0, 0, , 0, 0, MAN-YI,
WP, 25, 2024111218,   , BEST,   0, 134N, 1450E,  40,  994, TS,   0, , 0, 0, 0, 0, 0, 0, 0, 0, 0, 0, 0, , 0, 0, MAN-YI,
WP, 25, 2024111300,   , BEST,   0, 126N, 1438E,  35,  995, TS,   0, , 0, 0, 0, 0, 0, 0, 0, 0, 0, 0, 0, , 0, 0, MAN-YI,
WP, 25, 2024111306,   , BEST,   0, 122N, 1426E,  35, 1002, TS,   0, , 0, 0, 0, 0, 0, 0, 0, 0, 0, 0, 0, , 0, 0, MAN-YI,
WP, 25, 2024111312,   , BEST,   0, 119N, 1412E,  40, 1002, TS,   0, , 0, 0, 0, 0, 0, 0, 0, 0, 0, 0, 0, , 0, 0, MAN-YI,
WP, 25, 2024111318,   , BEST,   0, 116N, 1395E,  45, 1002, TS,   0, , 0, 0, 0, 0, 0, 0, 0, 0, 0, 0, 0, , 0, 0, MAN-YI,
WP, 25, 2024111400,   , BEST,   0, 111N, 1380E,  45, 1000, TS,   0, , 0, 0, 0, 0, 0, 0, 0, 0, 0, 0, 0, , 0, 0, MAN-YI,
WP, 25, 2024111406,   , BEST,   0, 106N, 1366E,  55,  996, TS,   0, , 0, 0, 0, 0, 0, 0, 0, 0, 0, 0, 0, , 0, 0, MAN-YI,
WP, 25, 2024111412,   , BEST,   0, 104N, 1350E,  65,  993, TY,   0, , 0, 0, 0, 0, 0, 0, 0, 0, 0, 0, 0, , 0, 0, MAN-YI,
WP, 25, 2024111418,   , BEST,   0, 104N, 1336E,  75,  988, TY,   0, , 0, 0, 0, 0, 0, 0, 0, 0, 0, 0, 0, , 0, 0, MAN-YI,
WP, 25, 2024111500,   , BEST,   0, 105N, 1319E,  90,  976, TY,   0, , 0, 0, 0, 0, 0, 0, 0, 0, 0, 0, 0, , 0, 0, MAN-YI,
WP, 25, 2024111506,   , BEST,   0, 109N, 1304E, 100,  972, TY,   0, , 0, 0, 0, 0, 0, 0, 0, 0, 0, 0, 0, , 0, 0, MAN-YI,
WP, 25, 2024111512,   , BEST,   0, 115N, 1290E, 110,  963, TY,   0, , 0, 0, 0, 0, 0, 0, 0, 0, 0, 0, 0, , 0, 0, MAN-YI,
WP, 25, 2024111518,   , BEST,   0, 120N, 1278E, 120,  952, TY,   0, , 0, 0, 0, 0, 0, 0, 0, 0, 0, 0, 0, , 0, 0, MAN-YI,
WP, 25, 2024111600,   , BEST,   0, 125N, 1267E, 140,  929, ST,   0, , 0, 0, 0, 0, 0, 0, 0, 0, 0, 0, 0, , 0, 0, MAN-YI,
WP, 25, 2024111606,   , BEST,   0, 132N, 1256E, 145,  923, ST,   0, , 0, 0, 0, 0, 0, 0, 0, 0, 0, 0, 0, , 0, 0, MAN-YI,
WP, 25, 2024111612,   , BEST,   0, 139N, 1246E, 130,  934, ST,   0, , 0, 0, 0, 0, 0, 0, 0, 0, 0, 0, 0, , 0, 0, MAN-YI,
WP, 25, 2024111618,   , BEST,   0, 143N, 1238E, 120,  941, TY,   0, , 0, 0, 0, 0, 0, 0, 0, 0, 0, 0, 0, , 0, 0, MAN-YI,
WP, 25, 2024111700,   , BEST,   0, 150N, 1229E, 130,  938, ST,   0, , 0, 0, 0, 0, 0, 0, 0, 0, 0, 0, 0, , 0, 0, MAN-YI,
WP, 25, 2024111706,   , BEST,   0, 158N, 1219E, 130,  933, ST,   0, , 0, 0, 0, 0, 0, 0, 0, 0, 0, 0, 0, , 0, 0, MAN-YI,
WP, 25, 2024111712,   , BEST,   0, 166N, 1207E,  95,  968, TY,   0, , 0, 0, 0, 0, 0, 0, 0, 0, 0, 0, 0, , 0, 0, MAN-YI,
WP, 25, 2024111718,   , BEST,   0, 176N, 1194E,  75,  987, TY,   0, , 0, 0, 0, 0, 0, 0, 0, 0, 0, 0, 0, , 0, 0, MAN-YI,
WP, 25, 2024111800,   , BEST,   0, 182N, 1182E,  55,  994, TS,   0, , 0, 0, 0, 0, 0, 0, 0, 0, 0, 0, 0, , 0, 0, MAN-YI,
WP, 25, 2024111806,   , BEST,   0, 184N, 1169E,  60,  994, TS,   0, , 0, 0, 0, 0, 0, 0, 0, 0, 0, 0, 0, , 0, 0, MAN-YI,
WP, 25, 2024111812,   , BEST,   0, 186N, 1159E,  70,  993, TY,   0, , 0, 0, 0, 0, 0, 0, 0, 0, 0, 0, 0, , 0, 0, MAN-YI,
WP, 25, 2024111818,   , BEST,   0, 187N, 1150E,  60,  996, TS,   0, , 0, 0, 0, 0, 0, 0, 0, 0, 0, 0, 0, , 0, 0, MAN-YI,
WP, 25, 2024111900,   , BEST,   0, 188N, 1140E,  50, 1000, LO,   0, , 0, 0, 0, 0, 0, 0, 0, 0, 0, 0, 0, , 0, 0, MAN-YI,
WP, 25, 2024111906,   , BEST,   0, 187N, 1130E,  40, 1002, LO,   0, , 0, 0, 0, 0, 0, 0, 0, 0, 0, 0, 0, , 0, 0, MAN-YI,
WP, 25, 2024111912,   , BEST,   0, 182N, 1121E,  30, 1004, LO,   0, , 0, 0, 0, 0, 0, 0, 0, 0, 0, 0, 0, , 0, 0, MAN-YI,
WP, 25, 2024111918,   , BEST,   0, 174N, 1111E,  20, 1004, LO,   0, , 0, 0, 0, 0, 0, 0, 0, 0, 0, 0, 0, , 0, 0, MAN-YI,
Analyzed by 223
