WP, 99, 2024100206,   , BEST,   0,  84N, 1567E,  15, 1009, DB,   0, , 0, 0, 0, 0, 0, 0, 0, 0, 0, 0, 0, , 0, 0, INVEST,
WP, 99, 2024100212,   , BEST,   0,  87N, 1559E,  15, 1009, DB,   0, , 0, 0, 0, 0, 0, 0, 0, 0, 0, 0, 0, , 0, 0, INVEST,
WP, 99, 2024100218,   , BEST,   0,  91N, 1550E,  15, 1009, DB,   0, , 0, 0, 0, 0, 0, 0, 0, 0, 0, 0, 0, , 0, 0, INVEST,
WP, 99, 2024100300,   , BEST,   0,  94N, 1542E,  15, 1009, DB,   0, , 0, 0, 0, 0, 0, 0, 0, 0, 0, 0, 0, , 0, 0, INVEST,
WP, 99, 2024100306,   , BEST,   0,  97N, 1533E,  15, 1008, DB,   0, , 0, 0, 0, 0, 0, 0, 0, 0, 0, 0, 0, , 0, 0, INVEST,
WP, 99, 2024100312,   , BEST,   0, 100N, 1524E,  15, 1008, DB,   0, , 0, 0, 0, 0, 0, 0, 0, 0, 0, 0, 0, , 0, 0, INVEST,
WP, 99, 2024100318,   , BEST,   0, 107N, 1513E,  15, 1008, DB,   0, , 0, 0, 0, 0, 0, 0, 0, 0, 0, 0, 0, , 0, 0, INVEST,
WP, 99, 2024100400,   , BEST,   0, 112N, 1503E,  15, 1008, DB,   0, , 0, 0, 0, 0, 0, 0, 0, 0, 0, 0, 0, , 0, 0, INVEST,
WP, 99, 2024100406,   , BEST,   0, 113N, 1490E,  15, 1008, DB,   0, , 0, 0, 0, 0, 0, 0, 0, 0, 0, 0, 0, , 0, 0, INVEST,
WP, 99, 2024100412,   , BEST,   0, 114N, 1482E,  20, 1006, DB,   0, , 0, 0, 0, 0, 0, 0, 0, 0, 0, 0, 0, , 0, 0, INVEST,
WP, 99, 2024100418,   , BEST,   0, 119N, 1476E,  20, 1007, DB,   0, , 0, 0, 0, 0, 0, 0, 0, 0, 0, 0, 0, , 0, 0, INVEST,
WP, 99, 2024100500,   , BEST,   0, 128N, 1470E,  20, 1007, DB,   0, , 0, 0, 0, 0, 0, 0, 0, 0, 0, 0, 0, , 0, 0, INVEST,
WP, 99, 2024100506,   , BEST,   0, 133N, 1466E,  20, 1005, DB,   0, , 0, 0, 0, 0, 0, 0, 0, 0, 0, 0, 0, , 0, 0, INVEST,
WP, 99, 2024100512,   , BEST,   0, 142N, 1462E,  20, 1005, DB,   0, , 0, 0, 0, 0, 0, 0, 0, 0, 0, 0, 0, , 0, 0, INVEST,
WP, 99, 2024100518,   , BEST,   0, 152N, 1460E,  20, 1004, DB,   0, , 0, 0, 0, 0, 0, 0, 0, 0, 0, 0, 0, , 0, 0, INVEST,
WP, 21, 2024100600,   , BEST,   0, 167N, 1457E,  20, 1004, DB,   0, , 0, 0, 0, 0, 0, 0, 0, 0, 0, 0, 0, , 0, 0, TWENTYONE,TRANSITIONED, wpE92024 to wp212024, 
WP, 21, 2024100606,   , BEST,   0, 178N, 1455E,  30, 1007, TD,   0, , 0, 0, 0, 0, 0, 0, 0, 0, 0, 0, 0, , 0, 0, TWENTYONE,
WP, 21, 2024100612,   , BEST,   0, 185N, 1454E,  30, 1007, TD,   0, , 0, 0, 0, 0, 0, 0, 0, 0, 0, 0, 0, , 0, 0, TWENTYONE,
WP, 21, 2024100618,   , BEST,   0, 199N, 1454E,  30, 1004, TD,   0, , 0, 0, 0, 0, 0, 0, 0, 0, 0, 0, 0, , 0, 0, TWENTYONE,
WP, 21, 2024100700,   , BEST,   0, 208N, 1456E,  30, 1002, TD,   0, , 0, 0, 0, 0, 0, 0, 0, 0, 0, 0, 0, , 0, 0, TWENTYONE,
WP, 21, 2024100706,   , BEST,   0, 221N, 1459E,  35, 1003, TS,   0, , 0, 0, 0, 0, 0, 0, 0, 0, 0, 0, 0, , 0, 0, TWENTYONE,
WP, 21, 2024100712,   , BEST,   0, 228N, 1464E,  35, 1003, TS,   0, , 0, 0, 0, 0, 0, 0, 0, 0, 0, 0, 0, , 0, 0, TWENTYONE,
WP, 21, 2024100718,   , BEST,   0, 234N, 1467E,  35, 1004, TS,   0, , 0, 0, 0, 0, 0, 0, 0, 0, 0, 0, 0, , 0, 0, TWENTYONE,
WP, 21, 2024100800,   , BEST,   0, 240N, 1470E,  35, 1004, TS,   0, , 0, 0, 0, 0, 0, 0, 0, 0, 0, 0, 0, , 0, 0, TWENTYONE,
WP, 21, 2024100806,   , BEST,   0, 242N, 1472E,  35, 1002, TS,   0, , 0, 0, 0, 0, 0, 0, 0, 0, 0, 0, 0, , 0, 0, TWENTYONE,
WP, 21, 2024100812,   , BEST,   0, 244N, 1476E,  35, 1002, TS,   0, , 0, 0, 0, 0, 0, 0, 0, 0, 0, 0, 0, , 0, 0, TWENTYONE,
WP, 21, 2024100818,   , BEST,   0, 249N, 1482E,  35, 1002, TS,   0, , 0, 0, 0, 0, 0, 0, 0, 0, 0, 0, 0, , 0, 0, TWENTYONE,
WP, 21, 2024100900,   , BEST,   0, 259N, 1490E,  35, 1002, TS,   0, , 0, 0, 0, 0, 0, 0, 0, 0, 0, 0, 0, , 0, 0, TWENTYONE,
WP, 21, 2024100906,   , BEST,   0, 277N, 1493E,  35,  998, TS,   0, , 0, 0, 0, 0, 0, 0, 0, 0, 0, 0, 0, , 0, 0, BARIJAT,
WP, 21, 2024100912,   , BEST,   0, 297N, 1490E,  35,  997, TS,   0, , 0, 0, 0, 0, 0, 0, 0, 0, 0, 0, 0, , 0, 0, BARIJAT,
WP, 21, 2024100918,   , BEST,   0, 315N, 1492E,  35,  989, TS,   0, , 0, 0, 0, 0, 0, 0, 0, 0, 0, 0, 0, , 0, 0, BARIJAT,
WP, 21, 2024101000,   , BEST,   0, 330N, 1499E,  35,  988, TS,   0, , 0, 0, 0, 0, 0, 0, 0, 0, 0, 0, 0, , 0, 0, BARIJAT,
WP, 21, 2024101006,   , BEST,   0, 348N, 1510E,  45,  993, TS,   0, , 0, 0, 0, 0, 0, 0, 0, 0, 0, 0, 0, , 0, 0, BARIJAT,
WP, 21, 2024101012,   , BEST,   0, 367N, 1522E,  55,  989, TS,   0, , 0, 0, 0, 0, 0, 0, 0, 0, 0, 0, 0, , 0, 0, BARIJAT,
WP, 21, 2024101018,   , BEST,   0, 397N, 1530E,  60,  988, EX,   0, , 0, 0, 0, 0, 0, 0, 0, 0, 0, 0, 0, , 0, 0, BARIJAT,
WP, 21, 2024101100,   , BEST,   0, 427N, 1534E,  60,  975, EX,   0, , 0, 0, 0, 0, 0, 0, 0, 0, 0, 0, 0, , 0, 0, BARIJAT,
WP, 21, 2024101106,   , BEST,   0, 445N, 1534E,  65,  974, EX,   0, , 0, 0, 0, 0, 0, 0, 0, 0, 0, 0, 0, , 0, 0, BARIJAT,
WP, 21, 2024101112,   , BEST,   0, 461N, 1531E,  65,  988, EX,   0, , 0, 0, 0, 0, 0, 0, 0, 0, 0, 0, 0, , 0, 0, BARIJAT,
Analyzed by 223
