IO, 92, 2013120400,   , CHP6, 0,  71N,  836E,  20, 1008, DB,   0, , 0, 0, 0, 0, 0, 0, 0, 0, 0, 0, 0, , 0, 0, INVEST,
IO, 92, 2013120406,   , CHP6, 0,  75N,  838E,  20, 1008, DB,   0, , 0, 0, 0, 0, 0, 0, 0, 0, 0, 0, 0, , 0, 0, INVEST,
IO, 92, 2013120412,   , CHP6, 0,  79N,  839E,  20, 1007, DB,   0, , 0, 0, 0, 0, 0, 0, 0, 0, 0, 0, 0, , 0, 0, INVEST,
IO, 92, 2013120418,   , CHP6, 0,  83N,  840E,  20, 1007, DB,   0, , 0, 0, 0, 0, 0, 0, 0, 0, 0, 0, 0, , 0, 0, INVEST,
IO, 92, 2013120500,   , CHP6, 0,  88N,  839E,  25, 1005, TD,   0, , 0, 0, 0, 0, 0, 0, 0, 0, 0, 0, 0, , 0, 0, INVEST,
IO, 92, 2013120506,   , CHP6, 0,  91N,  838E,  25, 1004, TD,   0, , 0, 0, 0, 0, 0, 0, 0, 0, 0, 0, 0, , 0, 0, INVEST,
IO, 92, 2013120512,   , CHP6, 0,  94N,  838E,  30, 1002, TD,   0, , 0, 0, 0, 0, 0, 0, 0, 0, 0, 0, 0, , 0, 0, INVEST,
IO, 92, 2013120518,   , CHP6, 0,  96N,  838E,  30, 1001, TD,   0, , 0, 0, 0, 0, 0, 0, 0, 0, 0, 0, 0, , 0, 0, INVEST,
IO, 06, 2013120600,   , CHP6, 0,  98N,  838E,  35,  999, TS,   0, , 0, 0, 0, 0, 0, 0, 0, 0, 0, 0, 0, , 0, 0, MADI,
IO, 06, 2013120606,   , CHP6, 0, 100N,  836E,  40,  996, TS,   0, , 0, 0, 0, 0, 0, 0, 0, 0, 0, 0, 0, , 0, 0, MADI,
IO, 06, 2013120612,   , CHP6, 0, 102N,  835E,  40,  996, TS,   0, , 0, 0, 0, 0, 0, 0, 0, 0, 0, 0, 0, , 0, 0, MADI,
IO, 06, 2013120618,   , CHP6, 0, 105N,  835E,  53,  990, TS,   0, , 0, 0, 0, 0, 0, 0, 0, 0, 0, 0, 0, , 0, 0, MADI,
IO, 06, 2013120700,   , CHP6, 0, 107N,  834E,  61,  986, TS,   0, , 0, 0, 0, 0, 0, 0, 0, 0, 0, 0, 0, , 0, 0, MADI,
IO, 06, 2013120706,   , CHP6, 0, 109N,  833E,  67,  982, TY,   0, , 0, 0, 0, 0, 0, 0, 0, 0, 0, 0, 0, , 0, 0, MADI,
IO, 06, 2013120712,   , CHP6, 0, 112N,  832E,  73,  977, TY,   0, , 0, 0, 0, 0, 0, 0, 0, 0, 0, 0, 0, , 0, 0, MADI,
IO, 06, 2013120718,   , CHP6, 0, 116N,  833E,  80,  973, TY,   0, , 0, 0, 0, 0, 0, 0, 0, 0, 0, 0, 0, , 0, 0, MADI,
IO, 06, 2013120800,   , CHP6, 0, 120N,  834E,  86,  968, TY,   0, , 0, 0, 0, 0, 0, 0, 0, 0, 0, 0, 0, , 0, 0, MADI,
IO, 06, 2013120806,   , CHP6, 0, 124N,  836E,  91,  963, TY,   0, , 0, 0, 0, 0, 0, 0, 0, 0, 0, 0, 0, , 0, 0, MADI,
IO, 06, 2013120812,   , CHP6, 0, 127N,  839E,  94,  960, TY,   0, , 0, 0, 0, 0, 0, 0, 0, 0, 0, 0, 0, , 0, 0, MADI,
IO, 06, 2013120818,   , CHP6, 0, 130N,  843E,  96,  958, TY,   0, , 0, 0, 0, 0, 0, 0, 0, 0, 0, 0, 0, , 0, 0, MADI,
IO, 06, 2013120900,   , CHP6, 0, 133N,  847E, 104,  951, TY,   0, , 0, 0, 0, 0, 0, 0, 0, 0, 0, 0, 0, , 0, 0, MADI,
IO, 06, 2013120906,   , CHP6, 0, 136N,  850E, 107,  947, TY,   0, , 0, 0, 0, 0, 0, 0, 0, 0, 0, 0, 0, , 0, 0, MADI,
IO, 06, 2013120912,   , CHP6, 0, 139N,  851E, 105,  949, TY,   0, , 0, 0, 0, 0, 0, 0, 0, 0, 0, 0, 0, , 0, 0, MADI,
IO, 06, 2013120918,   , CHP6, 0, 142N,  852E,  98,  954, TY,   0, , 0, 0, 0, 0, 0, 0, 0, 0, 0, 0, 0, , 0, 0, MADI,
IO, 06, 2013121000,   , CHP6, 0, 145N,  853E,  86,  962, TY,   0, , 0, 0, 0, 0, 0, 0, 0, 0, 0, 0, 0, , 0, 0, MADI,
IO, 06, 2013121006,   , CHP6, 0, 147N,  854E,  78,  970, TY,   0, , 0, 0, 0, 0, 0, 0, 0, 0, 0, 0, 0, , 0, 0, MADI,
IO, 06, 2013121012,   , CHP6, 0, 148N,  852E,  72,  978, TY,   0, , 0, 0, 0, 0, 0, 0, 0, 0, 0, 0, 0, , 0, 0, MADI,
IO, 06, 2013121018,   , CHP6, 0, 147N,  850E,  77,  975, TY,   0, , 0, 0, 0, 0, 0, 0, 0, 0, 0, 0, 0, , 0, 0, MADI,
IO, 06, 2013121100,   , CHP6, 0, 145N,  846E,  79,  974, TY,   0, , 0, 0, 0, 0, 0, 0, 0, 0, 0, 0, 0, , 0, 0, MADI,
IO, 06, 2013121106,   , CHP6, 0, 143N,  842E,  81,  973, TY,   0, , 0, 0, 0, 0, 0, 0, 0, 0, 0, 0, 0, , 0, 0, MADI,
IO, 06, 2013121112,   , CHP6, 0, 141N,  837E,  84,  971, TY,   0, , 0, 0, 0, 0, 0, 0, 0, 0, 0, 0, 0, , 0, 0, MADI,
IO, 06, 2013121118,   , CHP6, 0, 136N,  831E,  89,  968, TY,   0, , 0, 0, 0, 0, 0, 0, 0, 0, 0, 0, 0, , 0, 0, MADI,
IO, 06, 2013121200,   , CHP6, 0, 131N,  824E,  94,  963, TY,   0, , 0, 0, 0, 0, 0, 0, 0, 0, 0, 0, 0, , 0, 0, MADI,
IO, 06, 2013121206,   , CHP6, 0, 125N,  817E,  97,  959, TY,   0, , 0, 0, 0, 0, 0, 0, 0, 0, 0, 0, 0, , 0, 0, MADI,
IO, 06, 2013121212,   , CHP6, 0, 122N,  812E, 100,  956, TY,   0, , 0, 0, 0, 0, 0, 0, 0, 0, 0, 0, 0, , 0, 0, MADI,
IO, 06, 2013121218,   , CHP6, 0, 118N,  807E, 103,  953, TY,   0, , 0, 0, 0, 0, 0, 0, 0, 0, 0, 0, 0, , 0, 0, MADI,
IO, 06, 2013121300,   , CHP6, 0, 115N,  801E, 106,  950, TY,   0, , 0, 0, 0, 0, 0, 0, 0, 0, 0, 0, 0, , 0, 0, MADI,
IO, 06, 2013121306,   , CHP6, 0, 111N,  796E, 117,  938, TY,   0, , 0, 0, 0, 0, 0, 0, 0, 0, 0, 0, 0, , 0, 0, MADI,
IO, 06, 2013121312,   , CHP6, 0, 109N,  790E,  93,  960, TY,   0, , 0, 0, 0, 0, 0, 0, 0, 0, 0, 0, 0, , 0, 0, MADI,
IO, 06, 2013121318,   , CHP6, 0, 107N,  784E,  68,  978, TY,   0, , 0, 0, 0, 0, 0, 0, 0, 0, 0, 0, 0, , 0, 0, MADI,
IO, 06, 2013121400,   , CHP6, 0, 105N,  778E,  52,  987, TS,   0, , 0, 0, 0, 0, 0, 0, 0, 0, 0, 0, 0, , 0, 0, MADI,
IO, 06, 2013121406,   , CHP6, 0, 102N,  772E,  43,  991, TS,   0, , 0, 0, 0, 0, 0, 0, 0, 0, 0, 0, 0, , 0, 0, MADI,
IO, 06, 2013121412,   , CHP6, 0, 100N,  766E,  34,  994, TS,   0, , 0, 0, 0, 0, 0, 0, 0, 0, 0, 0, 0, , 0, 0, MADI,
IO, 06, 2013121418,   , CHP6, 0,  99N,  760E,  27,  996, TD,   0, , 0, 0, 0, 0, 0, 0, 0, 0, 0, 0, 0, , 0, 0, MADI,
IO, 06, 2013121500,   , CHP6, 0,  98N,  753E,  22,  998, DB,   0, , 0, 0, 0, 0, 0, 0, 0, 0, 0, 0, 0, , 0, 0, MADI,
IO, 06, 2013121506,   , CHP6, 0,  98N,  747E,  17,  999, DB,   0, , 0, 0, 0, 0, 0, 0, 0, 0, 0, 0, 0, , 0, 0, MADI,
