WP, 92, 2013112118,   , CHP6, 0,  68N, 1006E,  20, 1008, DB,   0, , 0, 0, 0, 0, 0, 0, 0, 0, 0, 0, 0, , 0, 0, INVEST,
WP, 92, 2013112200,   , CHP6, 0,  67N,  998E,  20, 1009, DB,   0, , 0, 0, 0, 0, 0, 0, 0, 0, 0, 0, 0, , 0, 0, INVEST,
WP, 92, 2013112206,   , CHP6, 0,  65N,  991E,  20, 1009, DB,   0, , 0, 0, 0, 0, 0, 0, 0, 0, 0, 0, 0, , 0, 0, INVEST,
WP, 92, 2013112212,   , CHP6, 0,  66N,  986E,  20, 1009, DB,   0, , 0, 0, 0, 0, 0, 0, 0, 0, 0, 0, 0, , 0, 0, INVEST,
WP, 92, 2013112218,   , CHP6, 0,  68N,  982E,  25, 1007, TD,   0, , 0, 0, 0, 0, 0, 0, 0, 0, 0, 0, 0, , 0, 0, INVEST,
WP, 92, 2013112300,   , CHP6, 0,  73N,  978E,  25, 1006, TD,   0, , 0, 0, 0, 0, 0, 0, 0, 0, 0, 0, 0, , 0, 0, INVEST,
WP, 92, 2013112306,   , CHP6, 0,  80N,  973E,  30, 1004, TD,   0, , 0, 0, 0, 0, 0, 0, 0, 0, 0, 0, 0, , 0, 0, INVEST,
IO, 05, 2013112312,   , CHP6, 0,  87N,  965E,  35, 1002, TS,   0, , 0, 0, 0, 0, 0, 0, 0, 0, 0, 0, 0, , 0, 0, LEHAR,
IO, 05, 2013112318,   , CHP6, 0,  95N,  959E,  39,  999, TS,   0, , 0, 0, 0, 0, 0, 0, 0, 0, 0, 0, 0, , 0, 0, LEHAR,
IO, 05, 2013112400,   , CHP6, 0, 100N,  953E,  40,  998, TS,   0, , 0, 0, 0, 0, 0, 0, 0, 0, 0, 0, 0, , 0, 0, LEHAR,
IO, 05, 2013112406,   , CHP6, 0, 106N,  947E,  46,  996, TS,   0, , 0, 0, 0, 0, 0, 0, 0, 0, 0, 0, 0, , 0, 0, LEHAR,
IO, 05, 2013112412,   , CHP6, 0, 110N,  940E,  51,  993, TS,   0, , 0, 0, 0, 0, 0, 0, 0, 0, 0, 0, 0, , 0, 0, LEHAR,
IO, 05, 2013112418,   , CHP6, 0, 114N,  932E,  65,  986, TY,   0, , 0, 0, 0, 0, 0, 0, 0, 0, 0, 0, 0, , 0, 0, LEHAR,
IO, 05, 2013112500,   , CHP6, 0, 118N,  923E,  70,  982, TY,   0, , 0, 0, 0, 0, 0, 0, 0, 0, 0, 0, 0, , 0, 0, LEHAR,
IO, 05, 2013112506,   , CHP6, 0, 120N,  918E,  74,  980, TY,   0, , 0, 0, 0, 0, 0, 0, 0, 0, 0, 0, 0, , 0, 0, LEHAR,
IO, 05, 2013112512,   , CHP6, 0, 121N,  913E,  78,  977, TY,   0, , 0, 0, 0, 0, 0, 0, 0, 0, 0, 0, 0, , 0, 0, LEHAR,
IO, 05, 2013112518,   , CHP6, 0, 122N,  909E,  84,  973, TY,   0, , 0, 0, 0, 0, 0, 0, 0, 0, 0, 0, 0, , 0, 0, LEHAR,
IO, 05, 2013112600,   , CHP6, 0, 124N,  905E,  90,  969, TY,   0, , 0, 0, 0, 0, 0, 0, 0, 0, 0, 0, 0, , 0, 0, LEHAR,
IO, 05, 2013112606,   , CHP6, 0, 126N,  900E,  96,  961, TY,   0, , 0, 0, 0, 0, 0, 0, 0, 0, 0, 0, 0, , 0, 0, LEHAR,
IO, 05, 2013112612,   , CHP6, 0, 130N,  892E, 127,  930, TY,   0, , 0, 0, 0, 0, 0, 0, 0, 0, 0, 0, 0, , 0, 0, LEHAR,
IO, 05, 2013112618,   , CHP6, 0, 134N,  880E, 136,  919, ST,   0, , 0, 0, 0, 0, 0, 0, 0, 0, 0, 0, 0, , 0, 0, LEHAR,
IO, 05, 2013112700,   , CHP6, 0, 139N,  869E, 130,  927, ST,   0, , 0, 0, 0, 0, 0, 0, 0, 0, 0, 0, 0, , 0, 0, LEHAR,
IO, 05, 2013112706,   , CHP6, 0, 143N,  858E, 121,  937, TY,   0, , 0, 0, 0, 0, 0, 0, 0, 0, 0, 0, 0, , 0, 0, LEHAR,
IO, 05, 2013112712,   , CHP6, 0, 147N,  848E, 114,  946, TY,   0, , 0, 0, 0, 0, 0, 0, 0, 0, 0, 0, 0, , 0, 0, LEHAR,
IO, 05, 2013112718,   , CHP6, 0, 151N,  837E, 108,  951, TY,   0, , 0, 0, 0, 0, 0, 0, 0, 0, 0, 0, 0, , 0, 0, LEHAR,
IO, 05, 2013112800,   , CHP6, 0, 156N,  827E, 101,  956, TY,   0, , 0, 0, 0, 0, 0, 0, 0, 0, 0, 0, 0, , 0, 0, LEHAR,
IO, 05, 2013112806,   , CHP6, 0, 160N,  821E,  95,  961, TY,   0, , 0, 0, 0, 0, 0, 0, 0, 0, 0, 0, 0, , 0, 0, LEHAR,
IO, 05, 2013112812,   , CHP6, 0, 164N,  816E,  92,  963, TY,   0, , 0, 0, 0, 0, 0, 0, 0, 0, 0, 0, 0, , 0, 0, LEHAR,
IO, 05, 2013112818,   , CHP6, 0, 168N,  810E,  71,  979, TY,   0, , 0, 0, 0, 0, 0, 0, 0, 0, 0, 0, 0, , 0, 0, LEHAR,
IO, 05, 2013112900,   , CHP6, 0, 172N,  804E,  53,  988, TS,   0, , 0, 0, 0, 0, 0, 0, 0, 0, 0, 0, 0, , 0, 0, LEHAR,
IO, 05, 2013112906,   , CHP6, 0, 177N,  800E,  44,  992, TS,   0, , 0, 0, 0, 0, 0, 0, 0, 0, 0, 0, 0, , 0, 0, LEHAR,
IO, 05, 2013112912,   , CHP6, 0, 182N,  797E,  37,  995, TS,   0, , 0, 0, 0, 0, 0, 0, 0, 0, 0, 0, 0, , 0, 0, LEHAR,
IO, 05, 2013112918,   , CHP6, 0, 188N,  793E,  33,  996, TD,   0, , 0, 0, 0, 0, 0, 0, 0, 0, 0, 0, 0, , 0, 0, LEHAR,
IO, 05, 2013113000,   , CHP6, 0, 193N,  789E,  22,  997, DB,   0, , 0, 0, 0, 0, 0, 0, 0, 0, 0, 0, 0, , 0, 0, LEHAR,
IO, 05, 2013113006,   , CHP6, 0, 198N,  784E,  17,  999, DB,   0, , 0, 0, 0, 0, 0, 0, 0, 0, 0, 0, 0, , 0, 0, LEHAR,
