WP, 94, 2021061918, , CHP6, 0,  92N, 1517E,  20, 1012, DB,   0, , 0, 0, 0, 0, 0, 0, 0, 0, 0, 0, 0, , 0, 0, INVEST,
WP, 94, 2021062000, , CHP6, 0,  96N, 1509E,  20, 1012, DB,   0, , 0, 0, 0, 0, 0, 0, 0, 0, 0, 0, 0, , 0, 0, INVEST,
WP, 06, 2021062006, , CHP6, 0, 101N, 1500E,  25, 1010, TD,   0, , 0, 0, 0, 0, 0, 0, 0, 0, 0, 0, 0, , 0, 0, SIX,
WP, 06, 2021062012, , CHP6, 0, 105N, 1491E,  30, 1008, TD,   0, , 0, 0, 0, 0, 0, 0, 0, 0, 0, 0, 0, , 0, 0, SIX,
WP, 06, 2021062018, , CHP6, 0, 110N, 1482E,  35, 1006, TS,   0, , 0, 0, 0, 0, 0, 0, 0, 0, 0, 0, 0, , 0, 0, CHAMPI,
WP, 06, 2021062100, , CHP6, 0, 115N, 1474E,  40, 1004, TS,   0, , 0, 0, 0, 0, 0, 0, 0, 0, 0, 0, 0, , 0, 0, CHAMPI,
WP, 06, 2021062106, , CHP6, 0, 119N, 1463E,  40, 1003, TS,   0, , 0, 0, 0, 0, 0, 0, 0, 0, 0, 0, 0, , 0, 0, CHAMPI,
WP, 06, 2021062112, , CHP6, 0, 122N, 1454E,  30, 1007, TD,   0, , 0, 0, 0, 0, 0, 0, 0, 0, 0, 0, 0, , 0, 0, CHAMPI,
WP, 06, 2021062118, , CHP6, 0, 126N, 1445E,  30, 1007, TD,   0, , 0, 0, 0, 0, 0, 0, 0, 0, 0, 0, 0, , 0, 0, CHAMPI,
WP, 06, 2021062200, , CHP6, 0, 133N, 1436E,  30, 1006, TD,   0, , 0, 0, 0, 0, 0, 0, 0, 0, 0, 0, 0, , 0, 0, CHAMPI,
WP, 06, 2021062206, , CHP6, 0, 140N, 1425E,  35, 1004, TS,   0, , 0, 0, 0, 0, 0, 0, 0, 0, 0, 0, 0, , 0, 0, CHAMPI,
WP, 06, 2021062212, , CHP6, 0, 144N, 1418E,  38, 1002, TS,   0, , 0, 0, 0, 0, 0, 0, 0, 0, 0, 0, 0, , 0, 0, CHAMPI,
WP, 06, 2021062218, , CHP6, 0, 149N, 1409E,  40,  998, TS,   0, , 0, 0, 0, 0, 0, 0, 0, 0, 0, 0, 0, , 0, 0, CHAMPI,
WP, 06, 2021062300, , CHP6, 0, 156N, 1403E,  43,  996, TS,   0, , 0, 0, 0, 0, 0, 0, 0, 0, 0, 0, 0, , 0, 0, CHAMPI,
WP, 06, 2021062306, , CHP6, 0, 163N, 1399E,  52,  992, TS,   0, , 0, 0, 0, 0, 0, 0, 0, 0, 0, 0, 0, , 0, 0, CHAMPI,
WP, 06, 2021062312, , CHP6, 0, 170N, 1394E,  68,  984, TY,   0, , 0, 0, 0, 0, 0, 0, 0, 0, 0, 0, 0, , 0, 0, CHAMPI,
WP, 06, 2021062318, , CHP6, 0, 176N, 1392E,  97,  962, TY,   0, , 0, 0, 0, 0, 0, 0, 0, 0, 0, 0, 0, , 0, 0, CHAMPI,
WP, 06, 2021062400, , CHP6, 0, 182N, 1389E, 135,  924, ST,   0, , 0, 0, 0, 0, 0, 0, 0, 0, 0, 0, 0, , 0, 0, CHAMPI,
WP, 06, 2021062406, , CHP6, 0, 187N, 1386E, 165,  885, ST,   0, , 0, 0, 0, 0, 0, 0, 0, 0, 0, 0, 0, , 0, 0, CHAMPI,
WP, 06, 2021062412, , CHP6, 0, 193N, 1383E, 164,  882, ST,   0, , 0, 0, 0, 0, 0, 0, 0, 0, 0, 0, 0, , 0, 0, CHAMPI,
WP, 06, 2021062418, , CHP6, 0, 201N, 1381E, 132,  922, ST,   0, , 0, 0, 0, 0, 0, 0, 0, 0, 0, 0, 0, , 0, 0, CHAMPI,
WP, 06, 2021062500, , CHP6, 0, 210N, 1379E, 128,  927, ST,   0, , 0, 0, 0, 0, 0, 0, 0, 0, 0, 0, 0, , 0, 0, CHAMPI,
WP, 06, 2021062506, , CHP6, 0, 218N, 1377E, 117,  939, TY,   0, , 0, 0, 0, 0, 0, 0, 0, 0, 0, 0, 0, , 0, 0, CHAMPI,
WP, 06, 2021062512, , CHP6, 0, 227N, 1376E, 114,  944, TY,   0, , 0, 0, 0, 0, 0, 0, 0, 0, 0, 0, 0, , 0, 0, CHAMPI,
WP, 06, 2021062518, , CHP6, 0, 240N, 1377E,  96,  961, TY,   0, , 0, 0, 0, 0, 0, 0, 0, 0, 0, 0, 0, , 0, 0, CHAMPI,
WP, 06, 2021062600, , CHP6, 0, 252N, 1379E,  82,  973, TY,   0, , 0, 0, 0, 0, 0, 0, 0, 0, 0, 0, 0, , 0, 0, CHAMPI,
WP, 06, 2021062606, , CHP6, 0, 265N, 1381E,  82,  984, TY,   0, , 0, 0, 0, 0, 0, 0, 0, 0, 0, 0, 0, , 0, 0, CHAMPI,
WP, 06, 2021062612, , CHP6, 0, 280N, 1386E,  70,  984, TY,   0, , 0, 0, 0, 0, 0, 0, 0, 0, 0, 0, 0, , 0, 0, CHAMPI,
WP, 06, 2021062618, , CHP6, 0, 296N, 1398E,  72,  987, TY,   0, , 0, 0, 0, 0, 0, 0, 0, 0, 0, 0, 0, , 0, 0, CHAMPI,
WP, 06, 2021062700, , CHP6, 0, 314N, 1412E,  69,  988, TY,   0, , 0, 0, 0, 0, 0, 0, 0, 0, 0, 0, 0, , 0, 0, CHAMPI,
WP, 06, 2021062706, , CHP6, 0, 332N, 1427E,  66,  989, TY,   0, , 0, 0, 0, 0, 0, 0, 0, 0, 0, 0, 0, , 0, 0, CHAMPI,
WP, 06, 2021062712, , CHP6, 0, 350N, 1445E,  64,  992, TY,   0, , 0, 0, 0, 0, 0, 0, 0, 0, 0, 0, 0, , 0, 0, CHAMPI,
WP, 06, 2021062718, , CHP6, 0, 364N, 1465E,  62,  990, TS,   0, , 0, 0, 0, 0, 0, 0, 0, 0, 0, 0, 0, , 0, 0, CHAMPI,
WP, 06, 2021062800, , CHP6, 0, 379N, 1484E,  60,  991, TS,   0, , 0, 0, 0, 0, 0, 0, 0, 0, 0, 0, 0, , 0, 0, CHAMPI,
WP, 06, 2021062806, , CHP6, 0, 393N, 1504E,  58,  992, EX,   0, , 0, 0, 0, 0, 0, 0, 0, 0, 0, 0, 0, , 0, 0, CHAMPI,
WP, 06, 2021062812, , CHP6, 0, 408N, 1523E,  57,  992, EX,   0, , 0, 0, 0, 0, 0, 0, 0, 0, 0, 0, 0, , 0, 0, CHAMPI,
