WP, 98, 2021071600, , CHP6, 0, 168N, 1344E,  20, 1003, DB,   0, , 0, 0, 0, 0, 0, 0, 0, 0, 0, 0, 0, , 0, 0, INVEST,
WP, 98, 2021071606, , CHP6, 0, 175N, 1344E,  20, 1002, DB,   0, , 0, 0, 0, 0, 0, 0, 0, 0, 0, 0, 0, , 0, 0, INVEST,
WP, 09, 2021071612, , CHP6, 0, 182N, 1343E,  25, 1000, TD,   0, , 0, 0, 0, 0, 0, 0, 0, 0, 0, 0, 0, , 0, 0, NINE,
WP, 09, 2021071618, , CHP6, 0, 191N, 1342E,  30,  998, TD,   0, , 0, 0, 0, 0, 0, 0, 0, 0, 0, 0, 0, , 0, 0, NINE,
WP, 09, 2021071700, , CHP6, 0, 201N, 1340E,  35,  995, TS,   0, , 0, 0, 0, 0, 0, 0, 0, 0, 0, 0, 0, , 0, 0, IN-FA,
WP, 09, 2021071706, , CHP6, 0, 210N, 1339E,  40,  992, TS,   0, , 0, 0, 0, 0, 0, 0, 0, 0, 0, 0, 0, , 0, 0, IN-FA,
WP, 09, 2021071712, , CHP6, 0, 216N, 1337E,  40,  991, TS,   0, , 0, 0, 0, 0, 0, 0, 0, 0, 0, 0, 0, , 0, 0, IN-FA,
WP, 09, 2021071718, , CHP6, 0, 220N, 1334E,  45,  988, TS,   0, , 0, 0, 0, 0, 0, 0, 0, 0, 0, 0, 0, , 0, 0, IN-FA,
WP, 09, 2021071800, , CHP6, 0, 224N, 1328E,  45,  988, TS,   0, , 0, 0, 0, 0, 0, 0, 0, 0, 0, 0, 0, , 0, 0, IN-FA,
WP, 09, 2021071806, , CHP6, 0, 229N, 1323E,  45,  987, TS,   0, , 0, 0, 0, 0, 0, 0, 0, 0, 0, 0, 0, , 0, 0, IN-FA,
WP, 09, 2021071812, , CHP6, 0, 234N, 1319E,  40,  997, TS,   0, , 0, 0, 0, 0, 0, 0, 0, 0, 0, 0, 0, , 0, 0, IN-FA,
WP, 09, 2021071818, , CHP6, 0, 236N, 1316E,  45,  994, TS,   0, , 0, 0, 0, 0, 0, 0, 0, 0, 0, 0, 0, , 0, 0, IN-FA,
WP, 09, 2021071900, , CHP6, 0, 239N, 1314E,  57,  989, TS,   0, , 0, 0, 0, 0, 0, 0, 0, 0, 0, 0, 0, , 0, 0, IN-FA,
WP, 09, 2021071906, , CHP6, 0, 241N, 1310E,  68,  982, TY,   0, , 0, 0, 0, 0, 0, 0, 0, 0, 0, 0, 0, , 0, 0, IN-FA,
WP, 09, 2021071912, , CHP6, 0, 242N, 1305E,  81,  973, TY,   0, , 0, 0, 0, 0, 0, 0, 0, 0, 0, 0, 0, , 0, 0, IN-FA,
WP, 09, 2021071918, , CHP6, 0, 244N, 1300E,  94,  962, TY,   0, , 0, 0, 0, 0, 0, 0, 0, 0, 0, 0, 0, , 0, 0, IN-FA,
WP, 09, 2021072000, , CHP6, 0, 245N, 1295E, 104,  953, TY,   0, , 0, 0, 0, 0, 0, 0, 0, 0, 0, 0, 0, , 0, 0, IN-FA,
WP, 09, 2021072006, , CHP6, 0, 246N, 1290E, 110,  947, TY,   0, , 0, 0, 0, 0, 0, 0, 0, 0, 0, 0, 0, , 0, 0, IN-FA,
WP, 09, 2021072012, , CHP6, 0, 246N, 1284E, 115,  942, TY,   0, , 0, 0, 0, 0, 0, 0, 0, 0, 0, 0, 0, , 0, 0, IN-FA,
WP, 09, 2021072018, , CHP6, 0, 245N, 1278E, 116,  939, TY,   0, , 0, 0, 0, 0, 0, 0, 0, 0, 0, 0, 0, , 0, 0, IN-FA,
WP, 09, 2021072100, , CHP6, 0, 244N, 1272E, 116,  938, TY,   0, , 0, 0, 0, 0, 0, 0, 0, 0, 0, 0, 0, , 0, 0, IN-FA,
WP, 09, 2021072106, , CHP6, 0, 244N, 1267E, 126,  930, TY,   0, , 0, 0, 0, 0, 0, 0, 0, 0, 0, 0, 0, , 0, 0, IN-FA,
WP, 09, 2021072112, , CHP6, 0, 243N, 1262E, 126,  930, TY,   0, , 0, 0, 0, 0, 0, 0, 0, 0, 0, 0, 0, , 0, 0, IN-FA,
WP, 09, 2021072118, , CHP6, 0, 242N, 1257E, 123,  931, TY,   0, , 0, 0, 0, 0, 0, 0, 0, 0, 0, 0, 0, , 0, 0, IN-FA,
WP, 09, 2021072200, , CHP6, 0, 242N, 1252E, 129,  927, ST,   0, , 0, 0, 0, 0, 0, 0, 0, 0, 0, 0, 0, , 0, 0, IN-FA,
WP, 09, 2021072206, , CHP6, 0, 242N, 1247E, 133,  919, ST,   0, , 0, 0, 0, 0, 0, 0, 0, 0, 0, 0, 0, , 0, 0, IN-FA,
WP, 09, 2021072212, , CHP6, 0, 242N, 1243E, 109,  944, TY,   0, , 0, 0, 0, 0, 0, 0, 0, 0, 0, 0, 0, , 0, 0, IN-FA,
WP, 09, 2021072218, , CHP6, 0, 243N, 1238E,  98,  956, TY,   0, , 0, 0, 0, 0, 0, 0, 0, 0, 0, 0, 0, , 0, 0, IN-FA,
WP, 09, 2021072300, , CHP6, 0, 244N, 1234E,  98,  956, TY,   0, , 0, 0, 0, 0, 0, 0, 0, 0, 0, 0, 0, , 0, 0, IN-FA,
WP, 09, 2021072306, , CHP6, 0, 245N, 1229E, 101,  954, TY,   0, , 0, 0, 0, 0, 0, 0, 0, 0, 0, 0, 0, , 0, 0, IN-FA,
WP, 09, 2021072312, , CHP6, 0, 248N, 1224E,  82,  969, TY,   0, , 0, 0, 0, 0, 0, 0, 0, 0, 0, 0, 0, , 0, 0, IN-FA,
WP, 09, 2021072318, , CHP6, 0, 251N, 1219E,  80,  971, TY,   0, , 0, 0, 0, 0, 0, 0, 0, 0, 0, 0, 0, , 0, 0, IN-FA,
WP, 09, 2021072400, , CHP6, 0, 255N, 1214E,  96,  959, TY,   0, , 0, 0, 0, 0, 0, 0, 0, 0, 0, 0, 0, , 0, 0, IN-FA,
WP, 09, 2021072406, , CHP6, 0, 259N, 1209E, 106,  949, TY,   0, , 0, 0, 0, 0, 0, 0, 0, 0, 0, 0, 0, , 0, 0, IN-FA,
WP, 09, 2021072412, , CHP6, 0, 262N, 1205E, 106,  949, TY,   0, , 0, 0, 0, 0, 0, 0, 0, 0, 0, 0, 0, , 0, 0, IN-FA,
WP, 09, 2021072418, , CHP6, 0, 265N, 1201E,  85,  967, TY,   0, , 0, 0, 0, 0, 0, 0, 0, 0, 0, 0, 0, , 0, 0, IN-FA,
WP, 09, 2021072500, , CHP6, 0, 269N, 1197E,  72,  974, TY,   0, , 0, 0, 0, 0, 0, 0, 0, 0, 0, 0, 0, , 0, 0, IN-FA,
WP, 09, 2021072506, , CHP6, 0, 272N, 1193E,  54,  985, TS,   0, , 0, 0, 0, 0, 0, 0, 0, 0, 0, 0, 0, , 0, 0, IN-FA,
WP, 09, 2021072512, , CHP6, 0, 274N, 1188E,  37,  993, TS,   0, , 0, 0, 0, 0, 0, 0, 0, 0, 0, 0, 0, , 0, 0, IN-FA,
WP, 09, 2021072518, , CHP6, 0, 275N, 1183E,  27,  996, TD,   0, , 0, 0, 0, 0, 0, 0, 0, 0, 0, 0, 0, , 0, 0, IN-FA,
WP, 09, 2021072600, , CHP6, 0, 276N, 1177E,  22,  998, DB,   0, , 0, 0, 0, 0, 0, 0, 0, 0, 0, 0, 0, , 0, 0, IN-FA,
WP, 09, 2021072606, , CHP6, 0, 276N, 1170E,  17,  999, DB,   0, , 0, 0, 0, 0, 0, 0, 0, 0, 0, 0, 0, , 0, 0, IN-FA,
