WP, 99, 2025072112,   , BEST,   0, 205N, 1257E,  15, 1004, DB,   0, , 0, 0, 0, 0, 0, 0, 0, 0, 0, 0, 0, , 0, 0, INVEST, 
WP, 99, 2025072118,   , BEST,   0, 202N, 1248E,  15, 1004, DB,   0, , 0, 0, 0, 0, 0, 0, 0, 0, 0, 0, 0, , 0, 0, INVEST, 
WP, 99, 2025072200,   , BEST,   0, 199N, 1239E,  20, 1004, DB,   0, , 0, 0, 0, 0, 0, 0, 0, 0, 0, 0, 0, , 0, 0, INVEST, 
WP, 99, 2025072206,   , BEST,   0, 197N, 1232E,  20, 1004, DB,   0, , 0, 0, 0, 0, 0, 0, 0, 0, 0, 0, 0, , 0, 0, INVEST, 
WP, 11, 2025072212,   , BEST,   0, 195N, 1224E,  25, 1001, TD,   0, , 0, 0, 0, 0, 0, 0, 0, 0, 0, 0, 0, , 0, 0, ELEVEN, 
WP, 11, 2025072218,   , BEST,   0, 193N, 1214E,  35, 1000, TS,   0, , 0, 0, 0, 0, 0, 0, 0, 0, 0, 0, 0, , 0, 0, CO-MAY, 
WP, 11, 2025072300,   , BEST,   0, 188N, 1205E,  40,  997, TS,   0, , 0, 0, 0, 0, 0, 0, 0, 0, 0, 0, 0, , 0, 0, CO-MAY, 
WP, 11, 2025072306,   , BEST,   0, 183N, 1197E,  50,  988, TS,   0, , 0, 0, 0, 0, 0, 0, 0, 0, 0, 0, 0, , 0, 0, CO-MAY, 
WP, 11, 2025072312,   , BEST,   0, 178N, 1191E,  52,  987, TS,   0, , 0, 0, 0, 0, 0, 0, 0, 0, 0, 0, 0, , 0, 0, CO-MAY, 
WP, 11, 2025072318,   , BEST,   0, 174N, 1186E,  60,  992, TS,   0, , 0, 0, 0, 0, 0, 0, 0, 0, 0, 0, 0, , 0, 0, CO-MAY, 
WP, 11, 2025072400,   , BEST,   0, 171N, 1183E,  68,  984, TY,   0, , 0, 0, 0, 0, 0, 0, 0, 0, 0, 0, 0, , 0, 0, CO-MAY, 
WP, 11, 2025072406,   , BEST,   0, 168N, 1186E,  83,  974, TY,   0, , 0, 0, 0, 0, 0, 0, 0, 0, 0, 0, 0, , 0, 0, CO-MAY, 
WP, 11, 2025072412,   , BEST,   0, 169N, 1193E, 103,  957, TY,   0, , 0, 0, 0, 0, 0, 0, 0, 0, 0, 0, 0, , 0, 0, CO-MAY, 
WP, 11, 2025072418,   , BEST,   0, 175N, 1201E, 128,  933, ST,   0, , 0, 0, 0, 0, 0, 0, 0, 0, 0, 0, 0, , 0, 0, CO-MAY, 
WP, 11, 2025072500,   , BEST,   0, 185N, 1209E, 124,  936, TS,   0, , 0, 0, 0, 0, 0, 0, 0, 0, 0, 0, 0, , 0, 0, CO-MAY, 
WP, 11, 2025072506,   , BEST,   0, 196N, 1217E, 110,  952, TS,   0, , 0, 0, 0, 0, 0, 0, 0, 0, 0, 0, 0, , 0, 0, CO-MAY, 
WP, 11, 2025072512,   , BEST,   0, 214N, 1229E, 123,  939, TS,   0, , 0, 0, 0, 0, 0, 0, 0, 0, 0, 0, 0, , 0, 0, CO-MAY, 
WP, 11, 2025072518,   , BEST,   0, 231N, 1242E, 138,  923, ST,   0, , 0, 0, 0, 0, 0, 0, 0, 0, 0, 0, 0, , 0, 0, CO-MAY, 
WP, 11, 2025072600,   , BEST,   0, 245N, 1255E, 125,  927, TY,   0, , 0, 0, 0, 0, 0, 0, 0, 0, 0, 0, 0, , 0, 0, CO-MAY, 
WP, 11, 2025072606,   , BEST,   0, 256N, 1267E,  99,  935, TY,   0, , 0, 0, 0, 0, 0, 0, 0, 0, 0, 0, 0, , 0, 0, CO-MAY, 
WP, 11, 2025072612,   , BEST,   0, 264N, 1277E,  71,  948, TY,   0, , 0, 0, 0, 0, 0, 0, 0, 0, 0, 0, 0, , 0, 0, CO-MAY, 
WP, 11, 2025072618,   , BEST,   0, 268N, 1286E,  57,  967, TS,   0, , 0, 0, 0, 0, 0, 0, 0, 0, 0, 0, 0, , 0, 0, CO-MAY, 
WP, 11, 2025072700,   , BEST,   0, 270N, 1296E,  43,  980, TS,   0, , 0, 0, 0, 0, 0, 0, 0, 0, 0, 0, 0, , 0, 0, CO-MAY, 
WP, 11, 2025072706,   , BEST,   0, 269N, 1300E,  35,  991, TS,   0, , 0, 0, 0, 0, 0, 0, 0, 0, 0, 0, 0, , 0, 0, CO-MAY, 
WP, 11, 2025072712,   , BEST,   0, 267N, 1302E,  36,  992, TS,   0, , 0, 0, 0, 0, 0, 0, 0, 0, 0, 0, 0, , 0, 0, CO-MAY, 
WP, 11, 2025072718,   , BEST,   0, 266N, 1298E,  44,  995, TS,   0, , 0, 0, 0, 0, 0, 0, 0, 0, 0, 0, 0, , 0, 0, CO-MAY, 
WP, 11, 2025072800,   , BEST,   0, 269N, 1292E,  47,  993, TS,   0, , 0, 0, 0, 0, 0, 0, 0, 0, 0, 0, 0, , 0, 0, CO-MAY, 
WP, 11, 2025072806,   , BEST,   0, 271N, 1282E,  51,  992, TS,   0, , 0, 0, 0, 0, 0, 0, 0, 0, 0, 0, 0, , 0, 0, CO-MAY, 
WP, 11, 2025072812,   , BEST,   0, 273N, 1272E,  55,  989, TS,   0, , 0, 0, 0, 0, 0, 0, 0, 0, 0, 0, 0, , 0, 0, CO-MAY, 
WP, 11, 2025072818,   , BEST,   0, 277N, 1261E,  59,  987, TS,   0, , 0, 0, 0, 0, 0, 0, 0, 0, 0, 0, 0, , 0, 0, CO-MAY, 
WP, 11, 2025072900,   , BEST,   0, 281N, 1251E,  61,  986, TS,   0, , 0, 0, 0, 0, 0, 0, 0, 0, 0, 0, 0, , 0, 0, CO-MAY, 
WP, 11, 2025072906,   , BEST,   0, 285N, 1243E,  62,  985, TS,   0, , 0, 0, 0, 0, 0, 0, 0, 0, 0, 0, 0, , 0, 0, CO-MAY, 
WP, 11, 2025072912,   , BEST,   0, 289N, 1236E,  61,  985, TS,   0, , 0, 0, 0, 0, 0, 0, 0, 0, 0, 0, 0, , 0, 0, CO-MAY, 
WP, 11, 2025072918,   , BEST,   0, 294N, 1232E,  58,  985, TS,   0, , 0, 0, 0, 0, 0, 0, 0, 0, 0, 0, 0, , 0, 0, CO-MAY, 
WP, 11, 2025073000,   , BEST,   0, 298N, 1227E,  56,  986, TS,   0, , 0, 0, 0, 0, 0, 0, 0, 0, 0, 0, 0, , 0, 0, CO-MAY, 
WP, 11, 2025073006,   , BEST,   0, 303N, 1222E,  54,  987, TS,   0, , 0, 0, 0, 0, 0, 0, 0, 0, 0, 0, 0, , 0, 0, CO-MAY, 
WP, 11, 2025073012,   , BEST,   0, 306N, 1219E,  52,  988, TS,   0, , 0, 0, 0, 0, 0, 0, 0, 0, 0, 0, 0, , 0, 0, CO-MAY, 
WP, 11, 2025073018,   , BEST,   0, 309N, 1217E,  51,  988, TS,   0, , 0, 0, 0, 0, 0, 0, 0, 0, 0, 0, 0, , 0, 0, CO-MAY, 
WP, 11, 2025073100,   , BEST,   0, 311N, 1215E,  48,  990, TS,   0, , 0, 0, 0, 0, 0, 0, 0, 0, 0, 0, 0, , 0, 0, CO-MAY, 
WP, 11, 2025073106,   , BEST,   0, 313N, 1213E,  47,  990, TS,   0, , 0, 0, 0, 0, 0, 0, 0, 0, 0, 0, 0, , 0, 0, CO-MAY, 
WP, 11, 2025073112,   , BEST,   0, 315N, 1211E,  39,  994, TS,   0, , 0, 0, 0, 0, 0, 0, 0, 0, 0, 0, 0, , 0, 0, CO-MAY, 
WP, 11, 2025073118,   , BEST,   0, 317N, 1210E,  33,  997, TD,   0, , 0, 0, 0, 0, 0, 0, 0, 0, 0, 0, 0, , 0, 0, CO-MAY, 
WP, 11, 2025080100,   , BEST,   0, 320N, 1208E,  27,  998, TD,   0, , 0, 0, 0, 0, 0, 0, 0, 0, 0, 0, 0, , 0, 0, CO-MAY, 
WP, 11, 2025080106,   , BEST,   0, 322N, 1207E,  18,  998, DB,   0, , 0, 0, 0, 0, 0, 0, 0, 0, 0, 0, 0, , 0, 0, CO-MAY, 
WP, 11, 2025080112,   , BEST,   0, 325N, 1205E,  16,  999, DB,   0, , 0, 0, 0, 0, 0, 0, 0, 0, 0, 0, 0, , 0, 0, CO-MAY, 
