WP, 91, 2025091606,   , BEST,   0, 221N, 1693E,  15, 1009, DB,   0, , 0, 0, 0, 0, 0, 0, 0, 0, 0, 0, 0, , 0, 0, INVEST,
WP, 91, 2025091612,   , BEST,   0, 223N, 1684E,  15, 1009, DB,   0, , 0, 0, 0, 0, 0, 0, 0, 0, 0, 0, 0, , 0, 0, INVEST,
WP, 91, 2025091618,   , BEST,   0, 225N, 1677E,  15, 1013, DB,   0, , 0, 0, 0, 0, 0, 0, 0, 0, 0, 0, 0, , 0, 0, INVEST,
WP, 91, 2025091700,   , BEST,   0, 227N, 1671E,  15, 1013, DB.   0, , 0, 0, 0, 0, 0, 0, 0, 0, 0, 0, 0, , 0, 0, INVEST,
WP, 91, 2025091706,   , BEST,   0, 228N, 1663E,  20, 1013, DB,   0, , 0, 0, 0, 0, 0, 0, 0, 0, 0, 0, 0, , 0, 0, INVEST,
WP, 91, 2025091712,   , BEST,   0, 229N, 1658E,  25, 1010, TD,   0, , 0, 0, 0, 0, 0, 0, 0, 0, 0, 0, 0, , 0, 0, TWENTYFIVE,
WP, 91, 2025091718,   , BEST,   0, 230N, 1652E,  30, 1009, TD,   0, , 0, 0, 0, 0, 0, 0, 0, 0, 0, 0, 0, , 0, 0, TWENTYFIVE,
WP, 25, 2025091800,   , BEST,   0, 230N, 1646E,  35, 1009, TS,   0, , 0, 0, 0, 0, 0, 0, 0, 0, 0, 0, 0, , 0, 0, NEOGURI,
WP, 25, 2025091806,   , BEST,   0, 231N, 1640E,  35, 1009, TS,   0, , 0, 0, 0, 0, 0, 0, 0, 0, 0, 0, 0, , 0, 0, NEOGURI,
WP, 25, 2025091812,   , BEST,   0, 232N, 1633E,  40, 1008, TS,   0, , 0, 0, 0, 0, 0, 0, 0, 0, 0, 0, 0, , 0, 0, NEOGURI,
WP, 25, 2025091818,   , BEST,   0, 234N, 1623E,  45, 1005, TS,   0, , 0, 0, 0, 0, 0, 0, 0, 0, 0, 0, 0, , 0, 0, NEOGURI,
WP, 25, 2025091900,   , BEST,   0, 237N, 1613E,  45, 1001, TS,   0, , 0, 0, 0, 0, 0, 0, 0, 0, 0, 0, 0, , 0, 0, NEOGURI,
WP, 25, 2025091906,   , BEST,   0, 240N, 1603E,  48,  995, TS,   0, , 0, 0, 0, 0, 0, 0, 0, 0, 0, 0, 0, , 0, 0, NEOGURI,
WP, 25, 2025091912,   , BEST,   0, 244N, 1592E,  56,  991, TS,   0, , 0, 0, 0, 0, 0, 0, 0, 0, 0, 0, 0, , 0, 0, NEOGURI,
WP, 25, 2025091918,   , BEST,   0, 247N, 1581E,  67,  985, TY,   0, , 0, 0, 0, 0, 0, 0, 0, 0, 0, 0, 0, , 0, 0, NEOGURI,
WP, 25, 2025092000,   , BEST,   0, 251N, 1570E,  83,  974, TY,   0, , 0, 0, 0, 0, 0, 0, 0, 0, 0, 0, 0, , 0, 0, NEOGURI,
WP, 25, 2025092006,   , BEST,   0, 254N, 1560E, 104,  957, TY,   0, , 0, 0, 0, 0, 0, 0, 0, 0, 0, 0, 0, , 0, 0, NEOGURI,
WP, 25, 2025092012,   , BEST,   0, 258N, 1550E, 130,  928, ST,   0, , 0, 0, 0, 0, 0, 0, 0, 0, 0, 0, 0, , 0, 0, NEOGURI,
WP, 25, 2025092018,   , BEST,   0, 262N, 1540E, 150,  902, ST,   0, , 0, 0, 0, 0, 0, 0, 0, 0, 0, 0, 0, , 0, 0, NEOGURI,
WP, 25, 2025092100,   , BEST,   0, 267N, 1529E, 114,  940, TY,   0, , 0, 0, 0, 0, 0, 0, 0, 0, 0, 0, 0, , 0, 0, NEOGURI,
WP, 25, 2025092106,   , BEST,   0, 270N, 1523E, 104,  950, TY,   0, , 0, 0, 0, 0, 0, 0, 0, 0, 0, 0, 0, , 0, 0, NEOGURI,
WP, 25, 2025092112,   , BEST,   0, 274N, 1518E,  94,  960, TY,   0, , 0, 0, 0, 0, 0, 0, 0, 0, 0, 0, 0, , 0, 0, NEOGURI,
WP, 25, 2025092118,   , BEST,   0, 280N, 1514E,  92,  962, TY,   0, , 0, 0, 0, 0, 0, 0, 0, 0, 0, 0, 0, , 0, 0, NEOGURI,
WP, 25, 2025092200,   , BEST,   0, 286N, 1512E,  93,  961, TY,   0, , 0, 0, 0, 0, 0, 0, 0, 0, 0, 0, 0, , 0, 0, NEOGURI,
WP, 25, 2025092206,   , BEST,   0, 293N, 1513E,  93,  961, TY,   0, , 0, 0, 0, 0, 0, 0, 0, 0, 0, 0, 0, , 0, 0, NEOGURI,
WP, 25, 2025092212,   , BEST,   0, 298N, 1516E,  91,  963, TY,   0, , 0, 0, 0, 0, 0, 0, 0, 0, 0, 0, 0, , 0, 0, NEOGURI,
WP, 25, 2025092218,   , BEST,   0, 303N, 1519E,  91,  963, TY,   0, , 0, 0, 0, 0, 0, 0, 0, 0, 0, 0, 0, , 0, 0, NEOGURI,
WP, 25, 2025092300,   , BEST,   0, 305N, 1523E,  83,  970, TY,   0, , 0, 0, 0, 0, 0, 0, 0, 0, 0, 0, 0, , 0, 0, NEOGURI,
WP, 25, 2025092306,   , BEST,   0, 307N, 1527E,  88,  966, TY,   0, , 0, 0, 0, 0, 0, 0, 0, 0, 0, 0, 0, , 0, 0, NEOGURI,
WP, 25, 2025092312,   , BEST,   0, 308N, 1533E,  81,  972, TY,   0, , 0, 0, 0, 0, 0, 0, 0, 0, 0, 0, 0, , 0, 0, NEOGURI,
WP, 25, 2025092318,   , BEST,   0, 307N, 1538E,  83,  970, TY,   0, , 0, 0, 0, 0, 0, 0, 0, 0, 0, 0, 0, , 0, 0, NEOGURI,
WP, 25, 2025092400,   , BEST,   0, 306N, 1544E,  72,  978, TY,   0, , 0, 0, 0, 0, 0, 0, 0, 0, 0, 0, 0, , 0, 0, NEOGURI,
WP, 25, 2025092406,   , BEST,   0, 307N, 1549E,  69,  980, TY,   0, , 0, 0, 0, 0, 0, 0, 0, 0, 0, 0, 0, , 0, 0, NEOGURI,
WP, 25, 2025092412,   , BEST,   0, 310N, 1554E,  72,  978, TY,   0, , 0, 0, 0, 0, 0, 0, 0, 0, 0, 0, 0, , 0, 0, NEOGURI,
WP, 25, 2025092418,   , BEST,   0, 313N, 1556E,  72,  978, TY,   0, , 0, 0, 0, 0, 0, 0, 0, 0, 0, 0, 0, , 0, 0, NEOGURI,
WP, 25, 2025092500,   , BEST,   0, 316N, 1555E,  72,  979, TY,   0, , 0, 0, 0, 0, 0, 0, 0, 0, 0, 0, 0, , 0, 0, NEOGURI,
WP, 25, 2025092506,   , BEST,   0, 316N, 1553E,  71,  979, TY,   0, , 0, 0, 0, 0, 0, 0, 0, 0, 0, 0, 0, , 0, 0, NEOGURI,
WP, 25, 2025092512,   , BEST,   0, 315N, 1551E,  73,  979, TY,   0, , 0, 0, 0, 0, 0, 0, 0, 0, 0, 0, 0, , 0, 0, NEOGURI,
WP, 25, 2025092518,   , BEST,   0, 314N, 1549E,  76,  978, TY,   0, , 0, 0, 0, 0, 0, 0, 0, 0, 0, 0, 0, , 0, 0, NEOGURI,
WP, 25, 2025092600,   , BEST,   0, 315N, 1546E,  79,  976, TY,   0, , 0, 0, 0, 0, 0, 0, 0, 0, 0, 0, 0, , 0, 0, NEOGURI,
WP, 25, 2025092606,   , BEST,   0, 316N, 1544E,  82,  974, TY,   0, , 0, 0, 0, 0, 0, 0, 0, 0, 0, 0, 0, , 0, 0, NEOGURI,
WP, 25, 2025092612,   , BEST,   0, 317N, 1542E,  83,  973, TY,   0, , 0, 0, 0, 0, 0, 0, 0, 0, 0, 0, 0, , 0, 0, NEOGURI,
WP, 25, 2025092618,   , BEST,   0, 319N, 1543E,  86,  971, TY,   0, , 0, 0, 0, 0, 0, 0, 0, 0, 0, 0, 0, , 0, 0, NEOGURI,
WP, 25, 2025092700,   , BEST,   0, 322N, 1546E,  93,  967, TY,   0, , 0, 0, 0, 0, 0, 0, 0, 0, 0, 0, 0, , 0, 0, NEOGURI,
WP, 25, 2025092706,   , BEST,   0, 328N, 1556E, 100,  962, TY,   0, , 0, 0, 0, 0, 0, 0, 0, 0, 0, 0, 0, , 0, 0, NEOGURI,
WP, 25, 2025092712,   , BEST,   0, 341N, 1577E, 102,  959, TY,   0, , 0, 0, 0, 0, 0, 0, 0, 0, 0, 0, 0, , 0, 0, NEOGURI,
WP, 25, 2025092718,   , BEST,   0, 353N, 1597E, 100,  961, TY,   0, , 0, 0, 0, 0, 0, 0, 0, 0, 0, 0, 0, , 0, 0, NEOGURI,
WP, 25, 2025092800,   , BEST,   0, 366N, 1618E,  95,  967, TY,   0, , 0, 0, 0, 0, 0, 0, 0, 0, 0, 0, 0, , 0, 0, NEOGURI,
WP, 25, 2025092806,   , BEST,   0, 383N, 1641E,  84,  975, TY,   0, , 0, 0, 0, 0, 0, 0, 0, 0, 0, 0, 0, , 0, 0, NEOGURI,
WP, 25, 2025092812,   , BEST,   0, 400N, 1665E,  90,  972, TY,   0, , 0, 0, 0, 0, 0, 0, 0, 0, 0, 0, 0, , 0, 0, NEOGURI,
WP, 25, 2025092818,   , BEST,   0, 417N, 1688E,  82,  977, TY,   0, , 0, 0, 0, 0, 0, 0, 0, 0, 0, 0, 0, , 0, 0, NEOGURI,
WP, 25, 2025092900,   , BEST,   0, 434N, 1711E,  76,  981, TY,   0, , 0, 0, 0, 0, 0, 0, 0, 0, 0, 0, 0, , 0, 0, NEOGURI,
WP, 25, 2025092906,   , BEST,   0, 448N, 1738E,  74,  985, EX,   0, , 0, 0, 0, 0, 0, 0, 0, 0, 0, 0, 0, , 0, 0, NEOGURI,
WP, 25, 2025092912,   , BEST,   0, 464N, 1772E,  70,  982, EX,   0, , 0, 0, 0, 0, 0, 0, 0, 0, 0, 0, 0, , 0, 0, NEOGURI,
