CP, 90, 2025072412,   , BEST,   0, 106N, 1334W,  20, 1010, DB,   0, , 0, 0, 0, 0, 0, 0, 0, 0, 0, 0, 0, , 0, 0, INVEST, 
CP, 90, 2025072418,   , BEST,   0, 106N, 1348W,  20, 1010, DB,   0, , 0, 0, 0, 0, 0, 0, 0, 0, 0, 0, 0, , 0, 0, INVEST, 
CP, 90, 2025072500,   , BEST,   0, 106N, 1360W,  20, 1010, DB,   0, , 0, 0, 0, 0, 0, 0, 0, 0, 0, 0, 0, , 0, 0, INVEST, 
CP, 90, 2025072506,   , BEST,   0, 106N, 1372W,  20, 1009, DB,   0, , 0, 0, 0, 0, 0, 0, 0, 0, 0, 0, 0, , 0, 0, INVEST, 
CP, 90, 2025072512,   , BEST,   0, 106N, 1383W,  25, 1009, DB,   0, , 0, 0, 0, 0, 0, 0, 0, 0, 0, 0, 0, , 0, 0, INVEST, SPAWNINVEST, ep742025 to ep972025, 
CP, 90, 2025072518,   , BEST,   0, 106N, 1397W,  25, 1008, LO,   0, , 0, 0, 0, 0, 0, 0, 0, 0, 0, 0, 0, , 0, 0, INVEST, 
CP, 90, 2025072600,   , BEST,   0, 107N, 1409W,  25, 1008, LO,   0, , 0, 0, 0, 0, 0, 0, 0, 0, 0, 0, 0, , 0, 0, INVEST, TRANSITIONED, epA72025 to cpA02025, 
CP, 90, 2025072606,   , BEST,   0, 108N, 1417W,  25, 1011, TD,   0, , 0, 0, 0, 0, 0, 0, 0, 0, 0, 0, 0, , 0, 0, INVEST, 
CP, 90, 2025072612,   , BEST,   0, 109N, 1423W,  25, 1010, TD,   0, , 0, 0, 0, 0, 0, 0, 0, 0, 0, 0, 0, , 0, 0, INVEST, 
CP, 90, 2025072618,   , BEST,   0, 109N, 1430W,  25, 1010, TD,   0, , 0, 0, 0, 0, 0, 0, 0, 0, 0, 0, 0, , 0, 0, INVEST, 
CP, 90, 2025072700,   , BEST,   0, 109N, 1441W,  25, 1008, TD,   0, , 0, 0, 0, 0, 0, 0, 0, 0, 0, 0, 0, , 0, 0, INVEST, 
CP, 01, 2025072706,   , BEST,   0, 109N, 1451W,  25, 1009, TD,   0, , 0, 0, 0, 0, 0, 0, 0, 0, 0, 0, 0, , 0, 0, ONE, TRANSITIONED, cpA02025 to cp012025, 
CP, 01, 2025072712,   , BEST,   0, 109N, 1460W,  30, 1008, TD,   0, , 0, 0, 0, 0, 0, 0, 0, 0, 0, 0, 0, , 0, 0, ONE, 
CP, 01, 2025072718,   , BEST,   0, 109N, 1469W,  35, 1008, TS,   0, , 0, 0, 0, 0, 0, 0, 0, 0, 0, 0, 0, , 0, 0, ONE, 
CP, 01, 2025072800,   , BEST,   0, 109N, 1478W,  45, 1005, TS,   0, , 0, 0, 0, 0, 0, 0, 0, 0, 0, 0, 0, , 0, 0, IONA, 
CP, 01, 2025072806,   , BEST,   0, 108N, 1488W,  55, 1001, TS,   0, , 0, 0, 0, 0, 0, 0, 0, 0, 0, 0, 0, , 0, 0, IONA, 
CP, 01, 2025072812,   , BEST,   0, 108N, 1497W,  65,  994, HU,   0, , 0, 0, 0, 0, 0, 0, 0, 0, 0, 0, 0, , 0, 0, IONA, 
CP, 01, 2025072818,   , BEST,   0, 108N, 1506W,  70,  993, HU,   0, , 0, 0, 0, 0, 0, 0, 0, 0, 0, 0, 0, , 0, 0, IONA, 
CP, 01, 2025072900,   , BEST,   0, 108N, 1516W,  80,  985, HU,   0, , 0, 0, 0, 0, 0, 0, 0, 0, 0, 0, 0, , 0, 0, IONA, 
CP, 01, 2025072906,   , BEST,   0, 109N, 1526W, 120,  943, HU,   0, , 0, 0, 0, 0, 0, 0, 0, 0, 0, 0, 0, , 0, 0, IONA, 
CP, 01, 2025072912,   , BEST,   0, 109N, 1537W, 125,  939, HU,   0, , 0, 0, 0, 0, 0, 0, 0, 0, 0, 0, 0, , 0, 0, IONA, 
CP, 01, 2025072915,   , BEST,   0, 109N, 1543W, 130,  935, HU,   0, , 0, 0, 0, 0, 0, 0, 0, 0, 0, 0, 0, , 0, 0, IONA, 
CP, 01, 2025072918,   , BEST,   0, 109N, 1550W, 120,  941, HU,   0, , 0, 0, 0, 0, 0, 0, 0, 0, 0, 0, 0, , 0, 0, IONA, 
CP, 01, 2025073000,   , BEST,   0, 110N, 1565W, 105,  950, HU,   0, , 0, 0, 0, 0, 0, 0, 0, 0, 0, 0, 0, , 0, 0, IONA, 
CP, 01, 2025073006,   , BEST,   0, 111N, 1578W, 110,  973, HU,   0, , 0, 0, 0, 0, 0, 0, 0, 0, 0, 0, 0, , 0, 0, IONA, 
CP, 01, 2025073012,   , BEST,   0, 113N, 1596W,  70,  984, HU,   0, , 0, 0, 0, 0, 0, 0, 0, 0, 0, 0, 0, , 0, 0, IONA, 
CP, 01, 2025073018,   , BEST,   0, 115N, 1617W,  55,  991, TS,   0, , 0, 0, 0, 0, 0, 0, 0, 0, 0, 0, 0, , 0, 0, IONA, 
CP, 01, 2025073100,   , BEST,   0, 118N, 1638W,  45, 1000, TS,   0, , 0, 0, 0, 0, 0, 0, 0, 0, 0, 0, 0, , 0, 0, IONA, 
CP, 01, 2025073106,   , BEST,   0, 121N, 1659W,  40, 1001, TS,   0, , 0, 0, 0, 0, 0, 0, 0, 0, 0, 0, 0, , 0, 0, IONA, 
CP, 01, 2025073112,   , BEST,   0, 125N, 1678W,  45, 1001, TS,   0, , 0, 0, 0, 0, 0, 0, 0, 0, 0, 0, 0, , 0, 0, IONA, 
CP, 01, 2025073118,   , BEST,   0, 130N, 1698W,  35, 1002, TS,   0, , 0, 0, 0, 0, 0, 0, 0, 0, 0, 0, 0, , 0, 0, IONA, 
CP, 01, 2025080100,   , BEST,   0, 135N, 1717W,  35, 1002, TS,   0, , 0, 0, 0, 0, 0, 0, 0, 0, 0, 0, 0, , 0, 0, IONA, 
CP, 01, 2025080106,   , BEST,   0, 140N, 1736W,  30, 1003, LO,   0, , 0, 0, 0, 0, 0, 0, 0, 0, 0, 0, 0, , 0, 0, IONA, 
CP, 01, 2025080112,   , BEST,   0, 144N, 1754W,  25, 1005, LO,   0, , 0, 0, 0, 0, 0, 0, 0, 0, 0, 0, 0, , 0, 0, IONA, 
CP, 01, 2025080118,   , BEST,   0, 149N, 1771W,  25, 1006, TD,   0, , 0, 0, 0, 0, 0, 0, 0, 0, 0, 0, 0, , 0, 0, IONA, 
CP, 01, 2025080200,   , BEST,   0, 157N, 1788W,  25, 1008, TD,   0, , 0, 0, 0, 0, 0, 0, 0, 0, 0, 0, 0, , 0, 0, IONA, 
CP, 01, 2025080206,   , BEST,   0, 165N, 1797E,  25, 1008, LO,   0, , 0, 0, 0, 0, 0, 0, 0, 0, 0, 0, 0, , 0, 0, IONA, 
CP, 01, 2025080212,   , BEST,   0, 172N, 1782E,  25, 1005, LO,   0, , 0, 0, 0, 0, 0, 0, 0, 0, 0, 0, 0, , 0, 0, IONA, 
CP, 01, 2025080218,   , BEST,   0, 182N, 1765E,  25, 1005, LO,   0, , 0, 0, 0, 0, 0, 0, 0, 0, 0, 0, 0, , 0, 0, IONA, 
CP, 01, 2025080300,   , BEST,   0, 191N, 1748E,  25, 1009, LO,   0, , 0, 0, 0, 0, 0, 0, 0, 0, 0, 0, 0, , 0, 0, IONA, 
CP, 01, 2025080306,   , BEST,   0, 202N, 1735E,  25, 1009, LO,   0, , 0, 0, 0, 0, 0, 0, 0, 0, 0, 0, 0, , 0, 0, IONA, 
CP, 01, 2025080312,   , BEST,   0, 214N, 1721E,  20, 1010, DB,   0, , 0, 0, 0, 0, 0, 0, 0, 0, 0, 0, 0, , 0, 0, IONA, 
CP, 01, 2025080318,   , BEST,   0, 220N, 1714E,  20, 1010, DB,   0, , 0, 0, 0, 0, 0, 0, 0, 0, 0, 0, 0, , 0, 0, IONA, 
CP, 01, 2025080400,   , BEST,   0, 227N, 1709E,  15, 1010, DB,   0, , 0, 0, 0, 0, 0, 0, 0, 0, 0, 0, 0, , 0, 0, IONA, 
Analyzed by 223
