SH, 99, 2022010606,   , CHP6, 0, 158S, 1745E,  20, 1005, DB,   0, , 0, 0, 0, 0, 0, 0, 0, 0, 0, 0, 0, , 0, 0, INVEST,
SH, 99, 2022010612,   , CHP6, 0, 161S, 1742E,  20, 1005, DB,   0, , 0, 0, 0, 0, 0, 0, 0, 0, 0, 0, 0, , 0, 0, INVEST,
SH, 99, 2022010618,   , CHP6, 0, 165S, 1738E,  20, 1005, DB,   0, , 0, 0, 0, 0, 0, 0, 0, 0, 0, 0, 0, , 0, 0, INVEST,
SH, 99, 2022010700,   , CHP6, 0, 170S, 1733E,  25, 1003, TD,   0, , 0, 0, 0, 0, 0, 0, 0, 0, 0, 0, 0, , 0, 0, INVEST,
SH, 99, 2022010706,   , CHP6, 0, 174S, 1730E,  30, 1001, TD,   0, , 0, 0, 0, 0, 0, 0, 0, 0, 0, 0, 0, , 0, 0, INVEST,
SH, 05, 2022010712,   , CHP6, 0, 177S, 1728E,  35,  998, TS,   0, , 0, 0, 0, 0, 0, 0, 0, 0, 0, 0, 0, , 0, 0, CODY,
SH, 05, 2022010718,   , CHP6, 0, 179S, 1727E,  35,  998, TS,   0, , 0, 0, 0, 0, 0, 0, 0, 0, 0, 0, 0, , 0, 0, CODY,
SH, 05, 2022010800,   , CHP6, 0, 180S, 1728E,  35,  999, TS,   0, , 0, 0, 0, 0, 0, 0, 0, 0, 0, 0, 0, , 0, 0, CODY,
SH, 05, 2022010806,   , CHP6, 0, 181S, 1730E,  35,  999, TS,   0, , 0, 0, 0, 0, 0, 0, 0, 0, 0, 0, 0, , 0, 0, CODY,
SH, 05, 2022010812,   , CHP6, 0, 182S, 1733E,  30, 1001, TD,   0, , 0, 0, 0, 0, 0, 0, 0, 0, 0, 0, 0, , 0, 0, CODY,
SH, 05, 2022010818,   , CHP6, 0, 183S, 1739E,  30, 1002, TD,   0, , 0, 0, 0, 0, 0, 0, 0, 0, 0, 0, 0, , 0, 0, CODY,
SH, 05, 2022010900,   , CHP6, 0, 185S, 1747E,  30, 1002, TD,   0, , 0, 0, 0, 0, 0, 0, 0, 0, 0, 0, 0, , 0, 0, CODY,
SH, 05, 2022010906,   , CHP6, 0, 188S, 1757E,  30, 1002, TD,   0, , 0, 0, 0, 0, 0, 0, 0, 0, 0, 0, 0, , 0, 0, CODY,
SH, 05, 2022010912,   , CHP6, 0, 192S, 1766E,  40,  998, TS,   0, , 0, 0, 0, 0, 0, 0, 0, 0, 0, 0, 0, , 0, 0, CODY,
SH, 05, 2022010918,   , CHP6, 0, 197S, 1769E,  45,  996, TS,   0, , 0, 0, 0, 0, 0, 0, 0, 0, 0, 0, 0, , 0, 0, CODY,
SH, 05, 2022011000,   , CHP6, 0, 201S, 1767E,  51,  992, TS,   0, , 0, 0, 0, 0, 0, 0, 0, 0, 0, 0, 0, , 0, 0, CODY,
SH, 05, 2022011006,   , CHP6, 0, 203S, 1765E,  59,  988, TS,   0, , 0, 0, 0, 0, 0, 0, 0, 0, 0, 0, 0, , 0, 0, CODY,
SH, 05, 2022011012,   , CHP6, 0, 204S, 1760E,  66,  984, TY,   0, , 0, 0, 0, 0, 0, 0, 0, 0, 0, 0, 0, , 0, 0, CODY,
SH, 05, 2022011018,   , CHP6, 0, 205S, 1755E,  73,  980, TY,   0, , 0, 0, 0, 0, 0, 0, 0, 0, 0, 0, 0, , 0, 0, CODY,
SH, 05, 2022011100,   , CHP6, 0, 207S, 1751E,  80,  974, TY,   0, , 0, 0, 0, 0, 0, 0, 0, 0, 0, 0, 0, , 0, 0, CODY,
SH, 05, 2022011106,   , CHP6, 0, 209S, 1748E,  92,  966, TY,   0, , 0, 0, 0, 0, 0, 0, 0, 0, 0, 0, 0, , 0, 0, CODY,
SH, 05, 2022011112,   , CHP6, 0, 214S, 1748E, 105,  954, TY,   0, , 0, 0, 0, 0, 0, 0, 0, 0, 0, 0, 0, , 0, 0, CODY,
SH, 05, 2022011118,   , CHP6, 0, 219S, 1749E, 112,  945, TY,   0, , 0, 0, 0, 0, 0, 0, 0, 0, 0, 0, 0, , 0, 0, CODY,
SH, 05, 2022011200,   , CHP6, 0, 226S, 1753E,  96,  959, TY,   0, , 0, 0, 0, 0, 0, 0, 0, 0, 0, 0, 0, , 0, 0, CODY,
SH, 05, 2022011206,   , CHP6, 0, 233S, 1758E,  77,  978, TY,   0, , 0, 0, 0, 0, 0, 0, 0, 0, 0, 0, 0, , 0, 0, CODY,
SH, 05, 2022011212,   , CHP6, 0, 241S, 1763E,  58,  987, TS,   0, , 0, 0, 0, 0, 0, 0, 0, 0, 0, 0, 0, , 0, 0, CODY,
SH, 05, 2022011218,   , CHP6, 0, 248S, 1768E,  46,  992, TS,   0, , 0, 0, 0, 0, 0, 0, 0, 0, 0, 0, 0, , 0, 0, CODY,
SH, 05, 2022011300,   , CHP6, 0, 253S, 1774E,  40,  995, TS,   0, , 0, 0, 0, 0, 0, 0, 0, 0, 0, 0, 0, , 0, 0, CODY,
SH, 05, 2022011306,   , CHP6, 0, 259S, 1780E,  39,  996, TS,   0, , 0, 0, 0, 0, 0, 0, 0, 0, 0, 0, 0, , 0, 0, CODY,
SH, 05, 2022011312,   , CHP6, 0, 264S, 1786E,  39,  996, TS,   0, , 0, 0, 0, 0, 0, 0, 0, 0, 0, 0, 0, , 0, 0, CODY,
SH, 05, 2022011318,   , CHP6, 0, 270S, 1792E,  38,  996, TS,   0, , 0, 0, 0, 0, 0, 0, 0, 0, 0, 0, 0, , 0, 0, CODY,
SH, 05, 2022011400,   , CHP6, 0, 275S, 1798E,  37,  997, EX,   0, , 0, 0, 0, 0, 0, 0, 0, 0, 0, 0, 0, , 0, 0, CODY,
SH, 05, 2022011406,   , CHP6, 0, 279S, 1794W,  36,  997, EX,   0, , 0, 0, 0, 0, 0, 0, 0, 0, 0, 0, 0, , 0, 0, CODY,
SH, 05, 2022011412,   , CHP6, 0, 284S, 1788W,  35,  998, EX,   0, , 0, 0, 0, 0, 0, 0, 0, 0, 0, 0, 0, , 0, 0, CODY,
SH, 05, 2022011418,   , CHP6, 0, 289S, 1781W,  34,  998, EX,   0, , 0, 0, 0, 0, 0, 0, 0, 0, 0, 0, 0, , 0, 0, CODY,
