SH, 97, 2019040306,   , CHP6, 0,  82S, 1323E,  20, 1008, DB,   0, , 0, 0, 0, 0, 0, 0, 0, 0, 0, 0, 0, , 0, 0, INVEST,
SH, 97, 2019040312,   , CHP6, 0,  89S, 1318E,  20, 1007, DB,   0, , 0, 0, 0, 0, 0, 0, 0, 0, 0, 0, 0, , 0, 0, INVEST,
SH, 97, 2019040318,   , CHP6, 0,  94S, 1313E,  25, 1006, TD,   0, , 0, 0, 0, 0, 0, 0, 0, 0, 0, 0, 0, , 0, 0, INVEST,
SH, 97, 2019040400,   , CHP6, 0,  98S, 1306E,  25, 1006, TD,   0, , 0, 0, 0, 0, 0, 0, 0, 0, 0, 0, 0, , 0, 0, INVEST,
SH, 97, 2019040406,   , CHP6, 0, 104S, 1299E,  30, 1004, TD,   0, , 0, 0, 0, 0, 0, 0, 0, 0, 0, 0, 0, , 0, 0, INVEST,
SH, 97, 2019040412,   , CHP6, 0, 108S, 1294E,  30, 1004, TD,   0, , 0, 0, 0, 0, 0, 0, 0, 0, 0, 0, 0, , 0, 0, INVEST,
SH, 97, 2019040418,   , CHP6, 0, 112S, 1289E,  30, 1004, TD,   0, , 0, 0, 0, 0, 0, 0, 0, 0, 0, 0, 0, , 0, 0, INVEST,
SH, 23, 2019040500,   , CHP6, 0, 115S, 1282E,  35, 1002, TS,   0, , 0, 0, 0, 0, 0, 0, 0, 0, 0, 0, 0, , 0, 0, WALLACE,
SH, 23, 2019040506,   , CHP6, 0, 117S, 1273E,  35, 1002, TS,   0, , 0, 0, 0, 0, 0, 0, 0, 0, 0, 0, 0, , 0, 0, WALLACE,
SH, 23, 2019040512,   , CHP6, 0, 120S, 1265E,  37,  999, TS,   0, , 0, 0, 0, 0, 0, 0, 0, 0, 0, 0, 0, , 0, 0, WALLACE,
SH, 23, 2019040518,   , CHP6, 0, 123S, 1255E,  43,  997, TS,   0, , 0, 0, 0, 0, 0, 0, 0, 0, 0, 0, 0, , 0, 0, WALLACE,
SH, 23, 2019040600,   , CHP6, 0, 126S, 1245E,  49,  995, TS,   0, , 0, 0, 0, 0, 0, 0, 0, 0, 0, 0, 0, , 0, 0, WALLACE,
SH, 23, 2019040606,   , CHP6, 0, 129S, 1235E,  58,  991, TS,   0, , 0, 0, 0, 0, 0, 0, 0, 0, 0, 0, 0, , 0, 0, WALLACE,
SH, 23, 2019040612,   , CHP6, 0, 131S, 1225E,  70,  984, TY,   0, , 0, 0, 0, 0, 0, 0, 0, 0, 0, 0, 0, , 0, 0, WALLACE,
SH, 23, 2019040618,   , CHP6, 0, 133S, 1214E,  82,  976, TY,   0, , 0, 0, 0, 0, 0, 0, 0, 0, 0, 0, 0, , 0, 0, WALLACE,
SH, 23, 2019040700,   , CHP6, 0, 135S, 1204E,  91,  968, TY,   0, , 0, 0, 0, 0, 0, 0, 0, 0, 0, 0, 0, , 0, 0, WALLACE,
SH, 23, 2019040706,   , CHP6, 0, 137S, 1196E,  98,  960, TY,   0, , 0, 0, 0, 0, 0, 0, 0, 0, 0, 0, 0, , 0, 0, WALLACE,
SH, 23, 2019040712,   , CHP6, 0, 139S, 1190E, 107,  950, TY,   0, , 0, 0, 0, 0, 0, 0, 0, 0, 0, 0, 0, , 0, 0, WALLACE,
SH, 23, 2019040718,   , CHP6, 0, 141S, 1185E, 114,  943, TY,   0, , 0, 0, 0, 0, 0, 0, 0, 0, 0, 0, 0, , 0, 0, WALLACE,
SH, 23, 2019040800,   , CHP6, 0, 144S, 1181E, 119,  939, TY,   0, , 0, 0, 0, 0, 0, 0, 0, 0, 0, 0, 0, , 0, 0, WALLACE,
SH, 23, 2019040806,   , CHP6, 0, 148S, 1175E, 142,  911, ST,   0, , 0, 0, 0, 0, 0, 0, 0, 0, 0, 0, 0, , 0, 0, WALLACE,
SH, 23, 2019040812,   , CHP6, 0, 152S, 1169E, 148,  900, ST,   0, , 0, 0, 0, 0, 0, 0, 0, 0, 0, 0, 0, , 0, 0, WALLACE,
SH, 23, 2019040818,   , CHP6, 0, 155S, 1163E, 115,  937, TY,   0, , 0, 0, 0, 0, 0, 0, 0, 0, 0, 0, 0, , 0, 0, WALLACE,
SH, 23, 2019040900,   , CHP6, 0, 158S, 1155E,  85,  966, TY,   0, , 0, 0, 0, 0, 0, 0, 0, 0, 0, 0, 0, , 0, 0, WALLACE,
SH, 23, 2019040906,   , CHP6, 0, 161S, 1147E,  85,  968, TY,   0, , 0, 0, 0, 0, 0, 0, 0, 0, 0, 0, 0, , 0, 0, WALLACE,
SH, 23, 2019040912,   , CHP6, 0, 163S, 1139E,  87,  966, TY,   0, , 0, 0, 0, 0, 0, 0, 0, 0, 0, 0, 0, , 0, 0, WALLACE,
SH, 23, 2019040918,   , CHP6, 0, 164S, 1132E,  86,  967, TY,   0, , 0, 0, 0, 0, 0, 0, 0, 0, 0, 0, 0, , 0, 0, WALLACE,
SH, 23, 2019041000,   , CHP6, 0, 165S, 1126E,  86,  968, TY,   0, , 0, 0, 0, 0, 0, 0, 0, 0, 0, 0, 0, , 0, 0, WALLACE,
SH, 23, 2019041006,   , CHP6, 0, 166S, 1122E,  90,  965, TY,   0, , 0, 0, 0, 0, 0, 0, 0, 0, 0, 0, 0, , 0, 0, WALLACE,
SH, 23, 2019041012,   , CHP6, 0, 167S, 1118E, 101,  955, TY,   0, , 0, 0, 0, 0, 0, 0, 0, 0, 0, 0, 0, , 0, 0, WALLACE,
SH, 23, 2019041018,   , CHP6, 0, 168S, 1113E, 118,  936, TY,   0, , 0, 0, 0, 0, 0, 0, 0, 0, 0, 0, 0, , 0, 0, WALLACE,
SH, 23, 2019041100,   , CHP6, 0, 170S, 1109E, 134,  920, ST,   0, , 0, 0, 0, 0, 0, 0, 0, 0, 0, 0, 0, , 0, 0, WALLACE,
SH, 23, 2019041106,   , CHP6, 0, 172S, 1104E, 118,  937, TY,   0, , 0, 0, 0, 0, 0, 0, 0, 0, 0, 0, 0, , 0, 0, WALLACE,
SH, 23, 2019041112,   , CHP6, 0, 174S, 1099E, 113,  941, TY,   0, , 0, 0, 0, 0, 0, 0, 0, 0, 0, 0, 0, , 0, 0, WALLACE,
SH, 23, 2019041118,   , CHP6, 0, 176S, 1094E, 111,  944, TY,   0, , 0, 0, 0, 0, 0, 0, 0, 0, 0, 0, 0, , 0, 0, WALLACE,
SH, 23, 2019041200,   , CHP6, 0, 178S, 1089E, 108,  947, TY,   0, , 0, 0, 0, 0, 0, 0, 0, 0, 0, 0, 0, , 0, 0, WALLACE,
SH, 23, 2019041206,   , CHP6, 0, 180S, 1084E,  96,  959, TY,   0, , 0, 0, 0, 0, 0, 0, 0, 0, 0, 0, 0, , 0, 0, WALLACE,
SH, 23, 2019041212,   , CHP6, 0, 182S, 1078E,  78,  970, TY,   0, , 0, 0, 0, 0, 0, 0, 0, 0, 0, 0, 0, , 0, 0, WALLACE,
SH, 23, 2019041218,   , CHP6, 0, 183S, 1072E,  63,  982, TS,   0, , 0, 0, 0, 0, 0, 0, 0, 0, 0, 0, 0, , 0, 0, WALLACE,
SH, 23, 2019041300,   , CHP6, 0, 184S, 1066E,  51,  988, TS,   0, , 0, 0, 0, 0, 0, 0, 0, 0, 0, 0, 0, , 0, 0, WALLACE,
SH, 23, 2019041306,   , CHP6, 0, 183S, 1060E,  40,  992, TS,   0, , 0, 0, 0, 0, 0, 0, 0, 0, 0, 0, 0, , 0, 0, WALLACE,
SH, 23, 2019041312,   , CHP6, 0, 182S, 1053E,  34,  995, TS,   0, , 0, 0, 0, 0, 0, 0, 0, 0, 0, 0, 0, , 0, 0, WALLACE,
SH, 23, 2019041318,   , CHP6, 0, 183S, 1046E,  26,  997, TD,   0, , 0, 0, 0, 0, 0, 0, 0, 0, 0, 0, 0, , 0, 0, WALLACE,
SH, 23, 2019041400,   , CHP6, 0, 184S, 1038E,  21,  998, DB,   0, , 0, 0, 0, 0, 0, 0, 0, 0, 0, 0, 0, , 0, 0, WALLACE,
SH, 23, 2019041406,   , CHP6, 0, 184S, 1030E,  16,  999, DB,   0, , 0, 0, 0, 0, 0, 0, 0, 0, 0, 0, 0, , 0, 0, WALLACE,
