SH, 98, 2014030700,   , BEST, 0,  96S, 1382E,  15, 1010, DB,   0, , 0, 0, 0, 0, 0, 0, 0, 0, 0, 0, 0, , 0, 0, INVEST,
SH, 98, 2014030706,   , BEST, 0,  97S, 1388E,  20, 1007, DB,   0, , 0, 0, 0, 0, 0, 0, 0, 0, 0, 0, 0, , 0, 0, INVEST,
SH, 98, 2014030712,   , BEST, 0,  99S, 1391E,  20, 1007, DB,   0, , 0, 0, 0, 0, 0, 0, 0, 0, 0, 0, 0, , 0, 0, INVEST,
SH, 98, 2014030718,   , BEST, 0, 101S, 1394E,  25, 1004, TD,   0, , 0, 0, 0, 0, 0, 0, 0, 0, 0, 0, 0, , 0, 0, INVEST,
SH, 98, 2014030800,   , BEST, 0, 103S, 1396E,  30, 1000, TD,   0, , 0, 0, 0, 0, 0, 0, 0, 0, 0, 0, 0, , 0, 0, INVEST,
SH, 98, 2014030806,   , BEST, 0, 108S, 1399E,  30, 1000, TD,   0, , 0, 0, 0, 0, 0, 0, 0, 0, 0, 0, 0, , 0, 0, INVEST,
SH, 17, 2014030812,   , BEST, 0, 114S, 1401E,  35,  996, TS,   0, , 0, 0, 0, 0, 0, 0, 0, 0, 0, 0, 0, , 0, 0, GILLIAN,
SH, 17, 2014030818,   , BEST, 0, 120S, 1401E,  35,  996, TS,   0, , 0, 0, 0, 0, 0, 0, 0, 0, 0, 0, 0, , 0, 0, GILLIAN,
SH, 17, 2014030900,   , BEST, 0, 126S, 1403E,  39,  997, TS,   0, , 0, 0, 0, 0, 0, 0, 0, 0, 0, 0, 0, , 0, 0, GILLIAN,
SH, 17, 2014030906,   , BEST, 0, 131S, 1404E,  45,  994, TS,   0, , 0, 0, 0, 0, 0, 0, 0, 0, 0, 0, 0, , 0, 0, GILLIAN,
SH, 17, 2014030912,   , BEST, 0, 134S, 1405E,  53,  991, TS,   0, , 0, 0, 0, 0, 0, 0, 0, 0, 0, 0, 0, , 0, 0, GILLIAN,
SH, 17, 2014030918,   , BEST, 0, 137S, 1406E,  64,  985, TY,   0, , 0, 0, 0, 0, 0, 0, 0, 0, 0, 0, 0, , 0, 0, GILLIAN,
SH, 17, 2014031000,   , BEST, 0, 140S, 1406E,  77,  975, TY,   0, , 0, 0, 0, 0, 0, 0, 0, 0, 0, 0, 0, , 0, 0, GILLIAN,
SH, 17, 2014031006,   , BEST, 0, 144S, 1406E,  97,  958, TY,   0, , 0, 0, 0, 0, 0, 0, 0, 0, 0, 0, 0, , 0, 0, GILLIAN,
SH, 17, 2014031012,   , BEST, 0, 147S, 1406E, 126,  928, TY,   0, , 0, 0, 0, 0, 0, 0, 0, 0, 0, 0, 0, , 0, 0, GILLIAN,
SH, 17, 2014031018,   , BEST, 0, 151S, 1405E, 156,  889, ST,   0, , 0, 0, 0, 0, 0, 0, 0, 0, 0, 0, 0, , 0, 0, GILLIAN,
SH, 17, 2014031100,   , BEST, 0, 153S, 1404E, 172,  863, ST,   0, , 0, 0, 0, 0, 0, 0, 0, 0, 0, 0, 0, , 0, 0, GILLIAN,
SH, 17, 2014031106,   , BEST, 0, 155S, 1402E, 172,  862, ST,   0, , 0, 0, 0, 0, 0, 0, 0, 0, 0, 0, 0, , 0, 0, GILLIAN,
SH, 17, 2014031112,   , BEST, 0, 157S, 1401E, 173,  861, ST,   0, , 0, 0, 0, 0, 0, 0, 0, 0, 0, 0, 0, , 0, 0, GILLIAN,
SH, 17, 2014031118,   , BEST, 0, 159S, 1399E, 174,  858, ST,   0, , 0, 0, 0, 0, 0, 0, 0, 0, 0, 0, 0, , 0, 0, GILLIAN,
SH, 17, 2014031200,   , BEST, 0, 161S, 1398E, 174,  858, ST,   0, , 0, 0, 0, 0, 0, 0, 0, 0, 0, 0, 0, , 0, 0, GILLIAN,
SH, 17, 2014031206,   , BEST, 0, 163S, 1397E, 175,  858, ST,   0, , 0, 0, 0, 0, 0, 0, 0, 0, 0, 0, 0, , 0, 0, GILLIAN,
SH, 17, 2014031212,   , BEST, 0, 165S, 1396E, 175,  857, ST,   0, , 0, 0, 0, 0, 0, 0, 0, 0, 0, 0, 0, , 0, 0, GILLIAN,
SH, 17, 2014031218,   , BEST, 0, 167S, 1394E, 176,  856, ST,   0, , 0, 0, 0, 0, 0, 0, 0, 0, 0, 0, 0, , 0, 0, GILLIAN,
SH, 17, 2014031300,   , BEST, 0, 169S, 1393E, 177,  854, ST,   0, , 0, 0, 0, 0, 0, 0, 0, 0, 0, 0, 0, , 0, 0, GILLIAN,
SH, 17, 2014031306,   , BEST, 0, 170S, 1392E, 178,  852, ST,   0, , 0, 0, 0, 0, 0, 0, 0, 0, 0, 0, 0, , 0, 0, GILLIAN,
SH, 17, 2014031312,   , BEST, 0, 171S, 1391E, 192,  830, ST,   0, , 0, 0, 0, 0, 0, 0, 0, 0, 0, 0, 0, , 0, 0, GILLIAN,
SH, 17, 2014031318,   , BEST, 0, 172S, 1389E, 202,  811, ST,   0, , 0, 0, 0, 0, 0, 0, 0, 0, 0, 0, 0, , 0, 0, GILLIAN,
SH, 17, 2014031400,   , BEST, 0, 173S, 1386E, 138,  923, ST,   0, , 0, 0, 0, 0, 0, 0, 0, 0, 0, 0, 0, , 0, 0, GILLIAN,
SH, 17, 2014031406,   , BEST, 0, 174S, 1381E,  98,  946, TY,   0, , 0, 0, 0, 0, 0, 0, 0, 0, 0, 0, 0, , 0, 0, GILLIAN,
SH, 17, 2014031412,   , BEST, 0, 173S, 1374E,  66,  967, TY,   0, , 0, 0, 0, 0, 0, 0, 0, 0, 0, 0, 0, , 0, 0, GILLIAN,
SH, 17, 2014031418,   , BEST, 0, 170S, 1365E,  53,  988, TS,   0, , 0, 0, 0, 0, 0, 0, 0, 0, 0, 0, 0, , 0, 0, GILLIAN,
SH, 17, 2014031500,   , BEST, 0, 166S, 1355E,  45,  990, TS,   0, , 0, 0, 0, 0, 0, 0, 0, 0, 0, 0, 0, , 0, 0, GILLIAN,
SH, 17, 2014031506,   , BEST, 0, 160S, 1343E,  41,  991, TS,   0, , 0, 0, 0, 0, 0, 0, 0, 0, 0, 0, 0, , 0, 0, GILLIAN,
SH, 17, 2014031512,   , BEST, 0, 152S, 1330E,  38,  993, TS,   0, , 0, 0, 0, 0, 0, 0, 0, 0, 0, 0, 0, , 0, 0, GILLIAN,
SH, 17, 2014031518,   , BEST, 0, 143S, 1318E,  34,  994, TS,   0, , 0, 0, 0, 0, 0, 0, 0, 0, 0, 0, 0, , 0, 0, GILLIAN,
SH, 17, 2014031600,   , BEST, 0, 137S, 1307E,  29,  996, TD,   0, , 0, 0, 0, 0, 0, 0, 0, 0, 0, 0, 0, , 0, 0, GILLIAN,
SH, 17, 2014031606,   , BEST, 0, 131S, 1297E,  25, 1000, TD,   0, , 0, 0, 0, 0, 0, 0, 0, 0, 0, 0, 0, , 0, 0, GILLIAN,
SH, 17, 2014031612,   , BEST, 0, 123S, 1288E,  25, 1004, TD,   0, , 0, 0, 0, 0, 0, 0, 0, 0, 0, 0, 0, , 0, 0, GILLIAN,
SH, 17, 2014031618,   , BEST, 0, 115S, 1280E,  25, 1004, TD,   0, , 0, 0, 0, 0, 0, 0, 0, 0, 0, 0, 0, , 0, 0, GILLIAN,
SH, 17, 2014031700,   , BEST, 0, 108S, 1273E,  25, 1004, TD,   0, , 0, 0, 0, 0, 0, 0, 0, 0, 0, 0, 0, , 0, 0, GILLIAN,
SH, 17, 2014031706,   , BEST, 0, 103S, 1266E,  25, 1004, TD,   0, , 0, 0, 0, 0, 0, 0, 0, 0, 0, 0, 0, , 0, 0, GILLIAN,
SH, 17, 2014031712,   , BEST, 0,  99S, 1258E,  30, 1000, TD,   0, , 0, 0, 0, 0, 0, 0, 0, 0, 0, 0, 0, , 0, 0, GILLIAN,
SH, 17, 2014031718,   , BEST, 0,  97S, 1250E,  30, 1000, TD,   0, , 0, 0, 0, 0, 0, 0, 0, 0, 0, 0, 0, , 0, 0, GILLIAN,
SH, 17, 2014031800,   , BEST, 0,  96S, 1242E,  30, 1000, TD,   0, , 0, 0, 0, 0, 0, 0, 0, 0, 0, 0, 0, , 0, 0, GILLIAN,
SH, 17, 2014031806,   , BEST, 0,  95S, 1234E,  35,  996, TS,   0, , 0, 0, 0, 0, 0, 0, 0, 0, 0, 0, 0, , 0, 0, GILLIAN,
SH, 17, 2014031812,   , BEST, 0,  94S, 1226E,  35,  996, TS,   0, , 0, 0, 0, 0, 0, 0, 0, 0, 0, 0, 0, , 0, 0, GILLIAN,
SH, 17, 2014031818,   , BEST, 0,  93S, 1219E,  30, 1000, TD,   0, , 0, 0, 0, 0, 0, 0, 0, 0, 0, 0, 0, , 0, 0, GILLIAN,
SH, 17, 2014031900,   , BEST, 0,  92S, 1212E,  30, 1000, TD,   0, , 0, 0, 0, 0, 0, 0, 0, 0, 0, 0, 0, , 0, 0, GILLIAN,
SH, 17, 2014031906,   , BEST, 0,  92S, 1204E,  30, 1000, TD,   0, , 0, 0, 0, 0, 0, 0, 0, 0, 0, 0, 0, , 0, 0, GILLIAN,
SH, 17, 2014031912,   , BEST, 0,  91S, 1192E,  25, 1004, TD,   0, , 0, 0, 0, 0, 0, 0, 0, 0, 0, 0, 0, , 0, 0, GILLIAN,
SH, 17, 2014031918,   , BEST, 0,  90S, 1177E,  25, 1004, TD,   0, , 0, 0, 0, 0, 0, 0, 0, 0, 0, 0, 0, , 0, 0, GILLIAN,
SH, 17, 2014032000,   , BEST, 0,  90S, 1164E,  20, 1007, DB,   0, , 0, 0, 0, 0, 0, 0, 0, 0, 0, 0, 0, , 0, 0, GILLIAN,
SH, 17, 2014032006,   , BEST, 0,  91S, 1150E,  20, 1007, DB,   0, , 0, 0, 0, 0, 0, 0, 0, 0, 0, 0, 0, , 0, 0, GILLIAN,
SH, 17, 2014032012,   , BEST, 0,  92S, 1131E,  20, 1007, DB,   0, , 0, 0, 0, 0, 0, 0, 0, 0, 0, 0, 0, , 0, 0, GILLIAN,
SH, 17, 2014032018,   , BEST, 0,  93S, 1114E,  25, 1004, TD,   0, , 0, 0, 0, 0, 0, 0, 0, 0, 0, 0, 0, , 0, 0, GILLIAN,
SH, 17, 2014032100,   , BEST, 0,  93S, 1095E,  28, 1004, TD,   0, , 0, 0, 0, 0, 0, 0, 0, 0, 0, 0, 0, , 0, 0, GILLIAN,
SH, 17, 2014032106,   , BEST, 0,  93S, 1081E,  34, 1000, TS,   0, , 0, 0, 0, 0, 0, 0, 0, 0, 0, 0, 0, , 0, 0, GILLIAN,
SH, 17, 2014032112,   , BEST, 0,  95S, 1068E,  40,  997, TS,   0, , 0, 0, 0, 0, 0, 0, 0, 0, 0, 0, 0, , 0, 0, GILLIAN,
SH, 17, 2014032118,   , BEST, 0,  98S, 1059E,  46,  995, TS,   0, , 0, 0, 0, 0, 0, 0, 0, 0, 0, 0, 0, , 0, 0, GILLIAN,
SH, 17, 2014032200,   , BEST, 0, 100S, 1054E,  53,  993, TS,   0, , 0, 0, 0, 0, 0, 0, 0, 0, 0, 0, 0, , 0, 0, GILLIAN,
SH, 17, 2014032206,   , BEST, 0, 103S, 1048E,  64,  985, TY,   0, , 0, 0, 0, 0, 0, 0, 0, 0, 0, 0, 0, , 0, 0, GILLIAN,
SH, 17, 2014032212,   , BEST, 0, 108S, 1042E,  72,  979, TY,   0, , 0, 0, 0, 0, 0, 0, 0, 0, 0, 0, 0, , 0, 0, GILLIAN,
SH, 17, 2014032218,   , BEST, 0, 112S, 1038E,  94,  961, TY,   0, , 0, 0, 0, 0, 0, 0, 0, 0, 0, 0, 0, , 0, 0, GILLIAN,
SH, 17, 2014032300,   , BEST, 0, 118S, 1034E, 111,  943, TY,   0, , 0, 0, 0, 0, 0, 0, 0, 0, 0, 0, 0, , 0, 0, GILLIAN,
SH, 17, 2014032306,   , BEST, 0, 123S, 1030E, 119,  935, TY,   0, , 0, 0, 0, 0, 0, 0, 0, 0, 0, 0, 0, , 0, 0, GILLIAN,
SH, 17, 2014032312,   , BEST, 0, 129S, 1027E, 120,  933, TY,   0, , 0, 0, 0, 0, 0, 0, 0, 0, 0, 0, 0, , 0, 0, GILLIAN,
SH, 17, 2014032318,   , BEST, 0, 134S, 1024E, 119,  934, TY,   0, , 0, 0, 0, 0, 0, 0, 0, 0, 0, 0, 0, , 0, 0, GILLIAN,
SH, 17, 2014032400,   , BEST, 0, 139S, 1022E, 112,  939, TY,   0, , 0, 0, 0, 0, 0, 0, 0, 0, 0, 0, 0, , 0, 0, GILLIAN,
SH, 17, 2014032406,   , BEST, 0, 143S, 1020E, 102,  946, TY,   0, , 0, 0, 0, 0, 0, 0, 0, 0, 0, 0, 0, , 0, 0, GILLIAN,
SH, 17, 2014032412,   , BEST, 0, 147S, 1018E, 105,  949, TY,   0, , 0, 0, 0, 0, 0, 0, 0, 0, 0, 0, 0, , 0, 0, GILLIAN,
SH, 17, 2014032418,   , BEST, 0, 150S, 1016E, 107,  947, TY,   0, , 0, 0, 0, 0, 0, 0, 0, 0, 0, 0, 0, , 0, 0, GILLIAN,
SH, 17, 2014032500,   , BEST, 0, 154S, 1013E, 105,  949, TY,   0, , 0, 0, 0, 0, 0, 0, 0, 0, 0, 0, 0, , 0, 0, GILLIAN,
SH, 17, 2014032506,   , BEST, 0, 157S, 1010E, 106,  949, TY,   0, , 0, 0, 0, 0, 0, 0, 0, 0, 0, 0, 0, , 0, 0, GILLIAN,
SH, 17, 2014032512,   , BEST, 0, 159S, 1005E, 107,  948, TY,   0, , 0, 0, 0, 0, 0, 0, 0, 0, 0, 0, 0, , 0, 0, GILLIAN,
SH, 17, 2014032518,   , BEST, 0, 161S,  999E, 107,  948, TY,   0, , 0, 0, 0, 0, 0, 0, 0, 0, 0, 0, 0, , 0, 0, GILLIAN,
SH, 17, 2014032600,   , BEST, 0, 164S,  994E, 105,  950, TY,   0, , 0, 0, 0, 0, 0, 0, 0, 0, 0, 0, 0, , 0, 0, GILLIAN,
SH, 17, 2014032606,   , BEST, 0, 166S,  988E, 101,  954, TY,   0, , 0, 0, 0, 0, 0, 0, 0, 0, 0, 0, 0, , 0, 0, GILLIAN,
SH, 17, 2014032612,   , BEST, 0, 167S,  979E,  97,  958, TY,   0, , 0, 0, 0, 0, 0, 0, 0, 0, 0, 0, 0, , 0, 0, GILLIAN,
SH, 17, 2014032618,   , BEST, 0, 168S,  971E,  95,  960, TY,   0, , 0, 0, 0, 0, 0, 0, 0, 0, 0, 0, 0, , 0, 0, GILLIAN,
SH, 17, 2014032700,   , BEST, 0, 170S,  962E,  96,  959, TY,   0, , 0, 0, 0, 0, 0, 0, 0, 0, 0, 0, 0, , 0, 0, GILLIAN,
SH, 17, 2014032706,   , BEST, 0, 171S,  954E,  96,  959, TY,   0, , 0, 0, 0, 0, 0, 0, 0, 0, 0, 0, 0, , 0, 0, GILLIAN,
SH, 17, 2014032712,   , BEST, 0, 172S,  946E,  84,  966, TY,   0, , 0, 0, 0, 0, 0, 0, 0, 0, 0, 0, 0, , 0, 0, GILLIAN,
SH, 17, 2014032718,   , BEST, 0, 173S,  939E,  72,  973, TY,   0, , 0, 0, 0, 0, 0, 0, 0, 0, 0, 0, 0, , 0, 0, GILLIAN,
SH, 17, 2014032800,   , BEST, 0, 174S,  933E,  63,  980, TS,   0, , 0, 0, 0, 0, 0, 0, 0, 0, 0, 0, 0, , 0, 0, GILLIAN,
SH, 17, 2014032806,   , BEST, 0, 173S,  927E,  49,  985, TS,   0, , 0, 0, 0, 0, 0, 0, 0, 0, 0, 0, 0, , 0, 0, GILLIAN,
SH, 17, 2014032812,   , BEST, 0, 172S,  920E,  40,  993, TS,   0, , 0, 0, 0, 0, 0, 0, 0, 0, 0, 0, 0, , 0, 0, GILLIAN,
SH, 17, 2014032818,   , BEST, 0, 171S,  914E,  34,  996, TS,   0, , 0, 0, 0, 0, 0, 0, 0, 0, 0, 0, 0, , 0, 0, GILLIAN,
SH, 17, 2014032900,   , BEST, 0, 170S,  908E,  26,  997, TD,   0, , 0, 0, 0, 0, 0, 0, 0, 0, 0, 0, 0, , 0, 0, GILLIAN,
SH, 17, 2014032906,   , BEST, 0, 171S,  902E,  22,  998, DB,   0, , 0, 0, 0, 0, 0, 0, 0, 0, 0, 0, 0, , 0, 0, GILLIAN,
SH, 17, 2014032912,   , BEST, 0, 172S,  895E,  18,  999, DB,   0, , 0, 0, 0, 0, 0, 0, 0, 0, 0, 0, 0, , 0, 0, GILLIAN,
