AL, 99, 2023081806,   , BEST, 0, 148N,  428W,  20, 1010, DB,   0, , 0, 0, 0, 0, 0, 0, 0, 0, 0, 0, 0, , 0, 0, INVEST,
AL, 99, 2023081812,   , BEST, 0, 149N,  442W,  20, 1010, DB,   0, , 0, 0, 0, 0, 0, 0, 0, 0, 0, 0, 0, , 0, 0, INVEST,
AL, 99, 2023081818,   , BEST, 0, 150N,  455W,  20, 1010, DB,   0, , 0, 0, 0, 0, 0, 0, 0, 0, 0, 0, 0, , 0, 0, INVEST,
AL, 06, 2023081900,   , BEST, 0, 152N,  465W,  25, 1009, TD,   0, , 0, 0, 0, 0, 0, 0, 0, 0, 0, 0, 0, , 0, 0, SIX,
AL, 06, 2023081906,   , BEST, 0, 156N,  475W,  30, 1008, TD,   0, , 0, 0, 0, 0, 0, 0, 0, 0, 0, 0, 0, , 0, 0, SIX,
AL, 06, 2023081912,   , BEST, 0, 160N,  486W,  30, 1008, TD,   0, , 0, 0, 0, 0, 0, 0, 0, 0, 0, 0, 0, , 0, 0, SIX,
AL, 06, 2023081918,   , BEST, 0, 164N,  498W,  35, 1006, TS,   0, , 0, 0, 0, 0, 0, 0, 0, 0, 0, 0, 0, , 0, 0, GERT,
AL, 06, 2023082000,   , BEST, 0, 167N,  509W,  35, 1006, TS,   0, , 0, 0, 0, 0, 0, 0, 0, 0, 0, 0, 0, , 0, 0, GERT,
AL, 06, 2023082006,   , BEST, 0, 167N,  522W,  30, 1007, TD,   0, , 0, 0, 0, 0, 0, 0, 0, 0, 0, 0, 0, , 0, 0, GERT,
AL, 06, 2023082012,   , BEST, 0, 166N,  532W,  30, 1007, TD,   0, , 0, 0, 0, 0, 0, 0, 0, 0, 0, 0, 0, , 0, 0, GERT,
AL, 06, 2023082018,   , BEST, 0, 166N,  542W,  30, 1007, TD,   0, , 0, 0, 0, 0, 0, 0, 0, 0, 0, 0, 0, , 0, 0, GERT,
AL, 06, 2023082100,   , BEST, 0, 166N,  552W,  30, 1007, TD,   0, , 0, 0, 0, 0, 0, 0, 0, 0, 0, 0, 0, , 0, 0, GERT,
AL, 06, 2023082106,   , BEST, 0, 166N,  560W,  30, 1007, TD,   0, , 0, 0, 0, 0, 0, 0, 0, 0, 0, 0, 0, , 0, 0, GERT,
AL, 06, 2023082112,   , BEST, 0, 168N,  568W,  35,  999, TS,   0, , 0, 0, 0, 0, 0, 0, 0, 0, 0, 0, 0, , 0, 0, GERT,
AL, 06, 2023082118,   , BEST, 0, 170N,  573W,  36,  999, TS,   0, , 0, 0, 0, 0, 0, 0, 0, 0, 0, 0, 0, , 0, 0, GERT,
AL, 06, 2023082200,   , BEST, 0, 172N,  580W,  38,  998, TS,   0, , 0, 0, 0, 0, 0, 0, 0, 0, 0, 0, 0, , 0, 0, GERT,
AL, 06, 2023082206,   , BEST, 0, 175N,  585W,  40,  997, TS,   0, , 0, 0, 0, 0, 0, 0, 0, 0, 0, 0, 0, , 0, 0, GERT,
AL, 06, 2023082212,   , BEST, 0, 178N,  591W,  42,  996, TS,   0, , 0, 0, 0, 0, 0, 0, 0, 0, 0, 0, 0, , 0, 0, GERT,
AL, 06, 2023082218,   , BEST, 0, 180N,  596W,  32, 1002, TD,   0, , 0, 0, 0, 0, 0, 0, 0, 0, 0, 0, 0, , 0, 0, GERT,
AL, 06, 2023082300,   , BEST, 0, 183N,  598W,  22, 1001, DB,   0, , 0, 0, 0, 0, 0, 0, 0, 0, 0, 0, 0, , 0, 0, GERT,
AL, 06, 2023082306,   , BEST, 0, 186N,  596W,  22, 1001, DB,   0, , 0, 0, 0, 0, 0, 0, 0, 0, 0, 0, 0, , 0, 0, GERT,
AL, 06, 2023082312,   , BEST, 0, 188N,  593W,  23, 1001, DB,   0, , 0, 0, 0, 0, 0, 0, 0, 0, 0, 0, 0, , 0, 0, GERT,
AL, 06, 2023082318,   , BEST, 0, 187N,  589W,  27, 1000, TD,   0, , 0, 0, 0, 0, 0, 0, 0, 0, 0, 0, 0, , 0, 0, GERT,
AL, 06, 2023082400,   , BEST, 0, 185N,  586W,  31,  999, TD,   0, , 0, 0, 0, 0, 0, 0, 0, 0, 0, 0, 0, , 0, 0, GERT,
AL, 06, 2023082406,   , BEST, 0, 181N,  586W,  35,  998, TS,   0, , 0, 0, 0, 0, 0, 0, 0, 0, 0, 0, 0, , 0, 0, GERT,
AL, 06, 2023082412,   , BEST, 0, 176N,  586W,  39,  997, TS,   0, , 0, 0, 0, 0, 0, 0, 0, 0, 0, 0, 0, , 0, 0, GERT,
AL, 06, 2023082418,   , BEST, 0, 172N,  588W,  46,  994, TS,   0, , 0, 0, 0, 0, 0, 0, 0, 0, 0, 0, 0, , 0, 0, GERT,
AL, 06, 2023082500,   , BEST, 0, 167N,  591W,  51,  992, TS,   0, , 0, 0, 0, 0, 0, 0, 0, 0, 0, 0, 0, , 0, 0, GERT,
AL, 06, 2023082506,   , BEST, 0, 164N,  594W,  55,  990, TS,   0, , 0, 0, 0, 0, 0, 0, 0, 0, 0, 0, 0, , 0, 0, GERT,
AL, 06, 2023082512,   , BEST, 0, 163N,  597W,  59,  987, TS,   0, , 0, 0, 0, 0, 0, 0, 0, 0, 0, 0, 0, , 0, 0, GERT,
AL, 06, 2023082518,   , BEST, 0, 163N,  599W,  65,  983, HU,   0, , 0, 0, 0, 0, 0, 0, 0, 0, 0, 0, 0, , 0, 0, GERT,
AL, 06, 2023082600,   , BEST, 0, 165N,  601W,  71,  980, HU,   0, , 0, 0, 0, 0, 0, 0, 0, 0, 0, 0, 0, , 0, 0, GERT,
AL, 06, 2023082606,   , BEST, 0, 167N,  603W,  76,  975, HU,   0, , 0, 0, 0, 0, 0, 0, 0, 0, 0, 0, 0, , 0, 0, GERT,
AL, 06, 2023082612,   , BEST, 0, 170N,  604W,  83,  970, HU,   0, , 0, 0, 0, 0, 0, 0, 0, 0, 0, 0, 0, , 0, 0, GERT,
AL, 06, 2023082618,   , BEST, 0, 175N,  604W,  91,  964, HU,   0, , 0, 0, 0, 0, 0, 0, 0, 0, 0, 0, 0, , 0, 0, GERT,
AL, 06, 2023082700,   , BEST, 0, 181N,  603W,  99,  956, HU,   0, , 0, 0, 0, 0, 0, 0, 0, 0, 0, 0, 0, , 0, 0, GERT,
AL, 06, 2023082706,   , BEST, 0, 188N,  602W, 110,  946, HU,   0, , 0, 0, 0, 0, 0, 0, 0, 0, 0, 0, 0, , 0, 0, GERT,
AL, 06, 2023082712,   , BEST, 0, 194N,  602W, 121,  934, HU,   0, , 0, 0, 0, 0, 0, 0, 0, 0, 0, 0, 0, , 0, 0, GERT,
AL, 06, 2023082718,   , BEST, 0, 200N,  604W, 125,  929, HU,   0, , 0, 0, 0, 0, 0, 0, 0, 0, 0, 0, 0, , 0, 0, GERT,
AL, 06, 2023082800,   , BEST, 0, 206N,  606W, 123,  932, HU,   0, , 0, 0, 0, 0, 0, 0, 0, 0, 0, 0, 0, , 0, 0, GERT,
AL, 06, 2023082806,   , BEST, 0, 211N,  608W, 119,  935, HU,   0, , 0, 0, 0, 0, 0, 0, 0, 0, 0, 0, 0, , 0, 0, GERT,
AL, 06, 2023082812,   , BEST, 0, 217N,  610W, 116,  939, HU,   0, , 0, 0, 0, 0, 0, 0, 0, 0, 0, 0, 0, , 0, 0, GERT,
AL, 06, 2023082818,   , BEST, 0, 224N,  609W, 104,  943, HU,   0, , 0, 0, 0, 0, 0, 0, 0, 0, 0, 0, 0, , 0, 0, GERT,
AL, 06, 2023082900,   , BEST, 0, 231N,  607W,  96,  957, HU,   0, , 0, 0, 0, 0, 0, 0, 0, 0, 0, 0, 0, , 0, 0, GERT,
AL, 06, 2023082906,   , BEST, 0, 238N,  604W,  82,  965, HU,   0, , 0, 0, 0, 0, 0, 0, 0, 0, 0, 0, 0, , 0, 0, GERT,
AL, 06, 2023082912,   , BEST, 0, 245N,  600W,  67,  973, HU,   0, , 0, 0, 0, 0, 0, 0, 0, 0, 0, 0, 0, , 0, 0, GERT,
AL, 06, 2023082918,   , BEST, 0, 251N,  596W,  55,  986, TS,   0, , 0, 0, 0, 0, 0, 0, 0, 0, 0, 0, 0, , 0, 0, GERT,
AL, 06, 2023083000,   , BEST, 0, 257N,  593W,  46,  990, TS,   0, , 0, 0, 0, 0, 0, 0, 0, 0, 0, 0, 0, , 0, 0, GERT,
AL, 06, 2023083006,   , BEST, 0, 263N,  590W,  40,  994, TS,   0, , 0, 0, 0, 0, 0, 0, 0, 0, 0, 0, 0, , 0, 0, GERT,
AL, 06, 2023083012,   , BEST, 0, 270N,  587W,  36,  997, TS,   0, , 0, 0, 0, 0, 0, 0, 0, 0, 0, 0, 0, , 0, 0, GERT,
AL, 06, 2023083018,   , BEST, 0, 277N,  584W,  38,  997, TS,   0, , 0, 0, 0, 0, 0, 0, 0, 0, 0, 0, 0, , 0, 0, GERT,
AL, 06, 2023083100,   , BEST, 0, 283N,  581W,  44,  995, TS,   0, , 0, 0, 0, 0, 0, 0, 0, 0, 0, 0, 0, , 0, 0, GERT,
AL, 06, 2023083106,   , BEST, 0, 289N,  578W,  49,  993, TS,   0, , 0, 0, 0, 0, 0, 0, 0, 0, 0, 0, 0, , 0, 0, GERT,
AL, 06, 2023083112,   , BEST, 0, 294N,  574W,  57,  990, TS,   0, , 0, 0, 0, 0, 0, 0, 0, 0, 0, 0, 0, , 0, 0, GERT,
AL, 06, 2023083118,   , BEST, 0, 300N,  565W,  66,  985, HU,   0, , 0, 0, 0, 0, 0, 0, 0, 0, 0, 0, 0, , 0, 0, GERT,
AL, 06, 2023090100,   , BEST, 0, 305N,  556W,  79,  976, HU,   0, , 0, 0, 0, 0, 0, 0, 0, 0, 0, 0, 0, , 0, 0, GERT,
AL, 06, 2023090106,   , BEST, 0, 309N,  545W,  90,  968, HU,   0, , 0, 0, 0, 0, 0, 0, 0, 0, 0, 0, 0, , 0, 0, GERT,
AL, 06, 2023090112,   , BEST, 0, 313N,  534W,  85,  970, HU,   0, , 0, 0, 0, 0, 0, 0, 0, 0, 0, 0, 0, , 0, 0, GERT,
AL, 06, 2023090118,   , BEST, 0, 314N,  523W,  79,  973, HU,   0, , 0, 0, 0, 0, 0, 0, 0, 0, 0, 0, 0, , 0, 0, GERT,
AL, 06, 2023090200,   , BEST, 0, 315N,  513W,  75,  975, HU,   0, , 0, 0, 0, 0, 0, 0, 0, 0, 0, 0, 0, , 0, 0, GERT,
AL, 06, 2023090206,   , BEST, 0, 316N,  502W,  72,  977, HU,   0, , 0, 0, 0, 0, 0, 0, 0, 0, 0, 0, 0, , 0, 0, GERT,
AL, 06, 2023090212,   , BEST, 0, 317N,  491W,  68,  979, HU,   0, , 0, 0, 0, 0, 0, 0, 0, 0, 0, 0, 0, , 0, 0, GERT,
AL, 06, 2023090218,   , BEST, 0, 320N,  483W,  67,  983, HU,   0, , 0, 0, 0, 0, 0, 0, 0, 0, 0, 0, 0, , 0, 0, GERT,
AL, 06, 2023090300,   , BEST, 0, 322N,  474W,  66,  984, HU,   0, , 0, 0, 0, 0, 0, 0, 0, 0, 0, 0, 0, , 0, 0, GERT,
AL, 06, 2023090306,   , BEST, 0, 325N,  465W,  65,  984, HU,   0, , 0, 0, 0, 0, 0, 0, 0, 0, 0, 0, 0, , 0, 0, GERT,
AL, 06, 2023090312,   , BEST, 0, 328N,  456W,  64,  985, HU,   0, , 0, 0, 0, 0, 0, 0, 0, 0, 0, 0, 0, , 0, 0, GERT,
AL, 06, 2023090318,   , BEST, 0, 332N,  445W,  62,  986, TS,   0, , 0, 0, 0, 0, 0, 0, 0, 0, 0, 0, 0, , 0, 0, GERT,
AL, 06, 2023090400,   , BEST, 0, 336N,  435W,  61,  987, TS,   0, , 0, 0, 0, 0, 0, 0, 0, 0, 0, 0, 0, , 0, 0, GERT,
AL, 06, 2023090406,   , BEST, 0, 339N,  424W,  60,  988, TS,   0, , 0, 0, 0, 0, 0, 0, 0, 0, 0, 0, 0, , 0, 0, GERT,
AL, 06, 2023090412,   , BEST, 0, 343N,  414W,  59,  988, TS,   0, , 0, 0, 0, 0, 0, 0, 0, 0, 0, 0, 0, , 0, 0, GERT,
AL, 06, 2023090418,   , BEST, 0, 348N,  403W,  52,  990, EX,   0, , 0, 0, 0, 0, 0, 0, 0, 0, 0, 0, 0, , 0, 0, GERT,
AL, 06, 2023090500,   , BEST, 0, 354N,  393W,  47,  991, EX,   0, , 0, 0, 0, 0, 0, 0, 0, 0, 0, 0, 0, , 0, 0, GERT,
