AL, 92, 2023061806,   , CHP6, 0,  90N,  313W,  20, 1011, DB,   0, , 0, 0, 0, 0, 0, 0, 0, 0, 0, 0, 0, , 0, 0, INVEST,
AL, 92, 2023061812,   , CHP6, 0,  92N,  328W,  20, 1011, DB,   0, , 0, 0, 0, 0, 0, 0, 0, 0, 0, 0, 0, , 0, 0, INVEST,
AL, 92, 2023061818,   , CHP6, 0,  96N,  342W,  20, 1010, DB,   0, , 0, 0, 0, 0, 0, 0, 0, 0, 0, 0, 0, , 0, 0, INVEST,
AL, 03, 2023061900,   , CHP6, 0, 100N,  359W,  25, 1009, TD,   0, , 0, 0, 0, 0, 0, 0, 0, 0, 0, 0, 0, , 0, 0, THREE,
AL, 03, 2023061906,   , CHP6, 0, 103N,  375W,  30, 1008, TD,   0, , 0, 0, 0, 0, 0, 0, 0, 0, 0, 0, 0, , 0, 0, THREE,
AL, 03, 2023061912,   , CHP6, 0, 107N,  394W,  34, 1007, TS,   0, , 0, 0, 0, 0, 0, 0, 0, 0, 0, 0, 0, , 0, 0, BRET,
AL, 03, 2023061918,   , CHP6, 0, 110N,  411W,  35, 1006, TS,   0, , 0, 0, 0, 0, 0, 0, 0, 0, 0, 0, 0, , 0, 0, BRET,
AL, 03, 2023062000,   , CHP6, 0, 112N,  427W,  38, 1005, TS,   0, , 0, 0, 0, 0, 0, 0, 0, 0, 0, 0, 0, , 0, 0, BRET,
AL, 03, 2023062006,   , CHP6, 0, 115N,  442W,  40, 1001, TS,   0, , 0, 0, 0, 0, 0, 0, 0, 0, 0, 0, 0, , 0, 0, BRET,
AL, 03, 2023062012,   , CHP6, 0, 118N,  458W,  40, 1000, TS,   0, , 0, 0, 0, 0, 0, 0, 0, 0, 0, 0, 0, , 0, 0, BRET,
AL, 03, 2023062018,   , CHP6, 0, 120N,  472W,  41,  999, TS,   0, , 0, 0, 0, 0, 0, 0, 0, 0, 0, 0, 0, , 0, 0, BRET,
AL, 03, 2023062100,   , CHP6, 0, 123N,  487W,  44,  998, TS,   0, , 0, 0, 0, 0, 0, 0, 0, 0, 0, 0, 0, , 0, 0, BRET,
AL, 03, 2023062106,   , CHP6, 0, 125N,  500W,  47,  997, TS,   0, , 0, 0, 0, 0, 0, 0, 0, 0, 0, 0, 0, , 0, 0, BRET,
AL, 03, 2023062112,   , CHP6, 0, 128N,  514W,  51,  996, TS,   0, , 0, 0, 0, 0, 0, 0, 0, 0, 0, 0, 0, , 0, 0, BRET,
AL, 03, 2023062118,   , CHP6, 0, 130N,  526W,  55,  994, TS,   0, , 0, 0, 0, 0, 0, 0, 0, 0, 0, 0, 0, , 0, 0, BRET,
AL, 03, 2023062200,   , CHP6, 0, 133N,  539W,  56,  992, TS,   0, , 0, 0, 0, 0, 0, 0, 0, 0, 0, 0, 0, , 0, 0, BRET,
AL, 03, 2023062206,   , CHP6, 0, 135N,  553W,  61,  989, TS,   0, , 0, 0, 0, 0, 0, 0, 0, 0, 0, 0, 0, , 0, 0, BRET,
AL, 03, 2023062212,   , CHP6, 0, 138N,  567W,  66,  986, HU,   0, , 0, 0, 0, 0, 0, 0, 0, 0, 0, 0, 0, , 0, 0, BRET,
AL, 03, 2023062218,   , CHP6, 0, 140N,  580W,  70,  983, HU,   0, , 0, 0, 0, 0, 0, 0, 0, 0, 0, 0, 0, , 0, 0, BRET,
AL, 03, 2023062300,   , CHP6, 0, 142N,  594W,  73,  981, HU,   0, , 0, 0, 0, 0, 0, 0, 0, 0, 0, 0, 0, , 0, 0, BRET,
AL, 03, 2023062306,   , CHP6, 0, 144N,  607W,  74,  981, HU,   0, , 0, 0, 0, 0, 0, 0, 0, 0, 0, 0, 0, , 0, 0, BRET,
AL, 03, 2023062312,   , CHP6, 0, 146N,  620W,  75,  980, HU,   0, , 0, 0, 0, 0, 0, 0, 0, 0, 0, 0, 0, , 0, 0, BRET,
AL, 03, 2023062318,   , CHP6, 0, 148N,  632W,  77,  979, HU,   0, , 0, 0, 0, 0, 0, 0, 0, 0, 0, 0, 0, , 0, 0, BRET,
AL, 03, 2023062400,   , CHP6, 0, 150N,  645W,  82,  975, HU,   0, , 0, 0, 0, 0, 0, 0, 0, 0, 0, 0, 0, , 0, 0, BRET,
AL, 03, 2023062406,   , CHP6, 0, 153N,  658W,  89,  969, HU,   0, , 0, 0, 0, 0, 0, 0, 0, 0, 0, 0, 0, , 0, 0, BRET,
AL, 03, 2023062412,   , CHP6, 0, 157N,  670W,  98,  962, HU,   0, , 0, 0, 0, 0, 0, 0, 0, 0, 0, 0, 0, , 0, 0, BRET,
AL, 03, 2023062418,   , CHP6, 0, 161N,  683W, 106,  954, HU,   0, , 0, 0, 0, 0, 0, 0, 0, 0, 0, 0, 0, , 0, 0, BRET,
AL, 03, 2023062500,   , CHP6, 0, 165N,  695W, 112,  949, HU,   0, , 0, 0, 0, 0, 0, 0, 0, 0, 0, 0, 0, , 0, 0, BRET,
AL, 03, 2023062506,   , CHP6, 0, 170N,  708W,  93,  957, HU,   0, , 0, 0, 0, 0, 0, 0, 0, 0, 0, 0, 0, , 0, 0, BRET,
AL, 03, 2023062512,   , CHP6, 0, 175N,  720W,  78,  970, HU,   0, , 0, 0, 0, 0, 0, 0, 0, 0, 0, 0, 0, , 0, 0, BRET,
AL, 03, 2023062518,   , CHP6, 0, 181N,  733W,  64,  979, HU,   0, , 0, 0, 0, 0, 0, 0, 0, 0, 0, 0, 0, , 0, 0, BRET,
AL, 03, 2023062600,   , CHP6, 0, 187N,  747W,  50,  985, TS,   0, , 0, 0, 0, 0, 0, 0, 0, 0, 0, 0, 0, , 0, 0, BRET,
AL, 03, 2023062606,   , CHP6, 0, 194N,  761W,  40,  990, TS,   0, , 0, 0, 0, 0, 0, 0, 0, 0, 0, 0, 0, , 0, 0, BRET,
AL, 03, 2023062612,   , CHP6, 0, 203N,  775W,  27,  992, TD,   0, , 0, 0, 0, 0, 0, 0, 0, 0, 0, 0, 0, , 0, 0, BRET,
AL, 03, 2023062618,   , CHP6, 0, 213N,  788W,  20,  994, DB,   0, , 0, 0, 0, 0, 0, 0, 0, 0, 0, 0, 0, , 0, 0, BRET,
AL, 03, 2023062700,   , CHP6, 0, 224N,  801W,  17,  999, DB,   0, , 0, 0, 0, 0, 0, 0, 0, 0, 0, 0, 0, , 0, 0, BRET,