AL, 90, 2023081900,   , BEST, 0, 121N,  566W,  20, 1010, DB,   0, , 0, 0, 0, 0, 0, 0, 0, 0, 0, 0, 0, , 0, 0, INVEST,
AL, 90, 2023081906,   , BEST, 0, 121N,  579W,  20, 1010, DB,   0, , 0, 0, 0, 0, 0, 0, 0, 0, 0, 0, 0, , 0, 0, INVEST,
AL, 90, 2023081912,   , BEST, 0, 122N,  593W,  20, 1010, DB,   0, , 0, 0, 0, 0, 0, 0, 0, 0, 0, 0, 0, , 0, 0, INVEST,
AL, 90, 2023081918,   , BEST, 0, 123N,  607W,  20, 1010, DB,   0, , 0, 0, 0, 0, 0, 0, 0, 0, 0, 0, 0, , 0, 0, INVEST,
AL, 08, 2023082000,   , BEST, 0, 126N,  620W,  25, 1009, TD,   0, , 0, 0, 0, 0, 0, 0, 0, 0, 0, 0, 0, , 0, 0, EIGHT,
AL, 08, 2023082006,   , BEST, 0, 131N,  634W,  35, 1006, TS,   0, , 0, 0, 0, 0, 0, 0, 0, 0, 0, 0, 0, , 0, 0, FRANKLIN,
AL, 08, 2023082012,   , BEST, 0, 136N,  652W,  35, 1002, TS,   0, , 0, 0, 0, 0, 0, 0, 0, 0, 0, 0, 0, , 0, 0, FRANKLIN,
AL, 08, 2023082018,   , BEST, 0, 141N,  666W,  37, 1001, TS,   0, , 0, 0, 0, 0, 0, 0, 0, 0, 0, 0, 0, , 0, 0, FRANKLIN,
AL, 08, 2023082100,   , BEST, 0, 145N,  678W,  40,  999, TS,   0, , 0, 0, 0, 0, 0, 0, 0, 0, 0, 0, 0, , 0, 0, FRANKLIN,
AL, 08, 2023082106,   , BEST, 0, 148N,  689W,  45,  996, TS,   0, , 0, 0, 0, 0, 0, 0, 0, 0, 0, 0, 0, , 0, 0, FRANKLIN,
AL, 08, 2023082112,   , BEST, 0, 150N,  698W,  48,  994, TS,   0, , 0, 0, 0, 0, 0, 0, 0, 0, 0, 0, 0, , 0, 0, FRANKLIN,
AL, 08, 2023082118,   , BEST, 0, 151N,  704W,  53,  992, TS,   0, , 0, 0, 0, 0, 0, 0, 0, 0, 0, 0, 0, , 0, 0, FRANKLIN,
AL, 08, 2023082200,   , BEST, 0, 152N,  708W,  58,  989, TS,   0, , 0, 0, 0, 0, 0, 0, 0, 0, 0, 0, 0, , 0, 0, FRANKLIN,
AL, 08, 2023082206,   , BEST, 0, 155N,  711W,  66,  985, HU,   0, , 0, 0, 0, 0, 0, 0, 0, 0, 0, 0, 0, , 0, 0, FRANKLIN,
AL, 08, 2023082212,   , BEST, 0, 160N,  711W,  72,  981, HU,   0, , 0, 0, 0, 0, 0, 0, 0, 0, 0, 0, 0, , 0, 0, FRANKLIN,
AL, 08, 2023082218,   , BEST, 0, 167N,  711W,  78,  978, HU,   0, , 0, 0, 0, 0, 0, 0, 0, 0, 0, 0, 0, , 0, 0, FRANKLIN,
AL, 08, 2023082300,   , BEST, 0, 177N,  710W,  83,  975, HU,   0, , 0, 0, 0, 0, 0, 0, 0, 0, 0, 0, 0, , 0, 0, FRANKLIN,
AL, 08, 2023082306,   , BEST, 0, 188N,  708W,  77,  977, HU,   0, , 0, 0, 0, 0, 0, 0, 0, 0, 0, 0, 0, , 0, 0, FRANKLIN,
AL, 08, 2023082312,   , BEST, 0, 197N,  704W,  57,  987, TS,   0, , 0, 0, 0, 0, 0, 0, 0, 0, 0, 0, 0, , 0, 0, FRANKLIN,
AL, 08, 2023082318,   , BEST, 0, 205N,  699W,  48,  992, TS,   0, , 0, 0, 0, 0, 0, 0, 0, 0, 0, 0, 0, , 0, 0, FRANKLIN,
AL, 08, 2023082400,   , BEST, 0, 212N,  696W,  54,  991, TS,   0, , 0, 0, 0, 0, 0, 0, 0, 0, 0, 0, 0, , 0, 0, FRANKLIN,
AL, 08, 2023082406,   , BEST, 0, 218N,  693W,  53,  989, TS,   0, , 0, 0, 0, 0, 0, 0, 0, 0, 0, 0, 0, , 0, 0, FRANKLIN,
AL, 08, 2023082412,   , BEST, 0, 221N,  692W,  52,  991, TS,   0, , 0, 0, 0, 0, 0, 0, 0, 0, 0, 0, 0, , 0, 0, FRANKLIN,
AL, 08, 2023082418,   , BEST, 0, 223N,  690W,  57,  989, TS,   0, , 0, 0, 0, 0, 0, 0, 0, 0, 0, 0, 0, , 0, 0, FRANKLIN,
AL, 08, 2023082500,   , BEST, 0, 224N,  686W,  59,  987, TS,   0, , 0, 0, 0, 0, 0, 0, 0, 0, 0, 0, 0, , 0, 0, FRANKLIN,
AL, 08, 2023082506,   , BEST, 0, 226N,  682W,  55,  990, TS,   0, , 0, 0, 0, 0, 0, 0, 0, 0, 0, 0, 0, , 0, 0, FRANKLIN,
AL, 08, 2023082512,   , BEST, 0, 225N,  677W,  54,  989, TS,   0, , 0, 0, 0, 0, 0, 0, 0, 0, 0, 0, 0, , 0, 0, FRANKLIN,
AL, 08, 2023082518,   , BEST, 0, 224N,  672W,  49,  992, TS,   0, , 0, 0, 0, 0, 0, 0, 0, 0, 0, 0, 0, , 0, 0, FRANKLIN,
AL, 08, 2023082600,   , BEST, 0, 225N,  667W,  47,  993, TS,   0, , 0, 0, 0, 0, 0, 0, 0, 0, 0, 0, 0, , 0, 0, FRANKLIN,
AL, 08, 2023082606,   , BEST, 0, 226N,  662W,  51,  992, TS,   0, , 0, 0, 0, 0, 0, 0, 0, 0, 0, 0, 0, , 0, 0, FRANKLIN,
AL, 08, 2023082612,   , BEST, 0, 230N,  660W,  58,  988, TS,   0, , 0, 0, 0, 0, 0, 0, 0, 0, 0, 0, 0, , 0, 0, FRANKLIN,
AL, 08, 2023082618,   , BEST, 0, 234N,  660W,  67,  983, HU,   0, , 0, 0, 0, 0, 0, 0, 0, 0, 0, 0, 0, , 0, 0, FRANKLIN,
AL, 08, 2023082700,   , BEST, 0, 240N,  663W,  84,  974, HU,   0, , 0, 0, 0, 0, 0, 0, 0, 0, 0, 0, 0, , 0, 0, FRANKLIN,
AL, 08, 2023082706,   , BEST, 0, 246N,  666W,  98,  963, HU,   0, , 0, 0, 0, 0, 0, 0, 0, 0, 0, 0, 0, , 0, 0, FRANKLIN,
AL, 08, 2023082712,   , BEST, 0, 253N,  671W, 120,  937, HU,   0, , 0, 0, 0, 0, 0, 0, 0, 0, 0, 0, 0, , 0, 0, FRANKLIN,
AL, 08, 2023082718,   , BEST, 0, 260N,  677W, 140,  915, HU,   0, , 0, 0, 0, 0, 0, 0, 0, 0, 0, 0, 0, , 0, 0, FRANKLIN,
AL, 08, 2023082800,   , BEST, 0, 268N,  681W, 143,  911, HU,   0, , 0, 0, 0, 0, 0, 0, 0, 0, 0, 0, 0, , 0, 0, FRANKLIN,
AL, 08, 2023082806,   , BEST, 0, 275N,  684W, 134,  920, HU,   0, , 0, 0, 0, 0, 0, 0, 0, 0, 0, 0, 0, , 0, 0, FRANKLIN,
AL, 08, 2023082812,   , BEST, 0, 284N,  686W, 120,  936, HU,   0, , 0, 0, 0, 0, 0, 0, 0, 0, 0, 0, 0, , 0, 0, FRANKLIN,
AL, 08, 2023082818,   , BEST, 0, 293N,  686W, 110,  947, HU,   0, , 0, 0, 0, 0, 0, 0, 0, 0, 0, 0, 0, , 0, 0, FRANKLIN,
AL, 08, 2023082900,   , BEST, 0, 302N,  686W, 106,  951, HU,   0, , 0, 0, 0, 0, 0, 0, 0, 0, 0, 0, 0, , 0, 0, FRANKLIN,
AL, 08, 2023082906,   , BEST, 0, 310N,  684W, 108,  950, HU,   0, , 0, 0, 0, 0, 0, 0, 0, 0, 0, 0, 0, , 0, 0, FRANKLIN,
AL, 08, 2023082912,   , BEST, 0, 320N,  680W, 102,  955, HU,   0, , 0, 0, 0, 0, 0, 0, 0, 0, 0, 0, 0, , 0, 0, FRANKLIN,
AL, 08, 2023082918,   , BEST, 0, 330N,  673W,  96,  960, HU,   0, , 0, 0, 0, 0, 0, 0, 0, 0, 0, 0, 0, , 0, 0, FRANKLIN,
AL, 08, 2023083000,   , BEST, 0, 339N,  667W,  90,  964, HU,   0, , 0, 0, 0, 0, 0, 0, 0, 0, 0, 0, 0, , 0, 0, FRANKLIN,
AL, 08, 2023083006,   , BEST, 0, 349N,  656W,  88,  966, HU,   0, , 0, 0, 0, 0, 0, 0, 0, 0, 0, 0, 0, , 0, 0, FRANKLIN,
AL, 08, 2023083012,   , BEST, 0, 362N,  639W,  88,  978, HU,   0, , 0, 0, 0, 0, 0, 0, 0, 0, 0, 0, 0, , 0, 0, FRANKLIN,
AL, 08, 2023083018,   , BEST, 0, 374N,  619W,  92,  972, HU,   0, , 0, 0, 0, 0, 0, 0, 0, 0, 0, 0, 0, , 0, 0, FRANKLIN,
AL, 08, 2023083100,   , BEST, 0, 387N,  598W,  99,  971, HU,   0, , 0, 0, 0, 0, 0, 0, 0, 0, 0, 0, 0, , 0, 0, FRANKLIN,
AL, 08, 2023083106,   , BEST, 0, 400N,  578W,  96,  979, HU,   0, , 0, 0, 0, 0, 0, 0, 0, 0, 0, 0, 0, , 0, 0, FRANKLIN,
AL, 08, 2023083112,   , BEST, 0, 413N,  558W,  76,  964, HU,   0, , 0, 0, 0, 0, 0, 0, 0, 0, 0, 0, 0, , 0, 0, FRANKLIN,
AL, 08, 2023083118,   , BEST, 0, 427N,  538W,  67,  969, HU,   0, , 0, 0, 0, 0, 0, 0, 0, 0, 0, 0, 0, , 0, 0, FRANKLIN,
AL, 08, 2023090100,   , BEST, 0, 442N,  517W,  64,  961, EX,   0, , 0, 0, 0, 0, 0, 0, 0, 0, 0, 0, 0, , 0, 0, FRANKLIN,
AL, 08, 2023090106,   , BEST, 0, 457N,  495W,  62,  959, EX,   0, , 0, 0, 0, 0, 0, 0, 0, 0, 0, 0, 0, , 0, 0, FRANKLIN,
