AL, 98, 2023111518,   , CHP6, 0, 135N,  806W,  20, 1003, DB,   0, , 0, 0, 0, 0, 0, 0, 0, 0, 0, 0, 0, , 0, 0, INVEST,
AL, 98, 2023111600,   , CHP6, 0, 140N,  810W,  20, 1002, DB,   0, , 0, 0, 0, 0, 0, 0, 0, 0, 0, 0, 0, , 0, 0, INVEST,
AL, 22, 2023111606,   , CHP6, 0, 145N,  813W,  25, 1000, TD,   0, , 0, 0, 0, 0, 0, 0, 0, 0, 0, 0, 0, , 0, 0, TWENTYTWO,
AL, 22, 2023111612,   , CHP6, 0, 150N,  813W,  25, 1000, TD,   0, , 0, 0, 0, 0, 0, 0, 0, 0, 0, 0, 0, , 0, 0, TWENTYTWO,
AL, 22, 2023111618,   , CHP6, 0, 155N,  812W,  25, 1000, TD,   0, , 0, 0, 0, 0, 0, 0, 0, 0, 0, 0, 0, , 0, 0, TWENTYTWO,
AL, 22, 2023111700,   , CHP6, 0, 159N,  810W,  25, 1000, TD,   0, , 0, 0, 0, 0, 0, 0, 0, 0, 0, 0, 0, , 0, 0, TWENTYTWO,
AL, 22, 2023111706,   , CHP6, 0, 164N,  805W,  25, 1000, TD,   0, , 0, 0, 0, 0, 0, 0, 0, 0, 0, 0, 0, , 0, 0, TWENTYTWO,
AL, 22, 2023111712,   , CHP6, 0, 171N,  798W,  25, 1001, TD,   0, , 0, 0, 0, 0, 0, 0, 0, 0, 0, 0, 0, , 0, 0, TWENTYTWO,
AL, 22, 2023111718,   , CHP6, 0, 180N,  789W,  25, 1001, TD,   0, , 0, 0, 0, 0, 0, 0, 0, 0, 0, 0, 0, , 0, 0, TWENTYTWO,
AL, 22, 2023111800,   , CHP6, 0, 190N,  780W,  20, 1003, DB,   0, , 0, 0, 0, 0, 0, 0, 0, 0, 0, 0, 0, , 0, 0, TWENTYTWO,
AL, 22, 2023111806,   , CHP6, 0, 198N,  775W,  20, 1004, DB,   0, , 0, 0, 0, 0, 0, 0, 0, 0, 0, 0, 0, , 0, 0, TWENTYTWO,
AL, 22, 2023111812,   , CHP6, 0, 205N,  770W,  15, 1006, DB,   0, , 0, 0, 0, 0, 0, 0, 0, 0, 0, 0, 0, , 0, 0, TWENTYTWO,