AL, 94, 2023101618,   , BEST, 0, 108N,  397W,  15, 1010, DB,   0, , 0, 0, 0, 0, 0, 0, 0, 0, 0, 0, 0, , 0, 0, INVEST,
AL, 94, 2023101700,   , BEST, 0, 110N,  406W,  20, 1009, DB,   0, , 0, 0, 0, 0, 0, 0, 0, 0, 0, 0, 0, , 0, 0, INVEST,
AL, 94, 2023101706,   , BEST, 0, 112N,  415W,  20, 1009, DB,   0, , 0, 0, 0, 0, 0, 0, 0, 0, 0, 0, 0, , 0, 0, INVEST,
AL, 94, 2023101712,   , BEST, 0, 115N,  425W,  20, 1009, DB,   0, , 0, 0, 0, 0, 0, 0, 0, 0, 0, 0, 0, , 0, 0, INVEST,
AL, 94, 2023101718,   , BEST, 0, 118N,  437W,  20, 1008, DB,   0, , 0, 0, 0, 0, 0, 0, 0, 0, 0, 0, 0, , 0, 0, INVEST,
AL, 20, 2023101800,   , BEST, 0, 120N,  452W,  30, 1006, TD,   0, , 0, 0, 0, 0, 0, 0, 0, 0, 0, 0, 0, , 0, 0, TWENTY,
AL, 20, 2023101806,   , BEST, 0, 121N,  466W,  30, 1006, TD,   0, , 0, 0, 0, 0, 0, 0, 0, 0, 0, 0, 0, , 0, 0, TWENTY,
AL, 20, 2023101812,   , BEST, 0, 122N,  482W,  30, 1005, TD,   0, , 0, 0, 0, 0, 0, 0, 0, 0, 0, 0, 0, , 0, 0, TWENTY,
AL, 20, 2023101818,   , BEST, 0, 122N,  501W,  35, 1004, TS,   0, , 0, 0, 0, 0, 0, 0, 0, 0, 0, 0, 0, , 0, 0, TAMMY,
AL, 20, 2023101900,   , BEST, 0, 123N,  517W,  37,  999, TS,   0, , 0, 0, 0, 0, 0, 0, 0, 0, 0, 0, 0, , 0, 0, TAMMY,
AL, 20, 2023101906,   , BEST, 0, 125N,  533W,  42,  997, TS,   0, , 0, 0, 0, 0, 0, 0, 0, 0, 0, 0, 0, , 0, 0, TAMMY,
AL, 20, 2023101912,   , BEST, 0, 128N,  548W,  38,  998, TS,   0, , 0, 0, 0, 0, 0, 0, 0, 0, 0, 0, 0, , 0, 0, TAMMY,
AL, 20, 2023101918,   , BEST, 0, 132N,  559W,  61,  987, TS,   0, , 0, 0, 0, 0, 0, 0, 0, 0, 0, 0, 0, , 0, 0, TAMMY,
AL, 20, 2023102000,   , BEST, 0, 136N,  567W,  62,  987, TS,   0, , 0, 0, 0, 0, 0, 0, 0, 0, 0, 0, 0, , 0, 0, TAMMY,
AL, 20, 2023102006,   , BEST, 0, 140N,  575W,  61,  987, TS,   0, , 0, 0, 0, 0, 0, 0, 0, 0, 0, 0, 0, , 0, 0, TAMMY,
AL, 20, 2023102012,   , BEST, 0, 144N,  582W,  79,  974, HU,   0, , 0, 0, 0, 0, 0, 0, 0, 0, 0, 0, 0, , 0, 0, TAMMY,
AL, 20, 2023102018,   , BEST, 0, 148N,  591W, 102,  954, HU,   0, , 0, 0, 0, 0, 0, 0, 0, 0, 0, 0, 0, , 0, 0, TAMMY,
AL, 20, 2023102100,   , BEST, 0, 153N,  599W, 121,  932, HU,   0, , 0, 0, 0, 0, 0, 0, 0, 0, 0, 0, 0, , 0, 0, TAMMY,
AL, 20, 2023102106,   , BEST, 0, 160N,  606W, 118,  930, HU,   0, , 0, 0, 0, 0, 0, 0, 0, 0, 0, 0, 0, , 0, 0, TAMMY,
AL, 20, 2023102112,   , BEST, 0, 166N,  612W, 134,  921, HU,   0, , 0, 0, 0, 0, 0, 0, 0, 0, 0, 0, 0, , 0, 0, TAMMY,
AL, 20, 2023102118,   , BEST, 0, 173N,  616W, 152,  897, HU,   0, , 0, 0, 0, 0, 0, 0, 0, 0, 0, 0, 0, , 0, 0, TAMMY,
AL, 20, 2023102200,   , BEST, 0, 181N,  620W, 153,  891, HU,   0, , 0, 0, 0, 0, 0, 0, 0, 0, 0, 0, 0, , 0, 0, TAMMY,
AL, 20, 2023102206,   , BEST, 0, 189N,  622W, 135,  908, HU,   0, , 0, 0, 0, 0, 0, 0, 0, 0, 0, 0, 0, , 0, 0, TAMMY,
AL, 20, 2023102212,   , BEST, 0, 198N,  625W, 132,  920, HU,   0, , 0, 0, 0, 0, 0, 0, 0, 0, 0, 0, 0, , 0, 0, TAMMY,
AL, 20, 2023102218,   , BEST, 0, 207N,  627W, 136,  916, HU,   0, , 0, 0, 0, 0, 0, 0, 0, 0, 0, 0, 0, , 0, 0, TAMMY,
AL, 20, 2023102300,   , BEST, 0, 215N,  627W, 142,  909, HU,   0, , 0, 0, 0, 0, 0, 0, 0, 0, 0, 0, 0, , 0, 0, TAMMY,
AL, 20, 2023102306,   , BEST, 0, 222N,  627W, 143,  908, HU,   0, , 0, 0, 0, 0, 0, 0, 0, 0, 0, 0, 0, , 0, 0, TAMMY,
AL, 20, 2023102312,   , BEST, 0, 228N,  626W, 135,  918, HU,   0, , 0, 0, 0, 0, 0, 0, 0, 0, 0, 0, 0, , 0, 0, TAMMY,
AL, 20, 2023102318,   , BEST, 0, 234N,  622W, 128,  927, HU,   0, , 0, 0, 0, 0, 0, 0, 0, 0, 0, 0, 0, , 0, 0, TAMMY,
AL, 20, 2023102400,   , BEST, 0, 241N,  616W, 124,  932, HU,   0, , 0, 0, 0, 0, 0, 0, 0, 0, 0, 0, 0, , 0, 0, TAMMY,
AL, 20, 2023102406,   , BEST, 0, 251N,  607W, 124,  933, HU,   0, , 0, 0, 0, 0, 0, 0, 0, 0, 0, 0, 0, , 0, 0, TAMMY,
AL, 20, 2023102412,   , BEST, 0, 261N,  595W, 120,  937, HU,   0, , 0, 0, 0, 0, 0, 0, 0, 0, 0, 0, 0, , 0, 0, TAMMY,
AL, 20, 2023102418,   , BEST, 0, 271N,  584W, 120,  937, HU,   0, , 0, 0, 0, 0, 0, 0, 0, 0, 0, 0, 0, , 0, 0, TAMMY,
AL, 20, 2023102500,   , BEST, 0, 281N,  573W, 111,  944, HU,   0, , 0, 0, 0, 0, 0, 0, 0, 0, 0, 0, 0, , 0, 0, TAMMY,
AL, 20, 2023102506,   , BEST, 0, 290N,  561W,  99,  955, HU,   0, , 0, 0, 0, 0, 0, 0, 0, 0, 0, 0, 0, , 0, 0, TAMMY,
AL, 20, 2023102512,   , BEST, 0, 297N,  548W,  83,  962, HU,   0, , 0, 0, 0, 0, 0, 0, 0, 0, 0, 0, 0, , 0, 0, TAMMY,
AL, 20, 2023102518,   , BEST, 0, 303N,  534W,  67,  977, HU,   0, , 0, 0, 0, 0, 0, 0, 0, 0, 0, 0, 0, , 0, 0, TAMMY,
AL, 20, 2023102600,   , BEST, 0, 307N,  522W,  58,  982, TS,   0, , 0, 0, 0, 0, 0, 0, 0, 0, 0, 0, 0, , 0, 0, TAMMY,
AL, 20, 2023102606,   , BEST, 0, 308N,  512W,  45,  993, TS,   0, , 0, 0, 0, 0, 0, 0, 0, 0, 0, 0, 0, , 0, 0, TAMMY,
AL, 20, 2023102612,   , BEST, 0, 306N,  505W,  36,  996, TS,   0, , 0, 0, 0, 0, 0, 0, 0, 0, 0, 0, 0, , 0, 0, TAMMY,
AL, 20, 2023102618,   , BEST, 0, 302N,  500W,  33,  997, LO,   0, , 0, 0, 0, 0, 0, 0, 0, 0, 0, 0, 0, , 0, 0, TAMMY,
AL, 20, 2023102700,   , BEST, 0, 298N,  496W,  31,  999, LO,   0, , 0, 0, 0, 0, 0, 0, 0, 0, 0, 0, 0, , 0, 0, TAMMY,
