SH, 95, 2014122312,   , CHP6, 0,  96S, 1017E,  20, 1007, DB,   0, , 0, 0, 0, 0, 0, 0, 0, 0, 0, 0, 0, , 0, 0, INVEST,
SH, 95, 2014122318,   , CHP6, 0,  99S, 1008E,  20, 1004, DB,   0, , 0, 0, 0, 0, 0, 0, 0, 0, 0, 0, 0, , 0, 0, INVEST,
SH, 95, 2014122400,   , CHP6, 0, 102S,  999E,  25, 1004, TD,   0, , 0, 0, 0, 0, 0, 0, 0, 0, 0, 0, 0, , 0, 0, INVEST,
SH, 95, 2014122406,   , CHP6, 0, 105S,  992E,  30, 1000, TD,   0, , 0, 0, 0, 0, 0, 0, 0, 0, 0, 0, 0, , 0, 0, INVEST,
SH, 95, 2014122412,   , CHP6, 0, 107S,  986E,  30, 1000, TD,   0, , 0, 0, 0, 0, 0, 0, 0, 0, 0, 0, 0, , 0, 0, INVEST,
SH, 04, 2014122418,   , CHP6, 0, 109S,  979E,  35,  996, TS,   0, , 0, 0, 0, 0, 0, 0, 0, 0, 0, 0, 0, , 0, 0, KATE,
SH, 04, 2014122500,   , CHP6, 0, 113S,  973E,  35,  996, TS,   0, , 0, 0, 0, 0, 0, 0, 0, 0, 0, 0, 0, , 0, 0, KATE,
SH, 04, 2014122506,   , CHP6, 0, 117S,  967E,  35,  996, TS,   0, , 0, 0, 0, 0, 0, 0, 0, 0, 0, 0, 0, , 0, 0, KATE,
SH, 04, 2014122512,   , CHP6, 0, 120S,  961E,  40,  993, TS,   0, , 0, 0, 0, 0, 0, 0, 0, 0, 0, 0, 0, , 0, 0, KATE,
SH, 04, 2014122518,   , CHP6, 0, 122S,  954E,  45,  989, TS,   0, , 0, 0, 0, 0, 0, 0, 0, 0, 0, 0, 0, , 0, 0, KATE,
SH, 04, 2014122600,   , CHP6, 0, 123S,  948E,  55,  982, TS,   0, , 0, 0, 0, 0, 0, 0, 0, 0, 0, 0, 0, , 0, 0, KATE,
SH, 04, 2014122606,   , CHP6, 0, 124S,  945E,  70,  970, TY,   0, , 0, 0, 0, 0, 0, 0, 0, 0, 0, 0, 0, , 0, 0, KATE,
SH, 04, 2014122612,   , CHP6, 0, 125S,  943E,  90,  956, TY,   0, , 0, 0, 0, 0, 0, 0, 0, 0, 0, 0, 0, , 0, 0, KATE,
SH, 04, 2014122618,   , CHP6, 0, 126S,  940E, 105,  944, TY,   0, , 0, 0, 0, 0, 0, 0, 0, 0, 0, 0, 0, , 0, 0, KATE,
SH, 04, 2014122700,   , CHP6, 0, 128S,  938E, 105,  944, TY,   0, , 0, 0, 0, 0, 0, 0, 0, 0, 0, 0, 0, , 0, 0, KATE,
SH, 04, 2014122706,   , CHP6, 0, 130S,  936E, 105,  944, TY,   0, , 0, 0, 0, 0, 0, 0, 0, 0, 0, 0, 0, , 0, 0, KATE,
SH, 04, 2014122712,   , CHP6, 0, 131S,  933E, 100,  948, TY,   0, , 0, 0, 0, 0, 0, 0, 0, 0, 0, 0, 0, , 0, 0, KATE,
SH, 04, 2014122718,   , CHP6, 0, 132S,  930E, 100,  948, TY,   0, , 0, 0, 0, 0, 0, 0, 0, 0, 0, 0, 0, , 0, 0, KATE,
SH, 04, 2014122800,   , CHP6, 0, 133S,  928E,  95,  952, TY,   0, , 0, 0, 0, 0, 0, 0, 0, 0, 0, 0, 0, , 0, 0, KATE,
SH, 04, 2014122806,   , CHP6, 0, 136S,  926E,  90,  956, TY,   0, , 0, 0, 0, 0, 0, 0, 0, 0, 0, 0, 0, , 0, 0, KATE,
SH, 04, 2014122812,   , CHP6, 0, 139S,  925E,  80,  963, TY,   0, , 0, 0, 0, 0, 0, 0, 0, 0, 0, 0, 0, , 0, 0, KATE,
SH, 04, 2014122818,   , CHP6, 0, 141S,  923E,  70,  970, TY,   0, , 0, 0, 0, 0, 0, 0, 0, 0, 0, 0, 0, , 0, 0, KATE,
SH, 04, 2014122900,   , CHP6, 0, 144S,  921E,  65,  974, TY,   0, , 0, 0, 0, 0, 0, 0, 0, 0, 0, 0, 0, , 0, 0, KATE,
SH, 04, 2014122906,   , CHP6, 0, 147S,  919E,  65,  974, TY,   0, , 0, 0, 0, 0, 0, 0, 0, 0, 0, 0, 0, , 0, 0, KATE,
SH, 04, 2014122912,   , CHP6, 0, 151S,  915E,  65,  974, TY,   0, , 0, 0, 0, 0, 0, 0, 0, 0, 0, 0, 0, , 0, 0, KATE,
SH, 04, 2014122918,   , CHP6, 0, 158S,  909E,  80,  963, TY,   0, , 0, 0, 0, 0, 0, 0, 0, 0, 0, 0, 0, , 0, 0, KATE,
SH, 04, 2014123000,   , CHP6, 0, 165S,  904E, 105,  944, TY,   0, , 0, 0, 0, 0, 0, 0, 0, 0, 0, 0, 0, , 0, 0, KATE,
SH, 04, 2014123006,   , CHP6, 0, 171S,  899E, 105,  944, TY,   0, , 0, 0, 0, 0, 0, 0, 0, 0, 0, 0, 0, , 0, 0, KATE,
SH, 04, 2014123012,   , CHP6, 0, 179S,  894E, 100,  948, TY,   0, , 0, 0, 0, 0, 0, 0, 0, 0, 0, 0, 0, , 0, 0, KATE,
SH, 04, 2014123018,   , CHP6, 0, 187S,  886E,  80,  963, TY,   0, , 0, 0, 0, 0, 0, 0, 0, 0, 0, 0, 0, , 0, 0, KATE,
SH, 04, 2014123100,   , CHP6, 0, 194S,  878E,  65,  974, TY,   0, , 0, 0, 0, 0, 0, 0, 0, 0, 0, 0, 0, , 0, 0, KATE,
SH, 04, 2014123106,   , CHP6, 0, 199S,  870E,  65,  974, TY,   0, , 0, 0, 0, 0, 0, 0, 0, 0, 0, 0, 0, , 0, 0, KATE,
SH, 04, 2014123112,   , CHP6, 0, 206S,  859E,  45,  989, TS,   0, , 0, 0, 0, 0, 0, 0, 0, 0, 0, 0, 0, , 0, 0, KATE,
SH, 04, 2014123118,   , CHP6, 0, 214S,  849E,  35,  996, TS,   0, , 0, 0, 0, 0, 0, 0, 0, 0, 0, 0, 0, , 0, 0, KATE,
SH, 04, 2015010100,   , CHP6, 0, 221S,  839E,  35,  996, TS,   0, , 0, 0, 0, 0, 0, 0, 0, 0, 0, 0, 0, , 0, 0, KATE,
SH, 04, 2015010106,   , CHP6, 0, 230S,  831E,  30, 1000, TD,   0, , 0, 0, 0, 0, 0, 0, 0, 0, 0, 0, 0, , 0, 0, KATE,
SH, 04, 2015010112,   , CHP6, 0, 236S,  822E,  30, 1000, TD,   0, , 0, 0, 0, 0, 0, 0, 0, 0, 0, 0, 0, , 0, 0, KATE,
SH, 04, 2015010118,   , CHP6, 0, 240S,  812E,  30, 1000, TD,   0, , 0, 0, 0, 0, 0, 0, 0, 0, 0, 0, 0, , 0, 0, KATE,
SH, 04, 2015010200,   , CHP6, 0, 246S,  805E,  30, 1000, TD,   0, , 0, 0, 0, 0, 0, 0, 0, 0, 0, 0, 0, , 0, 0, KATE,
SH, 04, 2015010206,   , CHP6, 0, 254S,  799E,  25, 1004, TD,   0, , 0, 0, 0, 0, 0, 0, 0, 0, 0, 0, 0, , 0, 0, KATE,
SH, 04, 2015010212,   , CHP6, 0, 261S,  798E,  20, 1004, DB,   0, , 0, 0, 0, 0, 0, 0, 0, 0, 0, 0, 0, , 0, 0, KATE,
SH, 04, 2015010218,   , CHP6, 0, 268S,  801E,  20, 1007, DB,   0, , 0, 0, 0, 0, 0, 0, 0, 0, 0, 0, 0, , 0, 0, KATE,
