SH, 92, 2015010906,   , CHP6, 0, 190S,  528E,  15, 1010, DB,   0, , 0, 0, 0, 0, 0, 0, 0, 0, 0, 0, 0, , 0, 0, INVEST,
SH, 92, 2015010912,   , CHP6, 0, 185S,  528E,  20, 1006, DB,   0, , 0, 0, 0, 0, 0, 0, 0, 0, 0, 0, 0, , 0, 0, INVEST,
SH, 92, 2015010918,   , CHP6, 0, 180S,  529E,  20, 1006, DB,   0, , 0, 0, 0, 0, 0, 0, 0, 0, 0, 0, 0, , 0, 0, INVEST,
SH, 92, 2015011000,   , CHP6, 0, 174S,  530E,  20, 1007, DB,   0, , 0, 0, 0, 0, 0, 0, 0, 0, 0, 0, 0, , 0, 0, INVEST,
SH, 92, 2015011006,   , CHP6, 0, 168S,  531E,  20, 1007, DB,   0, , 0, 0, 0, 0, 0, 0, 0, 0, 0, 0, 0, , 0, 0, INVEST,
SH, 92, 2015011012,   , CHP6, 0, 163S,  533E,  25, 1004, TD,   0, , 0, 0, 0, 0, 0, 0, 0, 0, 0, 0, 0, , 0, 0, INVEST,
SH, 05, 2015011018,   , CHP6, 0, 159S,  538E,  35,  996, TS,   0, , 0, 0, 0, 0, 0, 0, 0, 0, 0, 0, 0, , 0, 0, BANSI,
SH, 05, 2015011100,   , CHP6, 0, 160S,  545E,  35,  996, TS,   0, , 0, 0, 0, 0, 0, 0, 0, 0, 0, 0, 0, , 0, 0, BANSI,
SH, 05, 2015011106,   , CHP6, 0, 163S,  548E,  45,  989, TS,   0, , 0, 0, 0, 0, 0, 0, 0, 0, 0, 0, 0, , 0, 0, BANSI,
SH, 05, 2015011112,   , CHP6, 0, 168S,  549E,  55,  982, TS,   0, , 0, 0, 0, 0, 0, 0, 0, 0, 0, 0, 0, , 0, 0, BANSI,
SH, 05, 2015011118,   , CHP6, 0, 172S,  550E,  65,  974, TY,   0, , 0, 0, 0, 0, 0, 0, 0, 0, 0, 0, 0, , 0, 0, BANSI,
SH, 05, 2015011200,   , CHP6, 0, 174S,  553E,  85,  959, TY,   0, , 0, 0, 0, 0, 0, 0, 0, 0, 0, 0, 0, , 0, 0, BANSI,
SH, 05, 2015011206,   , CHP6, 0, 176S,  557E, 100,  948, TY,   0, , 0, 0, 0, 0, 0, 0, 0, 0, 0, 0, 0, , 0, 0, BANSI,
SH, 05, 2015011212,   , CHP6, 0, 177S,  562E, 115,  937, TY,   0, , 0, 0, 0, 0, 0, 0, 0, 0, 0, 0, 0, , 0, 0, BANSI,
SH, 05, 2015011218,   , CHP6, 0, 176S,  567E, 130,  926, ST,   0, , 0, 0, 0, 0, 0, 0, 0, 0, 0, 0, 0, , 0, 0, BANSI,
SH, 05, 2015011300,   , CHP6, 0, 175S,  573E, 140,  918, ST,   0, , 0, 0, 0, 0, 0, 0, 0, 0, 0, 0, 0, , 0, 0, BANSI,
SH, 05, 2015011306,   , CHP6, 0, 173S,  576E, 130,  926, ST,   0, , 0, 0, 0, 0, 0, 0, 0, 0, 0, 0, 0, , 0, 0, BANSI,
SH, 05, 2015011312,   , CHP6, 0, 172S,  579E, 120,  933, TY,   0, , 0, 0, 0, 0, 0, 0, 0, 0, 0, 0, 0, , 0, 0, BANSI,
SH, 05, 2015011318,   , CHP6, 0, 172S,  581E, 110,  941, TY,   0, , 0, 0, 0, 0, 0, 0, 0, 0, 0, 0, 0, , 0, 0, BANSI,
SH, 05, 2015011400,   , CHP6, 0, 172S,  584E, 105,  944, TY,   0, , 0, 0, 0, 0, 0, 0, 0, 0, 0, 0, 0, , 0, 0, BANSI,
SH, 05, 2015011406,   , CHP6, 0, 172S,  587E,  90,  956, TY,   0, , 0, 0, 0, 0, 0, 0, 0, 0, 0, 0, 0, , 0, 0, BANSI,
SH, 05, 2015011412,   , CHP6, 0, 173S,  591E,  90,  956, TY,   0, , 0, 0, 0, 0, 0, 0, 0, 0, 0, 0, 0, , 0, 0, BANSI,
SH, 05, 2015011418,   , CHP6, 0, 175S,  597E,  95,  956, TY,   0, , 0, 0, 0, 0, 0, 0, 0, 0, 0, 0, 0, , 0, 0, BANSI,
SH, 05, 2015011500,   , CHP6, 0, 177S,  602E, 105,  944, TY,   0, , 0, 0, 0, 0, 0, 0, 0, 0, 0, 0, 0, , 0, 0, BANSI,
SH, 05, 2015011506,   , CHP6, 0, 179S,  608E, 115,  937, TY,   0, , 0, 0, 0, 0, 0, 0, 0, 0, 0, 0, 0, , 0, 0, BANSI,
SH, 05, 2015011512,   , CHP6, 0, 181S,  616E, 107,  951, TY,   0, , 0, 0, 0, 0, 0, 0, 0, 0, 0, 0, 0, , 0, 0, BANSI,
SH, 05, 2015011518,   , CHP6, 0, 184S,  624E,  93,  963, TY,   0, , 0, 0, 0, 0, 0, 0, 0, 0, 0, 0, 0, , 0, 0, BANSI,
SH, 05, 2015011600,   , CHP6, 0, 188S,  632E,  93,  968, TY,   0, , 0, 0, 0, 0, 0, 0, 0, 0, 0, 0, 0, , 0, 0, BANSI,
SH, 05, 2015011606,   , CHP6, 0, 195S,  641E,  92,  971, TY,   0, , 0, 0, 0, 0, 0, 0, 0, 0, 0, 0, 0, , 0, 0, BANSI,
SH, 05, 2015011612,   , CHP6, 0, 202S,  650E,  87,  973, TY,   0, , 0, 0, 0, 0, 0, 0, 0, 0, 0, 0, 0, , 0, 0, BANSI,
SH, 05, 2015011618,   , CHP6, 0, 209S,  660E,  90,  975, TY,   0, , 0, 0, 0, 0, 0, 0, 0, 0, 0, 0, 0, , 0, 0, BANSI,
SH, 05, 2015011700,   , CHP6, 0, 216S,  669E,  86,  977, TY,   0, , 0, 0, 0, 0, 0, 0, 0, 0, 0, 0, 0, , 0, 0, BANSI,
SH, 05, 2015011706,   , CHP6, 0, 222S,  682E,  87,  977, TY,   0, , 0, 0, 0, 0, 0, 0, 0, 0, 0, 0, 0, , 0, 0, BANSI,
SH, 05, 2015011712,   , CHP6, 0, 229S,  695E,  83,  978, TY,   0, , 0, 0, 0, 0, 0, 0, 0, 0, 0, 0, 0, , 0, 0, BANSI,
SH, 05, 2015011718,   , CHP6, 0, 236S,  714E,  80,  979, TY,   0, , 0, 0, 0, 0, 0, 0, 0, 0, 0, 0, 0, , 0, 0, BANSI,
SH, 05, 2015011800,   , CHP6, 0, 242S,  733E,  88,  980, TY,   0, , 0, 0, 0, 0, 0, 0, 0, 0, 0, 0, 0, , 0, 0, BANSI,
SH, 05, 2015011806,   , CHP6, 0, 249S,  752E,  88,  982, TY,   0, , 0, 0, 0, 0, 0, 0, 0, 0, 0, 0, 0, , 0, 0, BANSI,
SH, 05, 2015011812,   , CHP6, 0, 255S,  772E,  86,  985, TY,   0, , 0, 0, 0, 0, 0, 0, 0, 0, 0, 0, 0, , 0, 0, BANSI,
SH, 05, 2015011818,   , CHP6, 0, 266S,  798E,  71,  992, TY,   0, , 0, 0, 0, 0, 0, 0, 0, 0, 0, 0, 0, , 0, 0, BANSI,
SH, 05, 2015011900,   , CHP6, 0, 276S,  824E,  60,  994, TS,   0, , 0, 0, 0, 0, 0, 0, 0, 0, 0, 0, 0, , 0, 0, BANSI,
SH, 05, 2015011906,   , CHP6, 0, 287S,  851E,  54,  996, TS,   0, , 0, 0, 0, 0, 0, 0, 0, 0, 0, 0, 0, , 0, 0, BANSI,
SH, 05, 2015011912,   , CHP6, 0, 298S,  877E,  49,  998, TS,   0, , 0, 0, 0, 0, 0, 0, 0, 0, 0, 0, 0, , 0, 0, BANSI,
SH, 05, 2015011918,   , CHP6, 0, 311S,  904E,  47,  997, TS,   0, , 0, 0, 0, 0, 0, 0, 0, 0, 0, 0, 0, , 0, 0, BANSI,
SH, 05, 2015012000,   , CHP6, 0, 323S,  930E,  43,  997, TS,   0, , 0, 0, 0, 0, 0, 0, 0, 0, 0, 0, 0, , 0, 0, BANSI,
SH, 05, 2015012006,   , CHP6, 0, 336S,  957E,  43,  998, TS,   0, , 0, 0, 0, 0, 0, 0, 0, 0, 0, 0, 0, , 0, 0, BANSI,
SH, 05, 2015012012,   , CHP6, 0, 349S,  983E,  42,  998, TS,   0, , 0, 0, 0, 0, 0, 0, 0, 0, 0, 0, 0, , 0, 0, BANSI,
SH, 05, 2015012018,   , CHP6, 0, 362S, 1010E,  33,  997, EX,   0, , 0, 0, 0, 0, 0, 0, 0, 0, 0, 0, 0, , 0, 0, BANSI,
SH, 05, 2015012100,   , CHP6, 0, 375S, 1038E,  25,  997, EX,   0, , 0, 0, 0, 0, 0, 0, 0, 0, 0, 0, 0, , 0, 0, BANSI,
