SH, 96, 2023011606,   , BEST, 0, 114S,  705E,  20, 1006, DB,   0, , 0, 0, 0, 0, 0, 0, 0, 0, 0, 0, 0, , 0, 0, INVEST,
SH, 96, 2023011612,   , BEST, 0, 117S,  690E,  20, 1005, DB,   0, , 0, 0, 0, 0, 0, 0, 0, 0, 0, 0, 0, , 0, 0, INVEST,
SH, 96, 2023011618,   , BEST, 0, 119S,  670E,  20, 1005, DB,   0, , 0, 0, 0, 0, 0, 0, 0, 0, 0, 0, 0, , 0, 0, INVEST,
SH, 96, 2023011700,   , BEST, 0, 122S,  648E,  25, 1003, TD,   0, , 0, 0, 0, 0, 0, 0, 0, 0, 0, 0, 0, , 0, 0, INVEST,
SH, 96, 2023011706,   , BEST, 0, 125S,  625E,  30, 1001, TD,   0, , 0, 0, 0, 0, 0, 0, 0, 0, 0, 0, 0, , 0, 0, INVEST,
SH, 08, 2023011712,   , BEST, 0, 128S,  599E,  35,  999, TS,   0, , 0, 0, 0, 0, 0, 0, 0, 0, 0, 0, 0, , 0, 0, CHENESO,
SH, 08, 2023011718,   , BEST, 0, 132S,  577E,  35,  998, TS,   0, , 0, 0, 0, 0, 0, 0, 0, 0, 0, 0, 0, , 0, 0, CHENESO,
SH, 08, 2023011800,   , BEST, 0, 138S,  559E,  40,  996, TS,   0, , 0, 0, 0, 0, 0, 0, 0, 0, 0, 0, 0, , 0, 0, CHENESO,
SH, 08, 2023011806,   , BEST, 0, 142S,  545E,  47,  995, TS,   0, , 0, 0, 0, 0, 0, 0, 0, 0, 0, 0, 0, , 0, 0, CHENESO,
SH, 08, 2023011812,   , BEST, 0, 145S,  533E,  55,  991, TS,   0, , 0, 0, 0, 0, 0, 0, 0, 0, 0, 0, 0, , 0, 0, CHENESO,
SH, 08, 2023011818,   , BEST, 0, 146S,  522E,  67,  984, TY,   0, , 0, 0, 0, 0, 0, 0, 0, 0, 0, 0, 0, , 0, 0, CHENESO,
SH, 08, 2023011900,   , BEST, 0, 148S,  512E,  86,  970, TY,   0, , 0, 0, 0, 0, 0, 0, 0, 0, 0, 0, 0, , 0, 0, CHENESO,
SH, 08, 2023011906,   , BEST, 0, 151S,  506E, 105,  952, TY,   0, , 0, 0, 0, 0, 0, 0, 0, 0, 0, 0, 0, , 0, 0, CHENESO,
SH, 08, 2023011912,   , BEST, 0, 155S,  499E, 103,  953, TY,   0, , 0, 0, 0, 0, 0, 0, 0, 0, 0, 0, 0, , 0, 0, CHENESO,
SH, 08, 2023011918,   , BEST, 0, 158S,  495E,  69,  977, TY,   0, , 0, 0, 0, 0, 0, 0, 0, 0, 0, 0, 0, , 0, 0, CHENESO,
SH, 08, 2023012000,   , BEST, 0, 162S,  491E,  50,  989, TS,   0, , 0, 0, 0, 0, 0, 0, 0, 0, 0, 0, 0, , 0, 0, CHENESO,
SH, 08, 2023012006,   , BEST, 0, 166S,  488E,  39,  993, TS,   0, , 0, 0, 0, 0, 0, 0, 0, 0, 0, 0, 0, , 0, 0, CHENESO,
SH, 08, 2023012012,   , BEST, 0, 169S,  485E,  34,  996, TS,   0, , 0, 0, 0, 0, 0, 0, 0, 0, 0, 0, 0, , 0, 0, CHENESO,
SH, 08, 2023012018,   , BEST, 0, 173S,  482E,  30,  998, TD,   0, , 0, 0, 0, 0, 0, 0, 0, 0, 0, 0, 0, , 0, 0, CHENESO,
SH, 08, 2023012100,   , BEST, 0, 177S,  479E,  27,  999, TD,   0, , 0, 0, 0, 0, 0, 0, 0, 0, 0, 0, 0, , 0, 0, CHENESO,
SH, 08, 2023012106,   , BEST, 0, 181S,  473E,  19, 1008, DB,   0, , 0, 0, 0, 0, 0, 0, 0, 0, 0, 0, 0, , 0, 0, CHENESO,
SH, 08, 2023012112,   , BEST, 0, 184S,  464E,  15, 1008, DB,   0, , 0, 0, 0, 0, 0, 0, 0, 0, 0, 0, 0, , 0, 0, CHENESO,
SH, 08, 2023012118,   , BEST, 0, 187S,  452E,  20, 1006, DB,   0, , 0, 0, 0, 0, 0, 0, 0, 0, 0, 0, 0, , 0, 0, CHENESO,
SH, 08, 2023012200,   , BEST, 0, 190S,  445E,  25, 1004, TD,   0, , 0, 0, 0, 0, 0, 0, 0, 0, 0, 0, 0, , 0, 0, CHENESO,
SH, 08, 2023012206,   , BEST, 0, 192S,  441E,  25, 1004, TD,   0, , 0, 0, 0, 0, 0, 0, 0, 0, 0, 0, 0, , 0, 0, CHENESO,
SH, 08, 2023012212,   , BEST, 0, 195S,  440E,  25, 1004, TD,   0, , 0, 0, 0, 0, 0, 0, 0, 0, 0, 0, 0, , 0, 0, CHENESO,
SH, 08, 2023012218,   , BEST, 0, 199S,  443E,  25, 1005, TD,   0, , 0, 0, 0, 0, 0, 0, 0, 0, 0, 0, 0, , 0, 0, CHENESO,
SH, 08, 2023012300,   , BEST, 0, 202S,  443E,  20, 1007, DB,   0, , 0, 0, 0, 0, 0, 0, 0, 0, 0, 0, 0, , 0, 0, CHENESO,
SH, 08, 2023012306,   , BEST, 0, 204S,  442E,  20, 1007, DB,   0, , 0, 0, 0, 0, 0, 0, 0, 0, 0, 0, 0, , 0, 0, CHENESO,
SH, 08, 2023012312,   , BEST, 0, 204S,  439E,  20, 1006, DB,   0, , 0, 0, 0, 0, 0, 0, 0, 0, 0, 0, 0, , 0, 0, CHENESO,
SH, 08, 2023012318,   , BEST, 0, 203S,  435E,  25, 1004, TD,   0, , 0, 0, 0, 0, 0, 0, 0, 0, 0, 0, 0, , 0, 0, CHENESO,
SH, 08, 2023012400,   , BEST, 0, 201S,  432E,  40, 1001, TS,   0, , 0, 0, 0, 0, 0, 0, 0, 0, 0, 0, 0, , 0, 0, CHENESO,
SH, 08, 2023012406,   , BEST, 0, 200S,  430E,  53,  987, TS,   0, , 0, 0, 0, 0, 0, 0, 0, 0, 0, 0, 0, , 0, 0, CHENESO,
SH, 08, 2023012412,   , BEST, 0, 199S,  429E,  63,  980, TS,   0, , 0, 0, 0, 0, 0, 0, 0, 0, 0, 0, 0, , 0, 0, CHENESO,
SH, 08, 2023012418,   , BEST, 0, 198S,  428E,  70,  973, TY,   0, , 0, 0, 0, 0, 0, 0, 0, 0, 0, 0, 0, , 0, 0, CHENESO,
SH, 08, 2023012500,   , BEST, 0, 197S,  428E,  72,  970, TY,   0, , 0, 0, 0, 0, 0, 0, 0, 0, 0, 0, 0, , 0, 0, CHENESO,
SH, 08, 2023012506,   , BEST, 0, 196S,  429E,  73,  968, TY,   0, , 0, 0, 0, 0, 0, 0, 0, 0, 0, 0, 0, , 0, 0, CHENESO,
SH, 08, 2023012512,   , BEST, 0, 196S,  430E,  81,  967, TY,   0, , 0, 0, 0, 0, 0, 0, 0, 0, 0, 0, 0, , 0, 0, CHENESO,
SH, 08, 2023012518,   , BEST, 0, 197S,  432E,  82,  966, TY,   0, , 0, 0, 0, 0, 0, 0, 0, 0, 0, 0, 0, , 0, 0, CHENESO,
SH, 08, 2023012600,   , BEST, 0, 198S,  431E,  89,  960, TY,   0, , 0, 0, 0, 0, 0, 0, 0, 0, 0, 0, 0, , 0, 0, CHENESO,
SH, 08, 2023012606,   , BEST, 0, 199S,  429E,  88,  959, TY,   0, , 0, 0, 0, 0, 0, 0, 0, 0, 0, 0, 0, , 0, 0, CHENESO,
SH, 08, 2023012612,   , BEST, 0, 202S,  426E,  97,  958, TY,   0, , 0, 0, 0, 0, 0, 0, 0, 0, 0, 0, 0, , 0, 0, CHENESO,
SH, 08, 2023012618,   , BEST, 0, 205S,  422E, 105,  951, TY,   0, , 0, 0, 0, 0, 0, 0, 0, 0, 0, 0, 0, , 0, 0, CHENESO,
SH, 08, 2023012700,   , BEST, 0, 210S,  418E, 112,  943, TY,   0, , 0, 0, 0, 0, 0, 0, 0, 0, 0, 0, 0, , 0, 0, CHENESO,
SH, 08, 2023012706,   , BEST, 0, 215S,  415E, 119,  937, TY,   0, , 0, 0, 0, 0, 0, 0, 0, 0, 0, 0, 0, , 0, 0, CHENESO,
SH, 08, 2023012712,   , BEST, 0, 222S,  414E, 121,  934, TY,   0, , 0, 0, 0, 0, 0, 0, 0, 0, 0, 0, 0, , 0, 0, CHENESO,
SH, 08, 2023012718,   , BEST, 0, 229S,  415E, 114,  936, TY,   0, , 0, 0, 0, 0, 0, 0, 0, 0, 0, 0, 0, , 0, 0, CHENESO,
SH, 08, 2023012800,   , BEST, 0, 236S,  416E, 118,  939, TY,   0, , 0, 0, 0, 0, 0, 0, 0, 0, 0, 0, 0, , 0, 0, CHENESO,
SH, 08, 2023012806,   , BEST, 0, 244S,  418E, 112,  945, TY,   0, , 0, 0, 0, 0, 0, 0, 0, 0, 0, 0, 0, , 0, 0, CHENESO,
SH, 08, 2023012812,   , BEST, 0, 252S,  421E,  97,  960, TY,   0, , 0, 0, 0, 0, 0, 0, 0, 0, 0, 0, 0, , 0, 0, CHENESO,
SH, 08, 2023012818,   , BEST, 0, 260S,  428E,  90,  967, TY,   0, , 0, 0, 0, 0, 0, 0, 0, 0, 0, 0, 0, , 0, 0, CHENESO,
SH, 08, 2023012900,   , BEST, 0, 269S,  438E,  87,  970, TY,   0, , 0, 0, 0, 0, 0, 0, 0, 0, 0, 0, 0, , 0, 0, CHENESO,
SH, 08, 2023012906,   , BEST, 0, 278S,  450E,  85,  972, TY,   0, , 0, 0, 0, 0, 0, 0, 0, 0, 0, 0, 0, , 0, 0, CHENESO,
SH, 08, 2023012912,   , BEST, 0, 287S,  462E,  81,  975, TY,   0, , 0, 0, 0, 0, 0, 0, 0, 0, 0, 0, 0, , 0, 0, CHENESO,
SH, 08, 2023012918,   , BEST, 0, 296S,  478E,  78,  978, TY,   0, , 0, 0, 0, 0, 0, 0, 0, 0, 0, 0, 0, , 0, 0, CHENESO,
SH, 08, 2023013000,   , BEST, 0, 304S,  493E,  73,  981, TY,   0, , 0, 0, 0, 0, 0, 0, 0, 0, 0, 0, 0, , 0, 0, CHENESO,
SH, 08, 2023013006,   , BEST, 0, 312S,  510E,  70,  983, TY,   0, , 0, 0, 0, 0, 0, 0, 0, 0, 0, 0, 0, , 0, 0, CHENESO,
SH, 08, 2023013012,   , BEST, 0, 321S,  527E,  67,  985, TY,   0, , 0, 0, 0, 0, 0, 0, 0, 0, 0, 0, 0, , 0, 0, CHENESO,
SH, 08, 2023013018,   , BEST, 0, 329S,  545E,  56,  991, TS,   0, , 0, 0, 0, 0, 0, 0, 0, 0, 0, 0, 0, , 0, 0, CHENESO,
SH, 08, 2023013100,   , BEST, 0, 336S,  567E,  46,  990, EX,   0, , 0, 0, 0, 0, 0, 0, 0, 0, 0, 0, 0, , 0, 0, CHENESO,
SH, 08, 2023013106,   , BEST, 0, 342S,  585E,  37,  990, EX,   0, , 0, 0, 0, 0, 0, 0, 0, 0, 0, 0, 0, , 0, 0, CHENESO,
