SH, 96, 2023022706,   , CHP6, 0, 140S, 1488E,  15, 1007, DB,   0, , 0, 0, 0, 0, 0, 0, 0, 0, 0, 0, 0, , 0, 0, INVEST,
SH, 96, 2023022712,   , CHP6, 0, 135S, 1500E,  20, 1005, DB,   0, , 0, 0, 0, 0, 0, 0, 0, 0, 0, 0, 0, , 0, 0, INVEST,
SH, 96, 2023022718,   , CHP6, 0, 130S, 1515E,  25, 1003, TD,   0, , 0, 0, 0, 0, 0, 0, 0, 0, 0, 0, 0, , 0, 0, INVEST,
SH, 96, 2023022800,   , CHP6, 0, 125S, 1530E,  25, 1003, TD,   0, , 0, 0, 0, 0, 0, 0, 0, 0, 0, 0, 0, , 0, 0, INVEST,
SH, 96, 2023022806,   , CHP6, 0, 123S, 1544E,  25, 1002, TD,   0, , 0, 0, 0, 0, 0, 0, 0, 0, 0, 0, 0, , 0, 0, INVEST,
SH, 96, 2023022812,   , CHP6, 0, 122S, 1561E,  30, 1000, TD,   0, , 0, 0, 0, 0, 0, 0, 0, 0, 0, 0, 0, , 0, 0, INVEST,
SH, 96, 2023022818,   , CHP6, 0, 122S, 1578E,  30,  999, TD,   0, , 0, 0, 0, 0, 0, 0, 0, 0, 0, 0, 0, , 0, 0, INVEST,
SH, 96, 2023030100,   , CHP6, 0, 124S, 1597E,  30,  999, TD,   0, , 0, 0, 0, 0, 0, 0, 0, 0, 0, 0, 0, , 0, 0, INVEST,
SH, 96, 2023030106,   , CHP6, 0, 128S, 1606E,  30,  998, TD,   0, , 0, 0, 0, 0, 0, 0, 0, 0, 0, 0, 0, , 0, 0, INVEST,
SH, 16, 2023030112,   , CHP6, 0, 133S, 1615E,  35,  996, TS,   0, , 0, 0, 0, 0, 0, 0, 0, 0, 0, 0, 0, , 0, 0, KEVIN,
SH, 16, 2023030118,   , CHP6, 0, 138S, 1624E,  40,  993, TS,   0, , 0, 0, 0, 0, 0, 0, 0, 0, 0, 0, 0, , 0, 0, KEVIN,
SH, 16, 2023030200,   , CHP6, 0, 143S, 1630E,  50,  987, TS,   0, , 0, 0, 0, 0, 0, 0, 0, 0, 0, 0, 0, , 0, 0, KEVIN,
SH, 16, 2023030206,   , CHP6, 0, 150S, 1636E,  66,  986, TY,   0, , 0, 0, 0, 0, 0, 0, 0, 0, 0, 0, 0, , 0, 0, KEVIN,
SH, 16, 2023030212,   , CHP6, 0, 160S, 1648E,  96,  964, TY,   0, , 0, 0, 0, 0, 0, 0, 0, 0, 0, 0, 0, , 0, 0, KEVIN,
SH, 16, 2023030218,   , CHP6, 0, 168S, 1657E, 129,  930, ST,   0, , 0, 0, 0, 0, 0, 0, 0, 0, 0, 0, 0, , 0, 0, KEVIN,
SH, 16, 2023030300,   , CHP6, 0, 174S, 1665E, 143,  915, ST,   0, , 0, 0, 0, 0, 0, 0, 0, 0, 0, 0, 0, , 0, 0, KEVIN,
SH, 16, 2023030306,   , CHP6, 0, 180S, 1673E, 146,  913, ST,   0, , 0, 0, 0, 0, 0, 0, 0, 0, 0, 0, 0, , 0, 0, KEVIN,
SH, 16, 2023030312,   , CHP6, 0, 188S, 1684E, 159,  896, ST,   0, , 0, 0, 0, 0, 0, 0, 0, 0, 0, 0, 0, , 0, 0, KEVIN,
SH, 16, 2023030318,   , CHP6, 0, 196S, 1696E, 159,  901, ST,   0, , 0, 0, 0, 0, 0, 0, 0, 0, 0, 0, 0, , 0, 0, KEVIN,
SH, 16, 2023030400,   , CHP6, 0, 206S, 1712E, 143,  923, ST,   0, , 0, 0, 0, 0, 0, 0, 0, 0, 0, 0, 0, , 0, 0, KEVIN,
SH, 16, 2023030406,   , CHP6, 0, 217S, 1728E, 132,  929, ST,   0, , 0, 0, 0, 0, 0, 0, 0, 0, 0, 0, 0, , 0, 0, KEVIN,
SH, 16, 2023030412,   , CHP6, 0, 226S, 1747E, 108,  954, TY,   0, , 0, 0, 0, 0, 0, 0, 0, 0, 0, 0, 0, , 0, 0, KEVIN,
SH, 16, 2023030418,   , CHP6, 0, 236S, 1767E,  76,  978, TY,   0, , 0, 0, 0, 0, 0, 0, 0, 0, 0, 0, 0, , 0, 0, KEVIN,
SH, 16, 2023030500,   , CHP6, 0, 245S, 1786E,  77,  981, TY,   0, , 0, 0, 0, 0, 0, 0, 0, 0, 0, 0, 0, , 0, 0, KEVIN,
SH, 16, 2023030506,   , CHP6, 0, 254S, 1789W,  73,  984, TY,   0, , 0, 0, 0, 0, 0, 0, 0, 0, 0, 0, 0, , 0, 0, KEVIN,
SH, 16, 2023030512,   , CHP6, 0, 263S, 1764W,  73,  985, TY,   0, , 0, 0, 0, 0, 0, 0, 0, 0, 0, 0, 0, , 0, 0, KEVIN,
SH, 16, 2023030518,   , CHP6, 0, 271S, 1739W,  65,  990, TY,   0, , 0, 0, 0, 0, 0, 0, 0, 0, 0, 0, 0, , 0, 0, KEVIN,
SH, 16, 2023030600,   , CHP6, 0, 280S, 1715W,  65,  991, TY,   0, , 0, 0, 0, 0, 0, 0, 0, 0, 0, 0, 0, , 0, 0, KEVIN,
SH, 16, 2023030606,   , CHP6, 0, 288S, 1694W,  56,  992, TS,   0, , 0, 0, 0, 0, 0, 0, 0, 0, 0, 0, 0, , 0, 0, KEVIN,
SH, 16, 2023030612,   , CHP6, 0, 294S, 1671W,  45,  993, TS,   0, , 0, 0, 0, 0, 0, 0, 0, 0, 0, 0, 0, , 0, 0, KEVIN,
SH, 16, 2023030618,   , CHP6, 0, 298S, 1643W,  34,  995, TS,   0, , 0, 0, 0, 0, 0, 0, 0, 0, 0, 0, 0, , 0, 0, KEVIN,
SH, 16, 2023030700,   , CHP6, 0, 300S, 1612W,  28,  997, EX,   0, , 0, 0, 0, 0, 0, 0, 0, 0, 0, 0, 0, , 0, 0, KEVIN,
SH, 16, 2023030706,   , CHP6, 0, 301S, 1582W,  23,  999, EX,   0, , 0, 0, 0, 0, 0, 0, 0, 0, 0, 0, 0, , 0, 0, KEVIN,