SH, 94, 2023022412,   , BEST, 0, 140S, 1775W,  20, 1005, DB,   0, , 0, 0, 0, 0, 0, 0, 0, 0, 0, 0, 0, , 0, 0, INVEST,
SH, 94, 2023022418,   , BEST, 0, 135S, 1787W,  20, 1005, DB,   0, , 0, 0, 0, 0, 0, 0, 0, 0, 0, 0, 0, , 0, 0, INVEST,
SH, 94, 2023022500,   , BEST, 0, 129S, 1799W,  20, 1004, DB,   0, , 0, 0, 0, 0, 0, 0, 0, 0, 0, 0, 0, , 0, 0, INVEST,
SH, 94, 2023022506,   , BEST, 0, 124S, 1790E,  25, 1002, TD,   0, , 0, 0, 0, 0, 0, 0, 0, 0, 0, 0, 0, , 0, 0, INVEST,
SH, 94, 2023022512,   , BEST, 0, 120S, 1780E,  25, 1002, TD,   0, , 0, 0, 0, 0, 0, 0, 0, 0, 0, 0, 0, , 0, 0, INVEST,
SH, 94, 2023022518,   , BEST, 0, 118S, 1771E,  25, 1001, TD,   0, , 0, 0, 0, 0, 0, 0, 0, 0, 0, 0, 0, , 0, 0, INVEST,
SH, 94, 2023022600,   , BEST, 0, 117S, 1760E,  25, 1001, TD,   0, , 0, 0, 0, 0, 0, 0, 0, 0, 0, 0, 0, , 0, 0, INVEST,
SH, 94, 2023022606,   , BEST, 0, 116S, 1748E,  30,  999, TD,   0, , 0, 0, 0, 0, 0, 0, 0, 0, 0, 0, 0, , 0, 0, INVEST,
SH, 94, 2023022612,   , BEST, 0, 117S, 1735E,  30,  998, TD,   0, , 0, 0, 0, 0, 0, 0, 0, 0, 0, 0, 0, , 0, 0, INVEST,
SH, 15, 2023022618,   , BEST, 0, 119S, 1721E,  35,  995, TS,   0, , 0, 0, 0, 0, 0, 0, 0, 0, 0, 0, 0, , 0, 0, JUDY,
SH, 15, 2023022700,   , BEST, 0, 122S, 1708E,  35,  994, TS,   0, , 0, 0, 0, 0, 0, 0, 0, 0, 0, 0, 0, , 0, 0, JUDY,
SH, 15, 2023022706,   , BEST, 0, 128S, 1699E,  40,  991, TS,   0, , 0, 0, 0, 0, 0, 0, 0, 0, 0, 0, 0, , 0, 0, JUDY,
SH, 15, 2023022712,   , BEST, 0, 134S, 1691E,  49,  994, TS,   0, , 0, 0, 0, 0, 0, 0, 0, 0, 0, 0, 0, , 0, 0, JUDY,
SH, 15, 2023022718,   , BEST, 0, 140S, 1685E,  63,  987, TS,   0, , 0, 0, 0, 0, 0, 0, 0, 0, 0, 0, 0, , 0, 0, JUDY,
SH, 15, 2023022800,   , BEST, 0, 147S, 1681E,  89,  969, TY,   0, , 0, 0, 0, 0, 0, 0, 0, 0, 0, 0, 0, , 0, 0, JUDY,
SH, 15, 2023022806,   , BEST, 0, 155S, 1678E, 126,  934, TY,   0, , 0, 0, 0, 0, 0, 0, 0, 0, 0, 0, 0, , 0, 0, JUDY,
SH, 15, 2023022812,   , BEST, 0, 165S, 1677E, 159,  893, ST,   0, , 0, 0, 0, 0, 0, 0, 0, 0, 0, 0, 0, , 0, 0, JUDY,
SH, 15, 2023022818,   , BEST, 0, 176S, 1678E, 160,  892, ST,   0, , 0, 0, 0, 0, 0, 0, 0, 0, 0, 0, 0, , 0, 0, JUDY,
SH, 15, 2023030100,   , BEST, 0, 187S, 1681E, 146,  911, ST,   0, , 0, 0, 0, 0, 0, 0, 0, 0, 0, 0, 0, , 0, 0, JUDY,
SH, 15, 2023030106,   , BEST, 0, 198S, 1685E, 130,  928, ST,   0, , 0, 0, 0, 0, 0, 0, 0, 0, 0, 0, 0, , 0, 0, JUDY,
SH, 15, 2023030112,   , BEST, 0, 207S, 1691E, 113,  946, TY,   0, , 0, 0, 0, 0, 0, 0, 0, 0, 0, 0, 0, , 0, 0, JUDY,
SH, 15, 2023030118,   , BEST, 0, 216S, 1698E,  96,  962, TY,   0, , 0, 0, 0, 0, 0, 0, 0, 0, 0, 0, 0, , 0, 0, JUDY,
SH, 15, 2023030200,   , BEST, 0, 225S, 1705E,  86,  970, TY,   0, , 0, 0, 0, 0, 0, 0, 0, 0, 0, 0, 0, , 0, 0, JUDY,
SH, 15, 2023030206,   , BEST, 0, 234S, 1712E,  81,  976, TY,   0, , 0, 0, 0, 0, 0, 0, 0, 0, 0, 0, 0, , 0, 0, JUDY,
SH, 15, 2023030212,   , BEST, 0, 243S, 1722E,  66,  985, TY,   0, , 0, 0, 0, 0, 0, 0, 0, 0, 0, 0, 0, , 0, 0, JUDY,
SH, 15, 2023030218,   , BEST, 0, 252S, 1732E,  54,  991, TS,   0, , 0, 0, 0, 0, 0, 0, 0, 0, 0, 0, 0, , 0, 0, JUDY,
SH, 15, 2023030300,   , BEST, 0, 261S, 1743E,  46,  994, TS,   0, , 0, 0, 0, 0, 0, 0, 0, 0, 0, 0, 0, , 0, 0, JUDY,
SH, 15, 2023030306,   , BEST, 0, 270S, 1754E,  43,  997, TS,   0, , 0, 0, 0, 0, 0, 0, 0, 0, 0, 0, 0, , 0, 0, JUDY,
SH, 15, 2023030312,   , BEST, 0, 281S, 1774E,  41,  998, TS,   0, , 0, 0, 0, 0, 0, 0, 0, 0, 0, 0, 0, , 0, 0, JUDY,
SH, 15, 2023030318,   , BEST, 0, 292S, 1794E,  38,  998, TS,   0, , 0, 0, 0, 0, 0, 0, 0, 0, 0, 0, 0, , 0, 0, JUDY,
SH, 15, 2023030400,   , BEST, 0, 302S, 1784W,  35,  999, TS,   0, , 0, 0, 0, 0, 0, 0, 0, 0, 0, 0, 0, , 0, 0, JUDY,
SH, 15, 2023030406,   , BEST, 0, 313S, 1764W,  33,  999, EX,   0, , 0, 0, 0, 0, 0, 0, 0, 0, 0, 0, 0, , 0, 0, JUDY,
SH, 15, 2023030412,   , BEST, 0, 322S, 1742W,  31,  998, EX,   0, , 0, 0, 0, 0, 0, 0, 0, 0, 0, 0, 0, , 0, 0, JUDY,
