IO, 99, 2019102806,   , CHP6, 0,  50N,  810E,  20, 1008, DB,   0, , 0, 0, 0, 0, 0, 0, 0, 0, 0, 0, 0, , 0, 0, INVEST,
IO, 99, 2019102812,   , CHP6, 0,  50N,  799E,  20, 1009, DB,   0, , 0, 0, 0, 0, 0, 0, 0, 0, 0, 0, 0, , 0, 0, INVEST,
IO, 99, 2019102818,   , CHP6, 0,  51N,  787E,  20, 1009, DB,   0, , 0, 0, 0, 0, 0, 0, 0, 0, 0, 0, 0, , 0, 0, INVEST,
IO, 99, 2019102900,   , CHP6, 0,  52N,  776E,  20, 1008, DB,   0, , 0, 0, 0, 0, 0, 0, 0, 0, 0, 0, 0, , 0, 0, INVEST,
IO, 99, 2019102906,   , CHP6, 0,  54N,  767E,  25, 1006, TD,   0, , 0, 0, 0, 0, 0, 0, 0, 0, 0, 0, 0, , 0, 0, INVEST,
IO, 99, 2019102912,   , CHP6, 0,  58N,  764E,  30, 1004, TD,   0, , 0, 0, 0, 0, 0, 0, 0, 0, 0, 0, 0, , 0, 0, INVEST,
IO, 99, 2019102918,   , CHP6, 0,  65N,  761E,  30, 1003, TD,   0, , 0, 0, 0, 0, 0, 0, 0, 0, 0, 0, 0, , 0, 0, INVEST,
IO, 05, 2019103000,   , CHP6, 0,  75N,  755E,  35, 1001, TS,   0, , 0, 0, 0, 0, 0, 0, 0, 0, 0, 0, 0, , 0, 0, MAHA,
IO, 05, 2019103006,   , CHP6, 0,  84N,  747E,  40,  997, TS,   0, , 0, 0, 0, 0, 0, 0, 0, 0, 0, 0, 0, , 0, 0, MAHA,
IO, 05, 2019103012,   , CHP6, 0,  92N,  742E,  45,  995, TS,   0, , 0, 0, 0, 0, 0, 0, 0, 0, 0, 0, 0, , 0, 0, MAHA,
IO, 05, 2019103018,   , CHP6, 0, 104N,  736E,  57,  991, TS,   0, , 0, 0, 0, 0, 0, 0, 0, 0, 0, 0, 0, , 0, 0, MAHA,
IO, 05, 2019103100,   , CHP6, 0, 112N,  731E,  53,  993, TS,   0, , 0, 0, 0, 0, 0, 0, 0, 0, 0, 0, 0, , 0, 0, MAHA,
IO, 05, 2019103106,   , CHP6, 0, 119N,  727E,  54,  992, TS,   0, , 0, 0, 0, 0, 0, 0, 0, 0, 0, 0, 0, , 0, 0, MAHA,
IO, 05, 2019103112,   , CHP6, 0, 128N,  723E,  65,  985, TY,   0, , 0, 0, 0, 0, 0, 0, 0, 0, 0, 0, 0, , 0, 0, MAHA,
IO, 05, 2019103118,   , CHP6, 0, 136N,  718E,  86,  971, TY,   0, , 0, 0, 0, 0, 0, 0, 0, 0, 0, 0, 0, , 0, 0, MAHA,
IO, 05, 2019110100,   , CHP6, 0, 144N,  712E, 116,  943, TY,   0, , 0, 0, 0, 0, 0, 0, 0, 0, 0, 0, 0, , 0, 0, MAHA,
IO, 05, 2019110106,   , CHP6, 0, 149N,  706E, 137,  919, ST,   0, , 0, 0, 0, 0, 0, 0, 0, 0, 0, 0, 0, , 0, 0, MAHA,
IO, 05, 2019110112,   , CHP6, 0, 155N,  699E, 124,  933, TY,   0, , 0, 0, 0, 0, 0, 0, 0, 0, 0, 0, 0, , 0, 0, MAHA,
IO, 05, 2019110118,   , CHP6, 0, 159N,  693E, 122,  936, TY,   0, , 0, 0, 0, 0, 0, 0, 0, 0, 0, 0, 0, , 0, 0, MAHA,
IO, 05, 2019110200,   , CHP6, 0, 164N,  686E, 121,  936, TY,   0, , 0, 0, 0, 0, 0, 0, 0, 0, 0, 0, 0, , 0, 0, MAHA,
IO, 05, 2019110206,   , CHP6, 0, 166N,  681E, 101,  954, TY,   0, , 0, 0, 0, 0, 0, 0, 0, 0, 0, 0, 0, , 0, 0, MAHA,
IO, 05, 2019110212,   , CHP6, 0, 169N,  675E,  92,  963, TY,   0, , 0, 0, 0, 0, 0, 0, 0, 0, 0, 0, 0, , 0, 0, MAHA,
IO, 05, 2019110218,   , CHP6, 0, 171N,  669E,  96,  959, TY,   0, , 0, 0, 0, 0, 0, 0, 0, 0, 0, 0, 0, , 0, 0, MAHA,
IO, 05, 2019110300,   , CHP6, 0, 173N,  663E, 101,  955, TY,   0, , 0, 0, 0, 0, 0, 0, 0, 0, 0, 0, 0, , 0, 0, MAHA,
IO, 05, 2019110306,   , CHP6, 0, 173N,  655E, 105,  951, TY,   0, , 0, 0, 0, 0, 0, 0, 0, 0, 0, 0, 0, , 0, 0, MAHA,
IO, 05, 2019110312,   , CHP6, 0, 173N,  648E, 110,  947, TY,   0, , 0, 0, 0, 0, 0, 0, 0, 0, 0, 0, 0, , 0, 0, MAHA,
IO, 05, 2019110318,   , CHP6, 0, 173N,  640E, 112,  944, TY,   0, , 0, 0, 0, 0, 0, 0, 0, 0, 0, 0, 0, , 0, 0, MAHA,
IO, 05, 2019110400,   , CHP6, 0, 173N,  632E, 112,  944, TY,   0, , 0, 0, 0, 0, 0, 0, 0, 0, 0, 0, 0, , 0, 0, MAHA,
IO, 05, 2019110406,   , CHP6, 0, 174N,  624E, 110,  946, TY,   0, , 0, 0, 0, 0, 0, 0, 0, 0, 0, 0, 0, , 0, 0, MAHA,
IO, 05, 2019110412,   , CHP6, 0, 175N,  617E, 105,  951, TY,   0, , 0, 0, 0, 0, 0, 0, 0, 0, 0, 0, 0, , 0, 0, MAHA,
IO, 05, 2019110418,   , CHP6, 0, 176N,  609E, 101,  955, TY,   0, , 0, 0, 0, 0, 0, 0, 0, 0, 0, 0, 0, , 0, 0, MAHA,
IO, 05, 2019110500,   , CHP6, 0, 177N,  601E,  97,  959, TY,   0, , 0, 0, 0, 0, 0, 0, 0, 0, 0, 0, 0, , 0, 0, MAHA,
IO, 05, 2019110506,   , CHP6, 0, 178N,  592E,  93,  962, TY,   0, , 0, 0, 0, 0, 0, 0, 0, 0, 0, 0, 0, , 0, 0, MAHA,
IO, 05, 2019110512,   , CHP6, 0, 178N,  583E,  89,  967, TY,   0, , 0, 0, 0, 0, 0, 0, 0, 0, 0, 0, 0, , 0, 0, MAHA,
IO, 05, 2019110518,   , CHP6, 0, 178N,  573E,  85,  970, TY,   0, , 0, 0, 0, 0, 0, 0, 0, 0, 0, 0, 0, , 0, 0, MAHA,
IO, 05, 2019110600,   , CHP6, 0, 178N,  564E,  80,  971, TY,   0, , 0, 0, 0, 0, 0, 0, 0, 0, 0, 0, 0, , 0, 0, MAHA,
IO, 05, 2019110606,   , CHP6, 0, 178N,  555E,  75,  976, TY,   0, , 0, 0, 0, 0, 0, 0, 0, 0, 0, 0, 0, , 0, 0, MAHA,
IO, 05, 2019110612,   , CHP6, 0, 177N,  543E,  57,  981, TS,   0, , 0, 0, 0, 0, 0, 0, 0, 0, 0, 0, 0, , 0, 0, MAHA,
IO, 05, 2019110618,   , CHP6, 0, 176N,  531E,  36,  994, TS,   0, , 0, 0, 0, 0, 0, 0, 0, 0, 0, 0, 0, , 0, 0, MAHA,
IO, 05, 2019110700,   , CHP6, 0, 175N,  519E,  24,  997, DB,   0, , 0, 0, 0, 0, 0, 0, 0, 0, 0, 0, 0, , 0, 0, MAHA,
IO, 05, 2019110706,   , CHP6, 0, 174N,  508E,  15,  999, DB,   0, , 0, 0, 0, 0, 0, 0, 0, 0, 0, 0, 0, , 0, 0, MAHA,
