IO, 93, 2019060818,   , CHP6, 0, 103N,  724E,  15, 1008, DB,   0, , 0, 0, 0, 0, 0, 0, 0, 0, 0, 0, 0, , 0, 0, INVEST,
IO, 93, 2019060900,   , CHP6, 0, 103N,  719E,  20, 1006, DB,   0, , 0, 0, 0, 0, 0, 0, 0, 0, 0, 0, 0, , 0, 0, INVEST,
IO, 93, 2019060906,   , CHP6, 0, 104N,  715E,  20, 1005, DB,   0, , 0, 0, 0, 0, 0, 0, 0, 0, 0, 0, 0, , 0, 0, INVEST,
IO, 93, 2019060912,   , CHP6, 0, 108N,  713E,  20, 1003, DB,   0, , 0, 0, 0, 0, 0, 0, 0, 0, 0, 0, 0, , 0, 0, INVEST,
IO, 02, 2019060918,   , CHP6, 0, 113N,  711E,  30, 1001, TD,   0, , 0, 0, 0, 0, 0, 0, 0, 0, 0, 0, 0, , 0, 0, TWO,
IO, 02, 2019061000,   , CHP6, 0, 120N,  710E,  35,  999, TS,   0, , 0, 0, 0, 0, 0, 0, 0, 0, 0, 0, 0, , 0, 0, VAYU,
IO, 02, 2019061006,   , CHP6, 0, 126N,  709E,  40,  997, TS,   0, , 0, 0, 0, 0, 0, 0, 0, 0, 0, 0, 0, , 0, 0, VAYU,
IO, 02, 2019061012,   , CHP6, 0, 131N,  707E,  45,  995, TS,   0, , 0, 0, 0, 0, 0, 0, 0, 0, 0, 0, 0, , 0, 0, VAYU,
IO, 02, 2019061018,   , CHP6, 0, 138N,  706E,  45,  994, TS,   0, , 0, 0, 0, 0, 0, 0, 0, 0, 0, 0, 0, , 0, 0, VAYU,
IO, 02, 2019061100,   , CHP6, 0, 145N,  707E,  62,  986, TS,   0, , 0, 0, 0, 0, 0, 0, 0, 0, 0, 0, 0, , 0, 0, VAYU,
IO, 02, 2019061106,   , CHP6, 0, 153N,  708E,  65,  985, TY,   0, , 0, 0, 0, 0, 0, 0, 0, 0, 0, 0, 0, , 0, 0, VAYU,
IO, 02, 2019061112,   , CHP6, 0, 159N,  709E,  73,  980, TY,   0, , 0, 0, 0, 0, 0, 0, 0, 0, 0, 0, 0, , 0, 0, VAYU,
IO, 02, 2019061118,   , CHP6, 0, 167N,  708E,  82,  973, TY,   0, , 0, 0, 0, 0, 0, 0, 0, 0, 0, 0, 0, , 0, 0, VAYU,
IO, 02, 2019061200,   , CHP6, 0, 178N,  706E,  92,  965, TY,   0, , 0, 0, 0, 0, 0, 0, 0, 0, 0, 0, 0, , 0, 0, VAYU,
IO, 02, 2019061206,   , CHP6, 0, 186N,  701E, 108,  949, TY,   0, , 0, 0, 0, 0, 0, 0, 0, 0, 0, 0, 0, , 0, 0, VAYU,
IO, 02, 2019061212,   , CHP6, 0, 193N,  699E, 127,  928, TY,   0, , 0, 0, 0, 0, 0, 0, 0, 0, 0, 0, 0, , 0, 0, VAYU,
IO, 02, 2019061218,   , CHP6, 0, 199N,  698E, 140,  910, ST,   0, , 0, 0, 0, 0, 0, 0, 0, 0, 0, 0, 0, , 0, 0, VAYU,
IO, 02, 2019061300,   , CHP6, 0, 206N,  697E, 105,  942, TY,   0, , 0, 0, 0, 0, 0, 0, 0, 0, 0, 0, 0, , 0, 0, VAYU,
IO, 02, 2019061306,   , CHP6, 0, 210N,  696E,  94,  960, TY,   0, , 0, 0, 0, 0, 0, 0, 0, 0, 0, 0, 0, , 0, 0, VAYU,
IO, 02, 2019061312,   , CHP6, 0, 214N,  695E, 138,  913, ST,   0, , 0, 0, 0, 0, 0, 0, 0, 0, 0, 0, 0, , 0, 0, VAYU,
IO, 02, 2019061318,   , CHP6, 0, 217N,  693E, 170,  863, ST,   0, , 0, 0, 0, 0, 0, 0, 0, 0, 0, 0, 0, , 0, 0, VAYU,
IO, 02, 2019061400,   , CHP6, 0, 220N,  691E, 108,  938, TY,   0, , 0, 0, 0, 0, 0, 0, 0, 0, 0, 0, 0, , 0, 0, VAYU,
IO, 02, 2019061406,   , CHP6, 0, 221N,  690E,  67,  973, TY,   0, , 0, 0, 0, 0, 0, 0, 0, 0, 0, 0, 0, , 0, 0, VAYU,
IO, 02, 2019061412,   , CHP6, 0, 222N,  689E,  49,  987, TS,   0, , 0, 0, 0, 0, 0, 0, 0, 0, 0, 0, 0, , 0, 0, VAYU,
IO, 02, 2019061418,   , CHP6, 0, 223N,  688E,  46,  987, TS,   0, , 0, 0, 0, 0, 0, 0, 0, 0, 0, 0, 0, , 0, 0, VAYU,
IO, 02, 2019061500,   , CHP6, 0, 223N,  687E,  51,  986, TS,   0, , 0, 0, 0, 0, 0, 0, 0, 0, 0, 0, 0, , 0, 0, VAYU,
IO, 02, 2019061506,   , CHP6, 0, 224N,  686E,  55,  984, TS,   0, , 0, 0, 0, 0, 0, 0, 0, 0, 0, 0, 0, , 0, 0, VAYU,
IO, 02, 2019061512,   , CHP6, 0, 224N,  685E,  60,  980, TS,   0, , 0, 0, 0, 0, 0, 0, 0, 0, 0, 0, 0, , 0, 0, VAYU,
IO, 02, 2019061518,   , CHP6, 0, 225N,  684E,  65,  976, TY,   0, , 0, 0, 0, 0, 0, 0, 0, 0, 0, 0, 0, , 0, 0, VAYU,
IO, 02, 2019061600,   , CHP6, 0, 226N,  683E,  69,  972, TY,   0, , 0, 0, 0, 0, 0, 0, 0, 0, 0, 0, 0, , 0, 0, VAYU,
IO, 02, 2019061606,   , CHP6, 0, 227N,  682E,  75,  971, TY,   0, , 0, 0, 0, 0, 0, 0, 0, 0, 0, 0, 0, , 0, 0, VAYU,
IO, 02, 2019061612,   , CHP6, 0, 228N,  681E,  77,  970, TY,   0, , 0, 0, 0, 0, 0, 0, 0, 0, 0, 0, 0, , 0, 0, VAYU,
IO, 02, 2019061618,   , CHP6, 0, 229N,  680E,  78,  968, TY,   0, , 0, 0, 0, 0, 0, 0, 0, 0, 0, 0, 0, , 0, 0, VAYU,
IO, 02, 2019061700,   , CHP6, 0, 231N,  679E,  78,  968, TY,   0, , 0, 0, 0, 0, 0, 0, 0, 0, 0, 0, 0, , 0, 0, VAYU,
IO, 02, 2019061706,   , CHP6, 0, 234N,  678E,  78,  984, TY,   0, , 0, 0, 0, 0, 0, 0, 0, 0, 0, 0, 0, , 0, 0, VAYU,
IO, 02, 2019061712,   , CHP6, 0, 238N,  678E,  78,  980, TY,   0, , 0, 0, 0, 0, 0, 0, 0, 0, 0, 0, 0, , 0, 0, VAYU,
IO, 02, 2019061718,   , CHP6, 0, 243N,  677E,  59,  986, TS,   0, , 0, 0, 0, 0, 0, 0, 0, 0, 0, 0, 0, , 0, 0, VAYU,
IO, 02, 2019061800,   , CHP6, 0, 249N,  676E,  40,  992, TS,   0, , 0, 0, 0, 0, 0, 0, 0, 0, 0, 0, 0, , 0, 0, VAYU,
IO, 02, 2019061806,   , CHP6, 0, 256N,  674E,  24,  997, TD,   0, , 0, 0, 0, 0, 0, 0, 0, 0, 0, 0, 0, , 0, 0, VAYU,
IO, 02, 2019061812,   , CHP6, 0, 262N,  672E,  18,  998, DB,   0, , 0, 0, 0, 0, 0, 0, 0, 0, 0, 0, 0, , 0, 0, VAYU,
IO, 02, 2019061818,   , CHP6, 0, 267N,  670E,  15,  999, DB,   0, , 0, 0, 0, 0, 0, 0, 0, 0, 0, 0, 0, , 0, 0, VAYU,
