SH, 96, 2026031412,   , BEST,   0, 124S, 1605E,  15, 1009, DB,   0, , 0, 0, 0, 0, 0, 0, 0, 0, 0, 0, 0, , 0, 0, INVEST,
SH, 96, 2026031418,   , BEST,   0, 127S, 1598E,  15, 1009, DB,   0, , 0, 0, 0, 0, 0, 0, 0, 0, 0, 0, 0, , 0, 0, INVEST,
SH, 96, 2026031500,   , BEST,   0, 131S, 1594E,  20, 1009, DB,   0, , 0, 0, 0, 0, 0, 0, 0, 0, 0, 0, 0, , 0, 0, INVEST,
SH, 96, 2026031506,   , BEST,   0, 133S, 1592E,  20, 1005, DB,   0, , 0, 0, 0, 0, 0, 0, 0, 0, 0, 0, 0, , 0, 0, INVEST,
SH, 96, 2026031512,   , BEST,   0, 134S, 1590E,  20, 1006, DB,   0, , 0, 0, 0, 0, 0, 0, 0, 0, 0, 0, 0, , 0, 0, INVEST,
SH, 96, 2026031518,   , BEST,   0, 133S, 1587E,  20, 1005, DB,   0, , 0, 0, 0, 0, 0, 0, 0, 0, 0, 0, 0, , 0, 0, INVEST,
SH, 96, 2026031600,   , BEST,   0, 132S, 1584E,  25, 1003, TD,   0, , 0, 0, 0, 0, 0, 0, 0, 0, 0, 0, 0, , 0, 0, INVEST,
SH, 96, 2026031606,   , BEST,   0, 131S, 1580E,  25, 1003, TD,   0, , 0, 0, 0, 0, 0, 0, 0, 0, 0, 0, 0, , 0, 0, INVEST,
SH, 96, 2026031612,   , BEST,   0, 129S, 1576E,  30, 1003, TD,   0, , 0, 0, 0, 0, 0, 0, 0, 0, 0, 0, 0, , 0, 0, INVEST,
SH, 96, 2026031618,   , BEST,   0, 126S, 1571E,  40, 1003, TS,   0, , 0, 0, 0, 0, 0, 0, 0, 0, 0, 0, 0, , 0, 0, INVEST,
SH, 27, 2026031700,   , BEST,   0, 123S, 1567E,  55, 1000, TS,   0, , 0, 0, 0, 0, 0, 0, 0, 0, 0, 0, 0, , 0, 0, TWENTYSEVEN,TRANSITIONED, shF62026 to sh272026, 
SH, 27, 2026031706,   , BEST,   0, 122S, 1561E,  60,  988, TS,   0, , 0, 0, 0, 0, 0, 0, 0, 0, 0, 0, 0, , 0, 0, TWENTYSEVEN,
SH, 27, 2026031712,   , BEST,   0, 121S, 1553E,  65,  987, TY,   0, , 0, 0, 0, 0, 0, 0, 0, 0, 0, 0, 0, , 0, 0, NARELLE,
SH, 27, 2026031718,   , BEST,   0, 122S, 1542E,  75,  986, TY,   0, , 0, 0, 0, 0, 0, 0, 0, 0, 0, 0, 0, , 0, 0, NARELLE,
SH, 27, 2026031800,   , BEST,   0, 124S, 1533E,  85,  982, TY,   0, , 0, 0, 0, 0, 0, 0, 0, 0, 0, 0, 0, , 0, 0, NARELLE,
SH, 27, 2026031806,   , BEST,   0, 127S, 1519E,  90,  973, TY,   0, , 0, 0, 0, 0, 0, 0, 0, 0, 0, 0, 0, , 0, 0, NARELLE,
SH, 27, 2026031812,   , BEST,   0, 130S, 1506E, 100,  968, TY,   0, , 0, 0, 0, 0, 0, 0, 0, 0, 0, 0, 0, , 0, 0, NARELLE,
SH, 27, 2026031818,   , BEST,   0, 133S, 1493E, 110,  960, TY,   0, , 0, 0, 0, 0, 0, 0, 0, 0, 0, 0, 0, , 0, 0, NARELLE,
SH, 27, 2026031900,   , BEST,   0, 136S, 1478E, 125,  947, TY,   0, , 0, 0, 0, 0, 0, 0, 0, 0, 0, 0, 0, , 0, 0, NARELLE,
SH, 27, 2026031903,   , BEST,   0, 137S, 1471E, 135,  929, ST,   0, , 0, 0, 0, 0, 0, 0, 0, 0, 0, 0, 0, , 0, 0, NARELLE,
SH, 27, 2026031906,   , BEST,   0, 137S, 1465E, 130,  930, ST,   0, , 0, 0, 0, 0, 0, 0, 0, 0, 0, 0, 0, , 0, 0, NARELLE,
SH, 27, 2026031912,   , BEST,   0, 137S, 1455E, 115,  933, TY,   0, , 0, 0, 0, 0, 0, 0, 0, 0, 0, 0, 0, , 0, 0, NARELLE,
SH, 27, 2026031915,   , BEST,   0, 137S, 1448E, 125,  930, TY,   0, , 0, 0, 0, 0, 0, 0, 0, 0, 0, 0, 0, , 0, 0, NARELLE,
SH, 27, 2026031918,   , BEST,   0, 136S, 1440E, 120,  937, TY,   0, , 0, 0, 0, 0, 0, 0, 0, 0, 0, 0, 0, , 0, 0, NARELLE,
SH, 27, 2026031921,   , BEST,   0, 135S, 1435E, 115,  948, TY,   0, , 0, 0, 0, 0, 0, 0, 0, 0, 0, 0, 0, , 0, 0, NARELLE,
SH, 27, 2026032000,   , BEST,   0, 135S, 1430E,  90,  951, TY,   0, , 0, 0, 0, 0, 0, 0, 0, 0, 0, 0, 0, , 0, 0, NARELLE,
SH, 27, 2026032006,   , BEST,   0, 134S, 1421E,  55,  988, TS,   0, , 0, 0, 0, 0, 0, 0, 0, 0, 0, 0, 0, , 0, 0, NARELLE,
SH, 27, 2026032012,   , BEST,   0, 133S, 1410E,  45,  993, TS,   0, , 0, 0, 0, 0, 0, 0, 0, 0, 0, 0, 0, , 0, 0, NARELLE,
SH, 27, 2026032018,   , BEST,   0, 131S, 1400E,  60,  982, TS,   0, , 0, 0, 0, 0, 0, 0, 0, 0, 0, 0, 0, , 0, 0, NARELLE,
SH, 27, 2026032100,   , BEST,   0, 130S, 1389E,  70,  979, TY,   0, , 0, 0, 0, 0, 0, 0, 0, 0, 0, 0, 0, , 0, 0, NARELLE,
SH, 27, 2026032106,   , BEST,   0, 131S, 1378E,  80,  973, TY,   0, , 0, 0, 0, 0, 0, 0, 0, 0, 0, 0, 0, , 0, 0, NARELLE,
SH, 27, 2026032112,   , BEST,   0, 132S, 1368E,  90,  973, TY,   0, , 0, 0, 0, 0, 0, 0, 0, 0, 0, 0, 0, , 0, 0, NARELLE,
SH, 27, 2026032118,   , BEST,   0, 135S, 1357E,  75,  978, TY,   0, , 0, 0, 0, 0, 0, 0, 0, 0, 0, 0, 0, , 0, 0, NARELLE,
SH, 27, 2026032200,   , BEST,   0, 137S, 1341E,  45,  986, TS,   0, , 0, 0, 0, 0, 0, 0, 0, 0, 0, 0, 0, , 0, 0, NARELLE,
SH, 27, 2026032206,   , BEST,   0, 138S, 1328E,  40,  989, TS,   0, , 0, 0, 0, 0, 0, 0, 0, 0, 0, 0, 0, , 0, 0, NARELLE,
SH, 27, 2026032212,   , BEST,   0, 139S, 1315E,  35,  992, TS,   0, , 0, 0, 0, 0, 0, 0, 0, 0, 0, 0, 0, , 0, 0, NARELLE,
SH, 27, 2026032218,   , BEST,   0, 140S, 1302E,  35,  991, TS,   0, , 0, 0, 0, 0, 0, 0, 0, 0, 0, 0, 0, , 0, 0, NARELLE,
SH, 27, 2026032300,   , BEST,   0, 142S, 1293E,  40,  991, TS,   0, , 0, 0, 0, 0, 0, 0, 0, 0, 0, 0, 0, , 0, 0, NARELLE,
SH, 27, 2026032306,   , BEST,   0, 145S, 1281E,  45,  991, TS,   0, , 0, 0, 0, 0, 0, 0, 0, 0, 0, 0, 0, , 0, 0, NARELLE,
SH, 27, 2026032312,   , BEST,   0, 149S, 1268E,  30,  994, TD,   0, , 0, 0, 0, 0, 0, 0, 0, 0, 0, 0, 0, , 0, 0, NARELLE,
SH, 27, 2026032318,   , BEST,   0, 154S, 1256E,  30,  996, TD,   0, , 0, 0, 0, 0, 0, 0, 0, 0, 0, 0, 0, , 0, 0, NARELLE,
SH, 27, 2026032400,   , BEST,   0, 158S, 1245E,  30,  996, TD,   0, , 0, 0, 0, 0, 0, 0, 0, 0, 0, 0, 0, , 0, 0, NARELLE,
SH, 27, 2026032406,   , BEST,   0, 161S, 1234E,  35,  995, TS,   0, , 0, 0, 0, 0, 0, 0, 0, 0, 0, 0, 0, , 0, 0, NARELLE,
SH, 27, 2026032412,   , BEST,   0, 164S, 1224E,  45,  993, TS,   0, , 0, 0, 0, 0, 0, 0, 0, 0, 0, 0, 0, , 0, 0, NARELLE,
SH, 27, 2026032418,   , BEST,   0, 169S, 1213E,  50,  990, TS,   0, , 0, 0, 0, 0, 0, 0, 0, 0, 0, 0, 0, , 0, 0, NARELLE,
SH, 27, 2026032500,   , BEST,   0, 174S, 1200E,  60,  987, TS,   0, , 0, 0, 0, 0, 0, 0, 0, 0, 0, 0, 0, , 0, 0, NARELLE,
SH, 27, 2026032506,   , BEST,   0, 177S, 1189E,  70,  973, TY,   0, , 0, 0, 0, 0, 0, 0, 0, 0, 0, 0, 0, , 0, 0, NARELLE,
SH, 27, 2026032512,   , BEST,   0, 180S, 1180E,  80,  968, TY,   0, , 0, 0, 0, 0, 0, 0, 0, 0, 0, 0, 0, , 0, 0, NARELLE,
SH, 27, 2026032518,   , BEST,   0, 184S, 1172E,  90,  958, TY,   0, , 0, 0, 0, 0, 0, 0, 0, 0, 0, 0, 0, , 0, 0, NARELLE,
SH, 27, 2026032600,   , BEST,   0, 189S, 1163E,  95,  955, TY,   0, , 0, 0, 0, 0, 0, 0, 0, 0, 0, 0, 0, , 0, 0, NARELLE,
SH, 27, 2026032606,   , BEST,   0, 196S, 1154E, 105,  948, TY,   0, , 0, 0, 0, 0, 0, 0, 0, 0, 0, 0, 0, , 0, 0, NARELLE,
SH, 27, 2026032612,   , BEST,   0, 204S, 1146E, 100,  948, TY,   0, , 0, 0, 0, 0, 0, 0, 0, 0, 0, 0, 0, , 0, 0, NARELLE,
SH, 27, 2026032618,   , BEST,   0, 212S, 1139E,  95,  951, TY,   0, , 0, 0, 0, 0, 0, 0, 0, 0, 0, 0, 0, , 0, 0, NARELLE,
SH, 27, 2026032700,   , BEST,   0, 224S, 1135E,  90,  955, TY,   0, , 0, 0, 0, 0, 0, 0, 0, 0, 0, 0, 0, , 0, 0, NARELLE,
SH, 27, 2026032706,   , BEST,   0, 236S, 1137E,  80,  962, TY,   0, , 0, 0, 0, 0, 0, 0, 0, 0, 0, 0, 0, , 0, 0, NARELLE,
SH, 27, 2026032712,   , BEST,   0, 254S, 1142E,  65,  977, TY,   0, , 0, 0, 0, 0, 0, 0, 0, 0, 0, 0, 0, , 0, 0, NARELLE,
SH, 27, 2026032718,   , BEST,   0, 271S, 1153E,  55,  980, TS,   0, , 0, 0, 0, 0, 0, 0, 0, 0, 0, 0, 0, , 0, 0, NARELLE,
SH, 27, 2026032800,   , BEST,   0, 300S, 1172E,  40,  997, EX,   0, , 0, 0, 0, 0, 0, 0, 0, 0, 0, 0, 0, , 0, 0, NARELLE,
SH, 27, 2026032806,   , BEST,   0, 319S, 1193E,  30,  999, EX,   0, , 0, 0, 0, 0, 0, 0, 0, 0, 0, 0, 0, , 0, 0, NARELLE,
SH, 27, 2026032812,   , BEST,   0, 344S, 1219E,  35,  999, EX,   0, , 0, 0, 0, 0, 0, 0, 0, 0, 0, 0, 0, , 0, 0, NARELLE,
Analyzed by 223
