SH, 90, 2026020618,   , BEST,   0, 173S,  595E,  20, 1006, DB,   0, , 0, 0, 0, 0, 0, 0, 0, 0, 0, 0, 0, , 0, 0, INVEST,
SH, 90, 2026020700,   , BEST,   0, 177S,  588E,  20, 1006, DB,   0, , 0, 0, 0, 0, 0, 0, 0, 0, 0, 0, 0, , 0, 0, INVEST,
SH, 90, 2026020706,   , BEST,   0, 180S,  581E,  25, 1007, TD,   0, , 0, 0, 0, 0, 0, 0, 0, 0, 0, 0, 0, , 0, 0, INVEST,
SH, 90, 2026020712,   , BEST,   0, 182S,  575E,  30, 1006, TD,   0, , 0, 0, 0, 0, 0, 0, 0, 0, 0, 0, 0, , 0, 0, INVEST,
SH, 90, 2026020718,   , BEST,   0, 183S,  572E,  40, 1006, TS,   0, , 0, 0, 0, 0, 0, 0, 0, 0, 0, 0, 0, , 0, 0, INVEST,
SH, 21, 2026020800,   , BEST,   0, 182S,  570E,  35, 1001, TS,   0, , 0, 0, 0, 0, 0, 0, 0, 0, 0, 0, 0, , 0, 0, TWENTYONE,TRANSITIONED, shF02026 to sh212026, 
SH, 21, 2026020806,   , BEST,   0, 181S,  568E,  30, 1001, TD,   0, , 0, 0, 0, 0, 0, 0, 0, 0, 0, 0, 0, , 0, 0, GEZANI,
SH, 21, 2026020812,   , BEST,   0, 181S,  565E,  30, 1003, TD,   0, , 0, 0, 0, 0, 0, 0, 0, 0, 0, 0, 0, , 0, 0, GEZANI,
SH, 21, 2026020818,   , BEST,   0, 181S,  560E,  40, 1002, TS,   0, , 0, 0, 0, 0, 0, 0, 0, 0, 0, 0, 0, , 0, 0, GEZANI,
SH, 21, 2026020900,   , BEST,   0, 180S,  554E,  45,  998, TS,   0, , 0, 0, 0, 0, 0, 0, 0, 0, 0, 0, 0, , 0, 0, GEZANI,
SH, 21, 2026020906,   , BEST,   0, 180S,  547E,  55,  996, TS,   0, , 0, 0, 0, 0, 0, 0, 0, 0, 0, 0, 0, , 0, 0, GEZANI,
SH, 21, 2026020912,   , BEST,   0, 180S,  537E,  65,  991, TY,   0, , 0, 0, 0, 0, 0, 0, 0, 0, 0, 0, 0, , 0, 0, GEZANI,
SH, 21, 2026020918,   , BEST,   0, 181S,  529E,  75,  987, TY,   0, , 0, 0, 0, 0, 0, 0, 0, 0, 0, 0, 0, , 0, 0, GEZANI,
SH, 21, 2026021000,   , BEST,   0, 181S,  521E,  90,  973, TY,   0, , 0, 0, 0, 0, 0, 0, 0, 0, 0, 0, 0, , 0, 0, GEZANI,
SH, 21, 2026021006,   , BEST,   0, 181S,  511E, 100,  965, TY,   0, , 0, 0, 0, 0, 0, 0, 0, 0, 0, 0, 0, , 0, 0, GEZANI,
SH, 21, 2026021012,   , BEST,   0, 182S,  501E, 115,  952, TY,   0, , 0, 0, 0, 0, 0, 0, 0, 0, 0, 0, 0, , 0, 0, GEZANI,
SH, 21, 2026021016,   , BEST,   0, 182S,  494E, 110,  959, TY,   0, , 0, 0, 0, 0, 0, 0, 0, 0, 0, 0, 0, , 0, 0, GEZANI,
SH, 21, 2026021018,   , BEST,   0, 181S,  491E,  90,  973, TY,   0, , 0, 0, 0, 0, 0, 0, 0, 0, 0, 0, 0, , 0, 0, GEZANI,
SH, 21, 2026021100,   , BEST,   0, 182S,  477E,  55,  985, TS,   0, , 0, 0, 0, 0, 0, 0, 0, 0, 0, 0, 0, , 0, 0, GEZANI,
SH, 21, 2026021106,   , BEST,   0, 184S,  462E,  30, 1000, TD,   0, , 0, 0, 0, 0, 0, 0, 0, 0, 0, 0, 0, , 0, 0, GEZANI,
SH, 21, 2026021112,   , BEST,   0, 187S,  447E,  30, 1007, TD,   0, , 0, 0, 0, 0, 0, 0, 0, 0, 0, 0, 0, , 0, 0, GEZANI,
SH, 21, 2026021118,   , BEST,   0, 191S,  435E,  40, 1005, TS,   0, , 0, 0, 0, 0, 0, 0, 0, 0, 0, 0, 0, , 0, 0, GEZANI,
SH, 21, 2026021200,   , BEST,   0, 195S,  422E,  55,  999, TS,   0, , 0, 0, 0, 0, 0, 0, 0, 0, 0, 0, 0, , 0, 0, GEZANI,
SH, 21, 2026021206,   , BEST,   0, 199S,  410E,  65,  991, TY,   0, , 0, 0, 0, 0, 0, 0, 0, 0, 0, 0, 0, , 0, 0, GEZANI,
SH, 21, 2026021212,   , BEST,   0, 204S,  399E,  80,  982, TY,   0, , 0, 0, 0, 0, 0, 0, 0, 0, 0, 0, 0, , 0, 0, GEZANI,
SH, 21, 2026021218,   , BEST,   0, 208S,  391E,  90,  969, TY,   0, , 0, 0, 0, 0, 0, 0, 0, 0, 0, 0, 0, , 0, 0, GEZANI,
SH, 21, 2026021300,   , BEST,   0, 213S,  382E,  80,  971, TY,   0, , 0, 0, 0, 0, 0, 0, 0, 0, 0, 0, 0, , 0, 0, GEZANI,
SH, 21, 2026021306,   , BEST,   0, 220S,  370E,  90,  973, TY,   0, , 0, 0, 0, 0, 0, 0, 0, 0, 0, 0, 0, , 0, 0, GEZANI,
SH, 21, 2026021312,   , BEST,   0, 225S,  364E,  90,  964, TY,   0, , 0, 0, 0, 0, 0, 0, 0, 0, 0, 0, 0, , 0, 0, GEZANI,
SH, 21, 2026021318,   , BEST,   0, 233S,  361E,  95,  963, TY,   0, , 0, 0, 0, 0, 0, 0, 0, 0, 0, 0, 0, , 0, 0, GEZANI,
SH, 21, 2026021400,   , BEST,   0, 241S,  359E, 100,  957, TY,   0, , 0, 0, 0, 0, 0, 0, 0, 0, 0, 0, 0, , 0, 0, GEZANI,
SH, 21, 2026021406,   , BEST,   0, 249S,  360E,  90,  958, TY,   0, , 0, 0, 0, 0, 0, 0, 0, 0, 0, 0, 0, , 0, 0, GEZANI,
SH, 21, 2026021412,   , BEST,   0, 259S,  366E,  85,  961, TY,   0, , 0, 0, 0, 0, 0, 0, 0, 0, 0, 0, 0, , 0, 0, GEZANI,
SH, 21, 2026021418,   , BEST,   0, 266S,  379E,  80,  968, TY,   0, , 0, 0, 0, 0, 0, 0, 0, 0, 0, 0, 0, , 0, 0, GEZANI,
SH, 21, 2026021500,   , BEST,   0, 267S,  386E,  80,  970, TY,   0, , 0, 0, 0, 0, 0, 0, 0, 0, 0, 0, 0, , 0, 0, GEZANI,
SH, 21, 2026021506,   , BEST,   0, 267S,  393E,  85,  973, TY,   0, , 0, 0, 0, 0, 0, 0, 0, 0, 0, 0, 0, , 0, 0, GEZANI,
SH, 21, 2026021512,   , BEST,   0, 264S,  401E,  90,  971, TY,   0, , 0, 0, 0, 0, 0, 0, 0, 0, 0, 0, 0, , 0, 0, GEZANI,
SH, 21, 2026021518,   , BEST,   0, 260S,  409E,  80,  974, TY,   0, , 0, 0, 0, 0, 0, 0, 0, 0, 0, 0, 0, , 0, 0, GEZANI,
SH, 21, 2026021600,   , BEST,   0, 254S,  415E,  75,  977, TY,   0, , 0, 0, 0, 0, 0, 0, 0, 0, 0, 0, 0, , 0, 0, GEZANI,
SH, 21, 2026021606,   , BEST,   0, 249S,  420E,  60,  985, TS,   0, , 0, 0, 0, 0, 0, 0, 0, 0, 0, 0, 0, , 0, 0, GEZANI,
SH, 21, 2026021612,   , BEST,   0, 249S,  426E,  60,  984, TS,   0, , 0, 0, 0, 0, 0, 0, 0, 0, 0, 0, 0, , 0, 0, GEZANI,
SH, 21, 2026021618,   , BEST,   0, 253S,  436E,  80,  977, TY,   0, , 0, 0, 0, 0, 0, 0, 0, 0, 0, 0, 0, , 0, 0, GEZANI,
SH, 21, 2026021700,   , BEST,   0, 266S,  442E,  60,  984, TS,   0, , 0, 0, 0, 0, 0, 0, 0, 0, 0, 0, 0, , 0, 0, GEZANI,
SH, 21, 2026021703,   , BEST,   0, 283S,  447E,  55,  986, TS,   0, , 0, 0, 0, 0, 0, 0, 0, 0, 0, 0, 0, , 0, 0, GEZANI,
SH, 21, 2026021706,   , BEST,   0, 295S,  439E,  55,  987, TS,   0, , 0, 0, 0, 0, 0, 0, 0, 0, 0, 0, 0, , 0, 0, GEZANI,
SH, 21, 2026021712,   , BEST,   0, 304S,  428E,  60,  984, TS,   0, , 0, 0, 0, 0, 0, 0, 0, 0, 0, 0, 0, , 0, 0, GEZANI,
SH, 21, 2026021718,   , BEST,   0, 315S,  420E,  65,  981, TY,   0, , 0, 0, 0, 0, 0, 0, 0, 0, 0, 0, 0, , 0, 0, GEZANI,
SH, 21, 2026021800,   , BEST,   0, 330S,  416E,  55,  982, TS,   0, , 0, 0, 0, 0, 0, 0, 0, 0, 0, 0, 0, , 0, 0, GEZANI,
SH, 21, 2026021806,   , BEST,   0, 343S,  415E,  45,  989, SS,   0, , 0, 0, 0, 0, 0, 0, 0, 0, 0, 0, 0, , 0, 0, GEZANI,
SH, 21, 2026021812,   , BEST,   0, 357S,  416E,  40,  991, SS,   0, , 0, 0, 0, 0, 0, 0, 0, 0, 0, 0, 0, , 0, 0, GEZANI,
SH, 21, 2026021818,   , BEST,   0, 368S,  421E,  40,  991, SS,   0, , 0, 0, 0, 0, 0, 0, 0, 0, 0, 0, 0, , 0, 0, GEZANI,
SH, 21, 2026021900,   , BEST,   0, 382S,  430E,  40,  991, SS,   0, , 0, 0, 0, 0, 0, 0, 0, 0, 0, 0, 0, , 0, 0, GEZANI,
SH, 21, 2026021906,   , BEST,   0, 399S,  442E,  45,  991, SS,   0, , 0, 0, 0, 0, 0, 0, 0, 0, 0, 0, 0, , 0, 0, GEZANI,
SH, 21, 2026021912,   , BEST,   0, 413S,  459E,  45,  988, SS,   0, , 0, 0, 0, 0, 0, 0, 0, 0, 0, 0, 0, , 0, 0, GEZANI,
SH, 21, 2026021918,   , BEST,   0, 434S,  493E,  50,  984, EX,   0, , 0, 0, 0, 0, 0, 0, 0, 0, 0, 0, 0, , 0, 0, GEZANI,
SH, 21, 2026022000,   , BEST,   0, 458S,  538E,  50,  980, EX,   0, , 0, 0, 0, 0, 0, 0, 0, 0, 0, 0, 0, , 0, 0, GEZANI,
Analyzed by 223
