SH, 98, 2026012818,   , BEST,   0, 154S, 1363E,  15, 1003, DB,   0, , 0, 0, 0, 0, 0, 0, 0, 0, 0, 0, 0, , 0, 0, INVEST,
SH, 98, 2026012900,   , BEST,   0, 153S, 1367E,  15, 1003, DB,   0, , 0, 0, 0, 0, 0, 0, 0, 0, 0, 0, 0, , 0, 0, INVEST,
SH, 98, 2026012906,   , BEST,   0, 154S, 1371E,  20, 1003, DB,   0, , 0, 0, 0, 0, 0, 0, 0, 0, 0, 0, 0, , 0, 0, INVEST,
SH, 98, 2026012912,   , BEST,   0, 155S, 1374E,  25, 1003, TD,   0, , 0, 0, 0, 0, 0, 0, 0, 0, 0, 0, 0, , 0, 0, INVEST,
SH, 98, 2026012918,   , BEST,   0, 158S, 1376E,  30, 1003, TD,   0, , 0, 0, 0, 0, 0, 0, 0, 0, 0, 0, 0, , 0, 0, INVEST,
SH, 98, 2026013000,   , BEST,   0, 162S, 1374E,  30, 1003, TD,   0, , 0, 0, 0, 0, 0, 0, 0, 0, 0, 0, 0, , 0, 0, INVEST,
SH, 98, 2026013006,   , BEST,   0, 167S, 1368E,  25, 1001, TD,   0, , 0, 0, 0, 0, 0, 0, 0, 0, 0, 0, 0, , 0, 0, INVEST,
SH, 98, 2026013012,   , BEST,   0, 168S, 1360E,  25, 1002, TD,   0, , 0, 0, 0, 0, 0, 0, 0, 0, 0, 0, 0, , 0, 0, INVEST,
SH, 98, 2026013018,   , BEST,   0, 169S, 1351E,  20, 1002, DB,   0, , 0, 0, 0, 0, 0, 0, 0, 0, 0, 0, 0, , 0, 0, INVEST,
SH, 98, 2026013100,   , BEST,   0, 170S, 1341E,  20, 1003, DB,   0, , 0, 0, 0, 0, 0, 0, 0, 0, 0, 0, 0, , 0, 0, INVEST,
SH, 98, 2026013106,   , BEST,   0, 171S, 1332E,  20, 1004, DB,   0, , 0, 0, 0, 0, 0, 0, 0, 0, 0, 0, 0, , 0, 0, INVEST,
SH, 98, 2026013112,   , BEST,   0, 170S, 1323E,  25, 1002, TD,   0, , 0, 0, 0, 0, 0, 0, 0, 0, 0, 0, 0, , 0, 0, INVEST,
SH, 98, 2026013118,   , BEST,   0, 165S, 1317E,  25, 1002, TD,   0, , 0, 0, 0, 0, 0, 0, 0, 0, 0, 0, 0, , 0, 0, INVEST,
SH, 98, 2026020100,   , BEST,   0, 160S, 1313E,  20, 1002, DB,   0, , 0, 0, 0, 0, 0, 0, 0, 0, 0, 0, 0, , 0, 0, INVEST,
SH, 98, 2026020106,   , BEST,   0, 159S, 1316E,  20, 1002, DB,   0, , 0, 0, 0, 0, 0, 0, 0, 0, 0, 0, 0, , 0, 0, INVEST,
SH, 98, 2026020112,   , BEST,   0, 160S, 1318E,  25,  997, TD,   0, , 0, 0, 0, 0, 0, 0, 0, 0, 0, 0, 0, , 0, 0, INVEST,
SH, 98, 2026020118,   , BEST,   0, 164S, 1319E,  25,  997, TD,   0, , 0, 0, 0, 0, 0, 0, 0, 0, 0, 0, 0, , 0, 0, INVEST,
SH, 98, 2026020200,   , BEST,   0, 168S, 1318E,  25,  997, TD,   0, , 0, 0, 0, 0, 0, 0, 0, 0, 0, 0, 0, , 0, 0, INVEST,
SH, 98, 2026020206,   , BEST,   0, 169S, 1315E,  20, 1001, DB,   0, , 0, 0, 0, 0, 0, 0, 0, 0, 0, 0, 0, , 0, 0, INVEST,
SH, 98, 2026020212,   , BEST,   0, 170S, 1312E,  20, 1003, DB,   0, , 0, 0, 0, 0, 0, 0, 0, 0, 0, 0, 0, , 0, 0, INVEST,
SH, 98, 2026020218,   , BEST,   0, 169S, 1309E,  25, 1000, TD,   0, , 0, 0, 0, 0, 0, 0, 0, 0, 0, 0, 0, , 0, 0, INVEST,
SH, 98, 2026020300,   , BEST,   0, 168S, 1306E,  25,  999, TD,   0, , 0, 0, 0, 0, 0, 0, 0, 0, 0, 0, 0, , 0, 0, INVEST,
SH, 98, 2026020306,   , BEST,   0, 169S, 1303E,  25,  998, TD,   0, , 0, 0, 0, 0, 0, 0, 0, 0, 0, 0, 0, , 0, 0, INVEST,
SH, 98, 2026020312,   , BEST,   0, 169S, 1301E,  20,  999, DB,   0, , 0, 0, 0, 0, 0, 0, 0, 0, 0, 0, 0, , 0, 0, INVEST,
SH, 98, 2026020318,   , BEST,   0, 170S, 1297E,  20,  999, DB,   0, , 0, 0, 0, 0, 0, 0, 0, 0, 0, 0, 0, , 0, 0, INVEST,
SH, 98, 2026020400,   , BEST,   0, 169S, 1293E,  15,  999, DB,   0, , 0, 0, 0, 0, 0, 0, 0, 0, 0, 0, 0, , 0, 0, INVEST,
SH, 98, 2026020406,   , BEST,   0, 167S, 1289E,  15,  999, DB,   0, , 0, 0, 0, 0, 0, 0, 0, 0, 0, 0, 0, , 0, 0, INVEST,
SH, 98, 2026020412,   , BEST,   0, 168S, 1284E,  15, 1001, DB,   0, , 0, 0, 0, 0, 0, 0, 0, 0, 0, 0, 0, , 0, 0, INVEST,
SH, 98, 2026020418,   , BEST,   0, 170S, 1278E,  15, 1001, DB,   0, , 0, 0, 0, 0, 0, 0, 0, 0, 0, 0, 0, , 0, 0, INVEST,
SH, 98, 2026020500,   , BEST,   0, 175S, 1269E,  15, 1001, DB,   0, , 0, 0, 0, 0, 0, 0, 0, 0, 0, 0, 0, , 0, 0, INVEST,
SH, 98, 2026020506,   , BEST,   0, 179S, 1258E,  20, 1001, DB,   0, , 0, 0, 0, 0, 0, 0, 0, 0, 0, 0, 0, , 0, 0, INVEST,
SH, 98, 2026020512,   , BEST,   0, 180S, 1239E,  25, 1001, TD,   0, , 0, 0, 0, 0, 0, 0, 0, 0, 0, 0, 0, , 0, 0, INVEST,
SH, 98, 2026020518,   , BEST,   0, 180S, 1230E,  30,  999, TD,   0, , 0, 0, 0, 0, 0, 0, 0, 0, 0, 0, 0, , 0, 0, INVEST,
SH, 20, 2026020600,   , BEST,   0, 180S, 1221E,  40,  997, TS,   0, , 0, 0, 0, 0, 0, 0, 0, 0, 0, 0, 0, , 0, 0, TWENTY,TRANSITIONED, shD82026 to sh202026, 
SH, 20, 2026020606,   , BEST,   0, 182S, 1210E,  50,  998, TS,   0, , 0, 0, 0, 0, 0, 0, 0, 0, 0, 0, 0, , 0, 0, TWENTY,
SH, 20, 2026020612,   , BEST,   0, 185S, 1199E,  55,  992, TS,   0, , 0, 0, 0, 0, 0, 0, 0, 0, 0, 0, 0, , 0, 0, TWENTY,
SH, 20, 2026020618,   , BEST,   0, 187S, 1192E,  60,  989, TS,   0, , 0, 0, 0, 0, 0, 0, 0, 0, 0, 0, 0, , 0, 0, MITCHELL,
SH, 20, 2026020700,   , BEST,   0, 190S, 1184E,  65,  983, TY,   0, , 0, 0, 0, 0, 0, 0, 0, 0, 0, 0, 0, , 0, 0, MITCHELL,
SH, 20, 2026020706,   , BEST,   0, 194S, 1176E,  75,  979, TY,   0, , 0, 0, 0, 0, 0, 0, 0, 0, 0, 0, 0, , 0, 0, MITCHELL,
SH, 20, 2026020712,   , BEST,   0, 200S, 1167E,  85,  973, TY,   0, , 0, 0, 0, 0, 0, 0, 0, 0, 0, 0, 0, , 0, 0, MITCHELL,
SH, 20, 2026020718,   , BEST,   0, 203S, 1162E,  80,  968, TY,   0, , 0, 0, 0, 0, 0, 0, 0, 0, 0, 0, 0, , 0, 0, MITCHELL,
SH, 20, 2026020800,   , BEST,   0, 207S, 1156E,  75,  972, TY,   0, , 0, 0, 0, 0, 0, 0, 0, 0, 0, 0, 0, , 0, 0, MITCHELL,
SH, 20, 2026020806,   , BEST,   0, 212S, 1148E,  75,  975, TY,   0, , 0, 0, 0, 0, 0, 0, 0, 0, 0, 0, 0, , 0, 0, MITCHELL,
SH, 20, 2026020812,   , BEST,   0, 216S, 1142E,  65,  979, TY,   0, , 0, 0, 0, 0, 0, 0, 0, 0, 0, 0, 0, , 0, 0, MITCHELL,
SH, 20, 2026020818,   , BEST,   0, 221S, 1138E,  60,  982, TS,   0, , 0, 0, 0, 0, 0, 0, 0, 0, 0, 0, 0, , 0, 0, MITCHELL,
SH, 20, 2026020900,   , BEST,   0, 231S, 1136E,  55,  985, TS,   0, , 0, 0, 0, 0, 0, 0, 0, 0, 0, 0, 0, , 0, 0, MITCHELL,
SH, 20, 2026020906,   , BEST,   0, 245S, 1134E,  55,  986, TS,   0, , 0, 0, 0, 0, 0, 0, 0, 0, 0, 0, 0, , 0, 0, MITCHELL,
SH, 20, 2026020912,   , BEST,   0, 253S, 1138E,  50,  991, TS,   0, , 0, 0, 0, 0, 0, 0, 0, 0, 0, 0, 0, , 0, 0, MITCHELL,
SH, 20, 2026020918,   , BEST,   0, 261S, 1145E,  35,  998, TS,   0, , 0, 0, 0, 0, 0, 0, 0, 0, 0, 0, 0, , 0, 0, MITCHELL,
SH, 20, 2026021000,   , BEST,   0, 272S, 1154E,  25,  999, TD,   0, , 0, 0, 0, 0, 0, 0, 0, 0, 0, 0, 0, , 0, 0, MITCHELL,
SH, 20, 2026021006,   , BEST,   0, 279S, 1165E,  20,  999, DB,   0, , 0, 0, 0, 0, 0, 0, 0, 0, 0, 0, 0, , 0, 0, MITCHELL,
SH, 20, 2026021012,   , BEST,   0, 288S, 1184E,  20,  999, DB,   0, , 0, 0, 0, 0, 0, 0, 0, 0, 0, 0, 0, , 0, 0, MITCHELL,
Analyzed by 223
