EP, 97, 2018063012,   , BEST, 0, 107N, 1028W,  20, 1006, DB,   0, , 0, 0, 0, 0, 0, 0, 0, 0, 0, 0, 0, , 0, 0, INVEST,
EP, 97, 2018063018,   , BEST, 0, 110N, 1038W,  20, 1006, DB,   0, , 0, 0, 0, 0, 0, 0, 0, 0, 0, 0, 0, , 0, 0, INVEST,
EP, 07, 2018070100,   , BEST, 0, 113N, 1048W,  30, 1005, TD,   0, , 0, 0, 0, 0, 0, 0, 0, 0, 0, 0, 0, , 0, 0, SEVEN,
EP, 07, 2018070106,   , BEST, 0, 116N, 1058W,  40, 1002, TS,   0, , 0, 0, 0, 0, 0, 0, 0, 0, 0, 0, 0, , 0, 0, FABIO,
EP, 07, 2018070112,   , BEST, 0, 119N, 1068W,  45, 1000, TS,   0, , 0, 0, 0, 0, 0, 0, 0, 0, 0, 0, 0, , 0, 0, FABIO,
EP, 07, 2018070118,   , BEST, 0, 122N, 1081W,  59,  990, TS,   0, , 0, 0, 0, 0, 0, 0, 0, 0, 0, 0, 0, , 0, 0, FABIO,
EP, 07, 2018070200,   , BEST, 0, 125N, 1093W,  73,  982, HU,   0, , 0, 0, 0, 0, 0, 0, 0, 0, 0, 0, 0, , 0, 0, FABIO,
EP, 07, 2018070206,   , BEST, 0, 128N, 1104W,  93,  967, HU,   0, , 0, 0, 0, 0, 0, 0, 0, 0, 0, 0, 0, , 0, 0, FABIO,
EP, 07, 2018070212,   , BEST, 0, 131N, 1115W, 121,  941, HU,   0, , 0, 0, 0, 0, 0, 0, 0, 0, 0, 0, 0, , 0, 0, FABIO,
EP, 07, 2018070218,   , BEST, 0, 134N, 1125W, 144,  913, HU,   0, , 0, 0, 0, 0, 0, 0, 0, 0, 0, 0, 0, , 0, 0, FABIO,
EP, 07, 2018070300,   , BEST, 0, 138N, 1136W, 155,  901, HU,   0, , 0, 0, 0, 0, 0, 0, 0, 0, 0, 0, 0, , 0, 0, FABIO,
EP, 07, 2018070306,   , BEST, 0, 142N, 1147W, 149,  908, HU,   0, , 0, 0, 0, 0, 0, 0, 0, 0, 0, 0, 0, , 0, 0, FABIO,
EP, 07, 2018070312,   , BEST, 0, 146N, 1157W, 147,  913, HU,   0, , 0, 0, 0, 0, 0, 0, 0, 0, 0, 0, 0, , 0, 0, FABIO,
EP, 07, 2018070318,   , BEST, 0, 150N, 1169W, 159,  897, HU,   0, , 0, 0, 0, 0, 0, 0, 0, 0, 0, 0, 0, , 0, 0, FABIO,
EP, 07, 2018070400,   , BEST, 0, 155N, 1182W, 140,  916, HU,   0, , 0, 0, 0, 0, 0, 0, 0, 0, 0, 0, 0, , 0, 0, FABIO,
EP, 07, 2018070406,   , BEST, 0, 160N, 1194W, 127,  933, HU,   0, , 0, 0, 0, 0, 0, 0, 0, 0, 0, 0, 0, , 0, 0, FABIO,
EP, 07, 2018070412,   , BEST, 0, 166N, 1207W, 102,  958, HU,   0, , 0, 0, 0, 0, 0, 0, 0, 0, 0, 0, 0, , 0, 0, FABIO,
EP, 07, 2018070418,   , BEST, 0, 171N, 1220W,  76,  975, HU,   0, , 0, 0, 0, 0, 0, 0, 0, 0, 0, 0, 0, , 0, 0, FABIO,
EP, 07, 2018070500,   , BEST, 0, 177N, 1232W,  63,  985, TS,   0, , 0, 0, 0, 0, 0, 0, 0, 0, 0, 0, 0, , 0, 0, FABIO,
EP, 07, 2018070506,   , BEST, 0, 184N, 1244W,  57,  991, TS,   0, , 0, 0, 0, 0, 0, 0, 0, 0, 0, 0, 0, , 0, 0, FABIO,
EP, 07, 2018070512,   , BEST, 0, 191N, 1257W,  57,  991, TS,   0, , 0, 0, 0, 0, 0, 0, 0, 0, 0, 0, 0, , 0, 0, FABIO,
EP, 07, 2018070518,   , BEST, 0, 199N, 1269W,  56,  992, TS,   0, , 0, 0, 0, 0, 0, 0, 0, 0, 0, 0, 0, , 0, 0, FABIO,
EP, 07, 2018070600,   , BEST, 0, 206N, 1281W,  60,  992, TS,   0, , 0, 0, 0, 0, 0, 0, 0, 0, 0, 0, 0, , 0, 0, FABIO,
EP, 07, 2018070606,   , BEST, 0, 213N, 1293W,  58,  993, TS,   0, , 0, 0, 0, 0, 0, 0, 0, 0, 0, 0, 0, , 0, 0, FABIO,
EP, 07, 2018070612,   , BEST, 0, 220N, 1305W,  57,  993, TS,   0, , 0, 0, 0, 0, 0, 0, 0, 0, 0, 0, 0, , 0, 0, FABIO,
EP, 07, 2018070618,   , BEST, 0, 227N, 1317W,  56,  993, TS,   0, , 0, 0, 0, 0, 0, 0, 0, 0, 0, 0, 0, , 0, 0, FABIO,
EP, 07, 2018070700,   , BEST, 0, 234N, 1326W,  55,  994, TS,   0, , 0, 0, 0, 0, 0, 0, 0, 0, 0, 0, 0, , 0, 0, FABIO,
EP, 07, 2018070706,   , BEST, 0, 242N, 1334W,  55,  995, TS,   0, , 0, 0, 0, 0, 0, 0, 0, 0, 0, 0, 0, , 0, 0, FABIO,
EP, 07, 2018070712,   , BEST, 0, 250N, 1340W,  54,  996, TS,   0, , 0, 0, 0, 0, 0, 0, 0, 0, 0, 0, 0, , 0, 0, FABIO,
EP, 07, 2018070718,   , BEST, 0, 255N, 1346W,  50,  996, TS,   0, , 0, 0, 0, 0, 0, 0, 0, 0, 0, 0, 0, , 0, 0, FABIO,
EP, 07, 2018070800,   , BEST, 0, 261N, 1352W,  48,  995, TS,   0, , 0, 0, 0, 0, 0, 0, 0, 0, 0, 0, 0, , 0, 0, FABIO,
EP, 07, 2018070806,   , BEST, 0, 265N, 1358W,  47,  995, TS,   0, , 0, 0, 0, 0, 0, 0, 0, 0, 0, 0, 0, , 0, 0, FABIO,
EP, 07, 2018070812,   , BEST, 0, 270N, 1364W,  44,  995, TS,   0, , 0, 0, 0, 0, 0, 0, 0, 0, 0, 0, 0, , 0, 0, FABIO,
EP, 07, 2018070818,   , BEST, 0, 273N, 1371W,  44,  995, TS,   0, , 0, 0, 0, 0, 0, 0, 0, 0, 0, 0, 0, , 0, 0, FABIO,
EP, 07, 2018070900,   , BEST, 0, 275N, 1379W,  43,  995, TS,   0, , 0, 0, 0, 0, 0, 0, 0, 0, 0, 0, 0, , 0, 0, FABIO,
EP, 07, 2018070906,   , BEST, 0, 278N, 1387W,  43,  995, TS,   0, , 0, 0, 0, 0, 0, 0, 0, 0, 0, 0, 0, , 0, 0, FABIO,
EP, 07, 2018070912,   , BEST, 0, 281N, 1394W,  42,  995, TS,   0, , 0, 0, 0, 0, 0, 0, 0, 0, 0, 0, 0, , 0, 0, FABIO,
EP, 07, 2018070918,   , BEST, 0, 285N, 1398W,  39,  996, TS,   0, , 0, 0, 0, 0, 0, 0, 0, 0, 0, 0, 0, , 0, 0, FABIO,
EP, 07, 2018071000,   , BEST, 0, 289N, 1401W,  34,  997, TS,   0, , 0, 0, 0, 0, 0, 0, 0, 0, 0, 0, 0, , 0, 0, FABIO,
EP, 07, 2018071006,   , BEST, 0, 293N, 1403W,  27,  998, TD,   0, , 0, 0, 0, 0, 0, 0, 0, 0, 0, 0, 0, , 0, 0, FABIO,
EP, 07, 2018071012,   , BEST, 0, 298N, 1404W,  22,  999, DB,   0, , 0, 0, 0, 0, 0, 0, 0, 0, 0, 0, 0, , 0, 0, FABIO,
EP, 07, 2018071018,   , BEST, 0, 304N, 1405W,  19,  999, DB,   0, , 0, 0, 0, 0, 0, 0, 0, 0, 0, 0, 0, , 0, 0, FABIO,
