EP, 93, 2018072918,   , CHP6, 0, 105N, 1055W,  15, 1012, DB,   0, , 0, 0, 0, 0, 0, 0, 0, 0, 0, 0, 0, , 0, 0, INVEST,
EP, 93, 2018073000,   , CHP6, 0, 107N, 1068W,  15, 1012, DB,   0, , 0, 0, 0, 0, 0, 0, 0, 0, 0, 0, 0, , 0, 0, INVEST,
EP, 93, 2018073006,   , CHP6, 0, 109N, 1081W,  20, 1010, DB,   0, , 0, 0, 0, 0, 0, 0, 0, 0, 0, 0, 0, , 0, 0, INVEST,
EP, 93, 2018073012,   , CHP6, 0, 112N, 1096W,  20, 1010, DB,   0, , 0, 0, 0, 0, 0, 0, 0, 0, 0, 0, 0, , 0, 0, INVEST,
EP, 10, 2018073018,   , CHP6, 0, 116N, 1110W,  25, 1008, TD,   0, , 0, 0, 0, 0, 0, 0, 0, 0, 0, 0, 0, , 0, 0, TEN,
EP, 10, 2018073100,   , CHP6, 0, 121N, 1124W,  30, 1006, TD,   0, , 0, 0, 0, 0, 0, 0, 0, 0, 0, 0, 0, , 0, 0, TEN,
EP, 10, 2018073106,   , CHP6, 0, 123N, 1138W,  34, 1004, TS,   0, , 0, 0, 0, 0, 0, 0, 0, 0, 0, 0, 0, , 0, 0, HECTOR,
EP, 10, 2018073112,   , CHP6, 0, 124N, 1150W,  35, 1004, TS,   0, , 0, 0, 0, 0, 0, 0, 0, 0, 0, 0, 0, , 0, 0, HECTOR,
EP, 10, 2018073118,   , CHP6, 0, 126N, 1163W,  35, 1004, TS,   0, , 0, 0, 0, 0, 0, 0, 0, 0, 0, 0, 0, , 0, 0, HECTOR,
EP, 10, 2018080100,   , CHP6, 0, 128N, 1176W,  35, 1002, TS,   0, , 0, 0, 0, 0, 0, 0, 0, 0, 0, 0, 0, , 0, 0, HECTOR,
EP, 10, 2018080106,   , CHP6, 0, 130N, 1187W,  40, 1001, TS,   0, , 0, 0, 0, 0, 0, 0, 0, 0, 0, 0, 0, , 0, 0, HECTOR,
EP, 10, 2018080112,   , CHP6, 0, 134N, 1196W,  40, 1000, TS,   0, , 0, 0, 0, 0, 0, 0, 0, 0, 0, 0, 0, , 0, 0, HECTOR,
EP, 10, 2018080118,   , CHP6, 0, 137N, 1205W,  41,  998, TS,   0, , 0, 0, 0, 0, 0, 0, 0, 0, 0, 0, 0, , 0, 0, HECTOR,
EP, 10, 2018080200,   , CHP6, 0, 139N, 1217W,  46,  996, TS,   0, , 0, 0, 0, 0, 0, 0, 0, 0, 0, 0, 0, , 0, 0, HECTOR,
EP, 10, 2018080206,   , CHP6, 0, 140N, 1228W,  52,  993, TS,   0, , 0, 0, 0, 0, 0, 0, 0, 0, 0, 0, 0, , 0, 0, HECTOR,
EP, 10, 2018080212,   , CHP6, 0, 141N, 1238W,  68,  984, HU,   0, , 0, 0, 0, 0, 0, 0, 0, 0, 0, 0, 0, , 0, 0, HECTOR,
EP, 10, 2018080218,   , CHP6, 0, 142N, 1251W,  86,  972, HU,   0, , 0, 0, 0, 0, 0, 0, 0, 0, 0, 0, 0, , 0, 0, HECTOR,
EP, 10, 2018080300,   , CHP6, 0, 143N, 1263W, 105,  956, HU,   0, , 0, 0, 0, 0, 0, 0, 0, 0, 0, 0, 0, , 0, 0, HECTOR,
EP, 10, 2018080306,   , CHP6, 0, 143N, 1275W, 129,  930, HU,   0, , 0, 0, 0, 0, 0, 0, 0, 0, 0, 0, 0, , 0, 0, HECTOR,
EP, 10, 2018080312,   , CHP6, 0, 142N, 1286W, 132,  926, HU,   0, , 0, 0, 0, 0, 0, 0, 0, 0, 0, 0, 0, , 0, 0, HECTOR,
EP, 10, 2018080318,   , CHP6, 0, 141N, 1297W, 118,  940, HU,   0, , 0, 0, 0, 0, 0, 0, 0, 0, 0, 0, 0, , 0, 0, HECTOR,
EP, 10, 2018080400,   , CHP6, 0, 140N, 1306W, 117,  942, HU,   0, , 0, 0, 0, 0, 0, 0, 0, 0, 0, 0, 0, , 0, 0, HECTOR,
EP, 10, 2018080406,   , CHP6, 0, 139N, 1315W, 121,  939, HU,   0, , 0, 0, 0, 0, 0, 0, 0, 0, 0, 0, 0, , 0, 0, HECTOR,
EP, 10, 2018080412,   , CHP6, 0, 139N, 1324W, 125,  935, HU,   0, , 0, 0, 0, 0, 0, 0, 0, 0, 0, 0, 0, , 0, 0, HECTOR,
EP, 10, 2018080418,   , CHP6, 0, 139N, 1334W, 133,  927, HU,   0, , 0, 0, 0, 0, 0, 0, 0, 0, 0, 0, 0, , 0, 0, HECTOR,
EP, 10, 2018080500,   , CHP6, 0, 140N, 1345W, 141,  919, HU,   0, , 0, 0, 0, 0, 0, 0, 0, 0, 0, 0, 0, , 0, 0, HECTOR,
EP, 10, 2018080506,   , CHP6, 0, 141N, 1356W, 145,  910, HU,   0, , 0, 0, 0, 0, 0, 0, 0, 0, 0, 0, 0, , 0, 0, HECTOR,
EP, 10, 2018080512,   , CHP6, 0, 142N, 1367W, 146,  912, HU,   0, , 0, 0, 0, 0, 0, 0, 0, 0, 0, 0, 0, , 0, 0, HECTOR,
EP, 10, 2018080518,   , CHP6, 0, 144N, 1379W, 143,  917, HU,   0, , 0, 0, 0, 0, 0, 0, 0, 0, 0, 0, 0, , 0, 0, HECTOR,
EP, 10, 2018080600,   , CHP6, 0, 146N, 1391W, 138,  921, HU,   0, , 0, 0, 0, 0, 0, 0, 0, 0, 0, 0, 0, , 0, 0, HECTOR,
EP, 10, 2018080606,   , CHP6, 0, 148N, 1404W, 137,  925, HU,   0, , 0, 0, 0, 0, 0, 0, 0, 0, 0, 0, 0, , 0, 0, HECTOR,
EP, 10, 2018080612,   , CHP6, 0, 150N, 1417W, 131,  927, HU,   0, , 0, 0, 0, 0, 0, 0, 0, 0, 0, 0, 0, , 0, 0, HECTOR,
EP, 10, 2018080618,   , CHP6, 0, 152N, 1430W, 130,  931, HU,   0, , 0, 0, 0, 0, 0, 0, 0, 0, 0, 0, 0, , 0, 0, HECTOR,
EP, 10, 2018080700,   , CHP6, 0, 155N, 1444W, 128,  934, HU,   0, , 0, 0, 0, 0, 0, 0, 0, 0, 0, 0, 0, , 0, 0, HECTOR,
EP, 10, 2018080706,   , CHP6, 0, 157N, 1458W, 129,  935, HU,   0, , 0, 0, 0, 0, 0, 0, 0, 0, 0, 0, 0, , 0, 0, HECTOR,
EP, 10, 2018080712,   , CHP6, 0, 159N, 1472W, 133,  930, HU,   0, , 0, 0, 0, 0, 0, 0, 0, 0, 0, 0, 0, , 0, 0, HECTOR,
EP, 10, 2018080718,   , CHP6, 0, 161N, 1486W, 134,  927, HU,   0, , 0, 0, 0, 0, 0, 0, 0, 0, 0, 0, 0, , 0, 0, HECTOR,
EP, 10, 2018080800,   , CHP6, 0, 164N, 1501W, 135,  926, HU,   0, , 0, 0, 0, 0, 0, 0, 0, 0, 0, 0, 0, , 0, 0, HECTOR,
EP, 10, 2018080806,   , CHP6, 0, 165N, 1516W, 137,  925, HU,   0, , 0, 0, 0, 0, 0, 0, 0, 0, 0, 0, 0, , 0, 0, HECTOR,
EP, 10, 2018080812,   , CHP6, 0, 166N, 1530W, 136,  928, HU,   0, , 0, 0, 0, 0, 0, 0, 0, 0, 0, 0, 0, , 0, 0, HECTOR,
EP, 10, 2018080818,   , CHP6, 0, 167N, 1545W, 129,  931, HU,   0, , 0, 0, 0, 0, 0, 0, 0, 0, 0, 0, 0, , 0, 0, HECTOR,
EP, 10, 2018080900,   , CHP6, 0, 168N, 1560W, 126,  933, HU,   0, , 0, 0, 0, 0, 0, 0, 0, 0, 0, 0, 0, , 0, 0, HECTOR,
EP, 10, 2018080906,   , CHP6, 0, 168N, 1576W, 129,  930, HU,   0, , 0, 0, 0, 0, 0, 0, 0, 0, 0, 0, 0, , 0, 0, HECTOR,
EP, 10, 2018080912,   , CHP6, 0, 167N, 1591W, 128,  931, HU,   0, , 0, 0, 0, 0, 0, 0, 0, 0, 0, 0, 0, , 0, 0, HECTOR,
EP, 10, 2018080918,   , CHP6, 0, 168N, 1605W, 127,  933, HU,   0, , 0, 0, 0, 0, 0, 0, 0, 0, 0, 0, 0, , 0, 0, HECTOR,
EP, 10, 2018081000,   , CHP6, 0, 169N, 1619W, 136,  923, HU,   0, , 0, 0, 0, 0, 0, 0, 0, 0, 0, 0, 0, , 0, 0, HECTOR,
EP, 10, 2018081006,   , CHP6, 0, 171N, 1632W, 143,  915, HU,   0, , 0, 0, 0, 0, 0, 0, 0, 0, 0, 0, 0, , 0, 0, HECTOR,
EP, 10, 2018081012,   , CHP6, 0, 173N, 1646W, 145,  915, HU,   0, , 0, 0, 0, 0, 0, 0, 0, 0, 0, 0, 0, , 0, 0, HECTOR,
EP, 10, 2018081018,   , CHP6, 0, 175N, 1660W, 146,  914, HU,   0, , 0, 0, 0, 0, 0, 0, 0, 0, 0, 0, 0, , 0, 0, HECTOR,
EP, 10, 2018081100,   , CHP6, 0, 177N, 1675W, 138,  919, HU,   0, , 0, 0, 0, 0, 0, 0, 0, 0, 0, 0, 0, , 0, 0, HECTOR,
EP, 10, 2018081106,   , CHP6, 0, 180N, 1690W, 132,  925, HU,   0, , 0, 0, 0, 0, 0, 0, 0, 0, 0, 0, 0, , 0, 0, HECTOR,
EP, 10, 2018081112,   , CHP6, 0, 183N, 1703W, 127,  931, HU,   0, , 0, 0, 0, 0, 0, 0, 0, 0, 0, 0, 0, , 0, 0, HECTOR,
EP, 10, 2018081118,   , CHP6, 0, 188N, 1715W, 121,  938, HU,   0, , 0, 0, 0, 0, 0, 0, 0, 0, 0, 0, 0, , 0, 0, HECTOR,
EP, 10, 2018081200,   , CHP6, 0, 194N, 1727W, 116,  944, HU,   0, , 0, 0, 0, 0, 0, 0, 0, 0, 0, 0, 0, , 0, 0, HECTOR,
EP, 10, 2018081206,   , CHP6, 0, 199N, 1738W, 111,  948, HU,   0, , 0, 0, 0, 0, 0, 0, 0, 0, 0, 0, 0, , 0, 0, HECTOR,
EP, 10, 2018081212,   , CHP6, 0, 204N, 1750W, 109,  951, HU,   0, , 0, 0, 0, 0, 0, 0, 0, 0, 0, 0, 0, , 0, 0, HECTOR,
EP, 10, 2018081218,   , CHP6, 0, 211N, 1762W, 107,  953, HU,   0, , 0, 0, 0, 0, 0, 0, 0, 0, 0, 0, 0, , 0, 0, HECTOR,
EP, 10, 2018081300,   , CHP6, 0, 219N, 1775W, 107,  953, HU,   0, , 0, 0, 0, 0, 0, 0, 0, 0, 0, 0, 0, , 0, 0, HECTOR,
EP, 10, 2018081306,   , CHP6, 0, 228N, 1787W, 108,  952, HU,   0, , 0, 0, 0, 0, 0, 0, 0, 0, 0, 0, 0, , 0, 0, HECTOR,
EP, 10, 2018081312,   , CHP6, 0, 237N, 1799W, 109,  951, HU,   0, , 0, 0, 0, 0, 0, 0, 0, 0, 0, 0, 0, , 0, 0, HECTOR,
EP, 10, 2018081318,   , CHP6, 0, 247N, 1790E, 107,  953, TY,   0, , 0, 0, 0, 0, 0, 0, 0, 0, 0, 0, 0, , 0, 0, HECTOR,
EP, 10, 2018081400,   , CHP6, 0, 257N, 1779E,  94,  966, TY,   0, , 0, 0, 0, 0, 0, 0, 0, 0, 0, 0, 0, , 0, 0, HECTOR,
EP, 10, 2018081406,   , CHP6, 0, 266N, 1764E,  95,  964, TY,   0, , 0, 0, 0, 0, 0, 0, 0, 0, 0, 0, 0, , 0, 0, HECTOR,
EP, 10, 2018081412,   , CHP6, 0, 271N, 1749E,  96,  963, TY,   0, , 0, 0, 0, 0, 0, 0, 0, 0, 0, 0, 0, , 0, 0, HECTOR,
EP, 10, 2018081418,   , CHP6, 0, 276N, 1734E,  95,  964, TY,   0, , 0, 0, 0, 0, 0, 0, 0, 0, 0, 0, 0, , 0, 0, HECTOR,
EP, 10, 2018081500,   , CHP6, 0, 282N, 1719E,  96,  964, TY,   0, , 0, 0, 0, 0, 0, 0, 0, 0, 0, 0, 0, , 0, 0, HECTOR,
EP, 10, 2018081506,   , CHP6, 0, 289N, 1705E,  97,  963, TY,   0, , 0, 0, 0, 0, 0, 0, 0, 0, 0, 0, 0, , 0, 0, HECTOR,
EP, 10, 2018081512,   , CHP6, 0, 296N, 1691E, 101,  960, TY,   0, , 0, 0, 0, 0, 0, 0, 0, 0, 0, 0, 0, , 0, 0, HECTOR,
EP, 10, 2018081518,   , CHP6, 0, 303N, 1676E, 103,  957, TY,   0, , 0, 0, 0, 0, 0, 0, 0, 0, 0, 0, 0, , 0, 0, HECTOR,
EP, 10, 2018081600,   , CHP6, 0, 311N, 1665E, 103,  957, TY,   0, , 0, 0, 0, 0, 0, 0, 0, 0, 0, 0, 0, , 0, 0, HECTOR,
EP, 10, 2018081606,   , CHP6, 0, 322N, 1654E,  98,  962, TY,   0, , 0, 0, 0, 0, 0, 0, 0, 0, 0, 0, 0, , 0, 0, HECTOR,
EP, 10, 2018081612,   , CHP6, 0, 334N, 1645E,  93,  966, TY,   0, , 0, 0, 0, 0, 0, 0, 0, 0, 0, 0, 0, , 0, 0, HECTOR,
EP, 10, 2018081618,   , CHP6, 0, 347N, 1638E,  79,  977, TY,   0, , 0, 0, 0, 0, 0, 0, 0, 0, 0, 0, 0, , 0, 0, HECTOR,
EP, 10, 2018081700,   , CHP6, 0, 360N, 1631E,  61,  986, TS,   0, , 0, 0, 0, 0, 0, 0, 0, 0, 0, 0, 0, , 0, 0, HECTOR,
EP, 10, 2018081706,   , CHP6, 0, 373N, 1624E,  52,  990, TS,   0, , 0, 0, 0, 0, 0, 0, 0, 0, 0, 0, 0, , 0, 0, HECTOR,
EP, 10, 2018081712,   , CHP6, 0, 383N, 1622E,  43,  995, TS,   0, , 0, 0, 0, 0, 0, 0, 0, 0, 0, 0, 0, , 0, 0, HECTOR,
EP, 10, 2018081718,   , CHP6, 0, 393N, 1625E,  40,  977, TS,   0, , 0, 0, 0, 0, 0, 0, 0, 0, 0, 0, 0, , 0, 0, HECTOR,
EP, 10, 2018081800,   , CHP6, 0, 406N, 1633E,  38,  999, TS,   0, , 0, 0, 0, 0, 0, 0, 0, 0, 0, 0, 0, , 0, 0, HECTOR,
EP, 10, 2018081806,   , CHP6, 0, 421N, 1642E,  38,  999, TS,   0, , 0, 0, 0, 0, 0, 0, 0, 0, 0, 0, 0, , 0, 0, HECTOR,
EP, 10, 2018081812,   , CHP6, 0, 435N, 1653E,  37,  999, TS,   0, , 0, 0, 0, 0, 0, 0, 0, 0, 0, 0, 0, , 0, 0, HECTOR,
EP, 10, 2018081818,   , CHP6, 0, 448N, 1665E,  36,  999, EX,   0, , 0, 0, 0, 0, 0, 0, 0, 0, 0, 0, 0, , 0, 0, HECTOR,
EP, 10, 2018081900,   , CHP6, 0, 455N, 1678E,  35,  999, EX,   0, , 0, 0, 0, 0, 0, 0, 0, 0, 0, 0, 0, , 0, 0, HECTOR,
