IO, 95, 2025112106,   , BEST,   0,  57N,  982E,  20, 1010, DB,   0, , 0, 0, 0, 0, 0, 0, 0, 0, 0, 0, 0, , 0, 0, INVEST,
IO, 95, 2025112112,   , BEST,   0,  56N,  985E,  20, 1008, DB,   0, , 0, 0, 0, 0, 0, 0, 0, 0, 0, 0, 0, , 0, 0, INVEST,
IO, 95, 2025112118,   , BEST,   0,  54N,  988E,  20, 1007, DB,   0, , 0, 0, 0, 0, 0, 0, 0, 0, 0, 0, 0, , 0, 0, INVEST,
IO, 95, 2025112200,   , BEST,   0,  51N,  991E,  20, 1005, DB,   0, , 0, 0, 0, 0, 0, 0, 0, 0, 0, 0, 0, , 0, 0, INVEST,
IO, 95, 2025112206,   , BEST,   0,  48N,  994E,  25, 1004, TD,   0, , 0, 0, 0, 0, 0, 0, 0, 0, 0, 0, 0, , 0, 0, INVEST,
IO, 95, 2025112212,   , BEST,   0,  46N,  998E,  30, 1003, TD,   0, , 0, 0, 0, 0, 0, 0, 0, 0, 0, 0, 0, , 0, 0, INVEST,
IO, 95, 2025112218,   , BEST,   0,  44N, 1001E,  30, 1003, TD,   0, , 0, 0, 0, 0, 0, 0, 0, 0, 0, 0, 0, , 0, 0, INVEST,
IO, 95, 2025112300,   , BEST,   0,  43N, 1003E,  30, 1005, TD,   0, , 0, 0, 0, 0, 0, 0, 0, 0, 0, 0, 0, , 0, 0, INVEST,
IO, 95, 2025112306,   , BEST,   0,  43N, 1005E,  30, 1005, TD,   0, , 0, 0, 0, 0, 0, 0, 0, 0, 0, 0, 0, , 0, 0, INVEST,
IO, 95, 2025112312,   , BEST,   0,  45N, 1006E,  30, 1005, TD,   0, , 0, 0, 0, 0, 0, 0, 0, 0, 0, 0, 0, , 0, 0, INVEST,
IO, 95, 2025112318,   , BEST,   0,  47N, 1004E,  30, 1006, TD,   0, , 0, 0, 0, 0, 0, 0, 0, 0, 0, 0, 0, , 0, 0, INVEST,
IO, 95, 2025112400,   , BEST,   0,  46N, 1002E,  30, 1006, TD,   0, , 0, 0, 0, 0, 0, 0, 0, 0, 0, 0, 0, , 0, 0, INVEST,
IO, 95, 2025112406,   , BEST,   0,  46N, 1000E,  30, 1006, TD,   0, , 0, 0, 0, 0, 0, 0, 0, 0, 0, 0, 0, , 0, 0, INVEST,
IO, 95, 2025112412,   , BEST,   0,  45N,  999E,  35, 1004, TS,   0, , 0, 0, 0, 0, 0, 0, 0, 0, 0, 0, 0, , 0, 0, INVEST,
IO, 95, 2025112418,   , BEST,   0,  43N,  997E,  35, 1004, TS,   0, , 0, 0, 0, 0, 0, 0, 0, 0, 0, 0, 0, , 0, 0, INVEST,
IO, 95, 2025112500,   , BEST,   0,  43N,  995E,  40, 1000, TS,   0, , 0, 0, 0, 0, 0, 0, 0, 0, 0, 0, 0, , 0, 0, INVEST,
IO, 95, 2025112506,   , BEST,   0,  45N,  993E,  50, 1000, TS,   0, , 0, 0, 0, 0, 0, 0, 0, 0, 0, 0, 0, , 0, 0, INVEST,
IO, 04, 2025112512,   , BEST,   0,  47N,  989E,  50,  997, TS,   0, , 0, 0, 0, 0, 0, 0, 0, 0, 0, 0, 0, , 0, 0, FOUR,TRANSITIONED, ioB52025 to io042025, 
IO, 04, 2025112518,   , BEST,   0,  48N,  984E,  45,  996, TS,   0, , 0, 0, 0, 0, 0, 0, 0, 0, 0, 0, 0, , 0, 0, FOUR,
IO, 04, 2025112600,   , BEST,   0,  46N,  981E,  40,  997, TS,   0, , 0, 0, 0, 0, 0, 0, 0, 0, 0, 0, 0, , 0, 0, FOUR,
IO, 04, 2025112606,   , BEST,   0,  42N,  982E,  35,  999, TS,   0, , 0, 0, 0, 0, 0, 0, 0, 0, 0, 0, 0, , 0, 0, SENYAR,
IO, 04, 2025112612,   , BEST,   0,  38N,  986E,  30, 1003, TD,   0, , 0, 0, 0, 0, 0, 0, 0, 0, 0, 0, 0, , 0, 0, SENYAR,
IO, 04, 2025112618,   , BEST,   0,  35N,  993E,  30, 1003, TD,   0, , 0, 0, 0, 0, 0, 0, 0, 0, 0, 0, 0, , 0, 0, SENYAR,
IO, 04, 2025112700,   , BEST,   0,  33N,  999E,  25, 1005, TD,   0, , 0, 0, 0, 0, 0, 0, 0, 0, 0, 0, 0, , 0, 0, SENYAR,
IO, 04, 2025112706,   , BEST,   0,  30N, 1004E,  25, 1005, TD,   0, , 0, 0, 0, 0, 0, 0, 0, 0, 0, 0, 0, , 0, 0, SENYAR,
IO, 04, 2025112712,   , BEST,   0,  26N, 1009E,  30, 1005, TD,   0, , 0, 0, 0, 0, 0, 0, 0, 0, 0, 0, 0, , 0, 0, SENYAR,
IO, 04, 2025112718,   , BEST,   0,  26N, 1018E,  30, 1005, TD,   0, , 0, 0, 0, 0, 0, 0, 0, 0, 0, 0, 0, , 0, 0, SENYAR,
IO, 04, 2025112800,   , BEST,   0,  31N, 1026E,  25, 1005, TD,   0, , 0, 0, 0, 0, 0, 0, 0, 0, 0, 0, 0, , 0, 0, SENYAR,
IO, 04, 2025112806,   , BEST,   0,  37N, 1035E,  30, 1005, TD,   0, , 0, 0, 0, 0, 0, 0, 0, 0, 0, 0, 0, , 0, 0, SENYAR,
IO, 04, 2025112812,   , BEST,   0,  41N, 1043E,  35, 1005, TS,   0, , 0, 0, 0, 0, 0, 0, 0, 0, 0, 0, 0, , 0, 0, SENYAR,
IO, 04, 2025112818,   , BEST,   0,  46N, 1049E,  35, 1003, TS,   0, , 0, 0, 0, 0, 0, 0, 0, 0, 0, 0, 0, , 0, 0, SENYAR,
IO, 04, 2025112900,   , BEST,   0,  52N, 1055E,  35, 1003, TS,   0, , 0, 0, 0, 0, 0, 0, 0, 0, 0, 0, 0, , 0, 0, SENYAR,
IO, 04, 2025112906,   , BEST,   0,  55N, 1064E,  35, 1003, TS,   0, , 0, 0, 0, 0, 0, 0, 0, 0, 0, 0, 0, , 0, 0, SENYAR,
IO, 04, 2025112912,   , BEST,   0,  57N, 1074E,  35, 1004, TS,   0, , 0, 0, 0, 0, 0, 0, 0, 0, 0, 0, 0, , 0, 0, SENYAR,
IO, 04, 2025112918,   , BEST,   0,  60N, 1084E,  30, 1006, TD,   0, , 0, 0, 0, 0, 0, 0, 0, 0, 0, 0, 0, , 0, 0, SENYAR,
IO, 04, 2025113000,   , BEST,   0,  64N, 1089E,  25, 1005, TD,   0, , 0, 0, 0, 0, 0, 0, 0, 0, 0, 0, 0, , 0, 0, SENYAR,
IO, 04, 2025113006,   , BEST,   0,  72N, 1093E,  25, 1005, TD,   0, , 0, 0, 0, 0, 0, 0, 0, 0, 0, 0, 0, , 0, 0, SENYAR,
IO, 04, 2025113012,   , BEST,   0,  81N, 1099E,  20, 1008, DB,   0, , 0, 0, 0, 0, 0, 0, 0, 0, 0, 0, 0, , 0, 0, SENYAR,
IO, 04, 2025113018,   , BEST,   0,  87N, 1106E,  15, 1008, DB,   0, , 0, 0, 0, 0, 0, 0, 0, 0, 0, 0, 0, , 0, 0, SENYAR,
IO, 04, 2025120100,   , BEST,   0,  90N, 1111E,  15, 1008, DB,   0, , 0, 0, 0, 0, 0, 0, 0, 0, 0, 0, 0, , 0, 0, SENYAR,
IO, 04, 2025120106,   , BEST,   0,  94N, 1118E,  15, 1008, DB,   0, , 0, 0, 0, 0, 0, 0, 0, 0, 0, 0, 0, , 0, 0, SENYAR,
IO, 04, 2025120112,   , BEST,   0,  97N, 1125E,  15, 1008, DB,   0, , 0, 0, 0, 0, 0, 0, 0, 0, 0, 0, 0, , 0, 0, SENYAR,
Analyzed by 223
