AL, 93, 2016091218,   , CHP6, 0, 260N,  795W,  20, 1010, DB,   0, , 0, 0, 0, 0, 0, 0, 0, 0, 0, 0, 0, , 0, 0, INVEST,
AL, 93, 2016091300,   , CHP6, 0, 266N,  798W,  20, 1010, DB,   0, , 0, 0, 0, 0, 0, 0, 0, 0, 0, 0, 0, , 0, 0, INVEST,
AL, 11, 2016091306,   , CHP6, 0, 273N,  802W,  30, 1010, TD,   0, , 0, 0, 0, 0, 0, 0, 0, 0, 0, 0, 0, , 0, 0, ELEVEN,
AL, 11, 2016091312,   , CHP6, 0, 280N,  807W,  35, 1010, TS,   0, , 0, 0, 0, 0, 0, 0, 0, 0, 0, 0, 0, , 0, 0, JULIA,
AL, 11, 2016091318,   , CHP6, 0, 290N,  812W,  45, 1010, TS,   0, , 0, 0, 0, 0, 0, 0, 0, 0, 0, 0, 0, , 0, 0, JULIA,
AL, 11, 2016091400,   , CHP6, 0, 298N,  815W,  45, 1010, TS,   0, , 0, 0, 0, 0, 0, 0, 0, 0, 0, 0, 0, , 0, 0, JULIA,
AL, 11, 2016091406,   , CHP6, 0, 305N,  817W,  24, 1001, TS,   0, , 0, 0, 0, 0, 0, 0, 0, 0, 0, 0, 0, , 0, 0, JULIA,
AL, 11, 2016091412,   , CHP6, 0, 311N,  816W,  32,  999, TS,   0, , 0, 0, 0, 0, 0, 0, 0, 0, 0, 0, 0, , 0, 0, JULIA,
AL, 11, 2016091418,   , CHP6, 0, 316N,  812W,  39,  997, TS,   0, , 0, 0, 0, 0, 0, 0, 0, 0, 0, 0, 0, , 0, 0, JULIA,
AL, 11, 2016091500,   , CHP6, 0, 320N,  806W,  40,  996, TS,   0, , 0, 0, 0, 0, 0, 0, 0, 0, 0, 0, 0, , 0, 0, JULIA,
AL, 11, 2016091506,   , CHP6, 0, 321N,  799W,  42,  995, TS,   0, , 0, 0, 0, 0, 0, 0, 0, 0, 0, 0, 0, , 0, 0, JULIA,
AL, 11, 2016091512,   , CHP6, 0, 322N,  791W,  43,  994, TS,   0, , 0, 0, 0, 0, 0, 0, 0, 0, 0, 0, 0, , 0, 0, JULIA,
AL, 11, 2016091518,   , CHP6, 0, 322N,  782W,  44,  994, TS,   0, , 0, 0, 0, 0, 0, 0, 0, 0, 0, 0, 0, , 0, 0, JULIA,
AL, 11, 2016091600,   , CHP6, 0, 321N,  772W,  47,  992, TS,   0, , 0, 0, 0, 0, 0, 0, 0, 0, 0, 0, 0, , 0, 0, JULIA,
AL, 11, 2016091606,   , CHP6, 0, 321N,  763W,  53,  989, TS,   0, , 0, 0, 0, 0, 0, 0, 0, 0, 0, 0, 0, , 0, 0, JULIA,
AL, 11, 2016091612,   , CHP6, 0, 320N,  755W,  60,  985, TS,   0, , 0, 0, 0, 0, 0, 0, 0, 0, 0, 0, 0, , 0, 0, JULIA,
AL, 11, 2016091618,   , CHP6, 0, 319N,  750W,  65,  982, HU,   0, , 0, 0, 0, 0, 0, 0, 0, 0, 0, 0, 0, , 0, 0, JULIA,
AL, 11, 2016091700,   , CHP6, 0, 317N,  748W,  69,  979, HU,   0, , 0, 0, 0, 0, 0, 0, 0, 0, 0, 0, 0, , 0, 0, JULIA,
AL, 11, 2016091706,   , CHP6, 0, 315N,  749W,  71,  978, HU,   0, , 0, 0, 0, 0, 0, 0, 0, 0, 0, 0, 0, , 0, 0, JULIA,
AL, 11, 2016091712,   , CHP6, 0, 312N,  751W,  70,  978, HU,   0, , 0, 0, 0, 0, 0, 0, 0, 0, 0, 0, 0, , 0, 0, JULIA,
AL, 11, 2016091718,   , CHP6, 0, 310N,  754W,  67,  980, HU,   0, , 0, 0, 0, 0, 0, 0, 0, 0, 0, 0, 0, , 0, 0, JULIA,
AL, 11, 2016091800,   , CHP6, 0, 309N,  759W,  64,  982, HU,   0, , 0, 0, 0, 0, 0, 0, 0, 0, 0, 0, 0, , 0, 0, JULIA,
AL, 11, 2016091806,   , CHP6, 0, 311N,  764W,  66,  983, HU,   0, , 0, 0, 0, 0, 0, 0, 0, 0, 0, 0, 0, , 0, 0, JULIA,
AL, 11, 2016091812,   , CHP6, 0, 313N,  767W,  71,  979, HU,   0, , 0, 0, 0, 0, 0, 0, 0, 0, 0, 0, 0, , 0, 0, JULIA,
AL, 11, 2016091818,   , CHP6, 0, 315N,  768W,  74,  977, HU,   0, , 0, 0, 0, 0, 0, 0, 0, 0, 0, 0, 0, , 0, 0, JULIA,
AL, 11, 2016091900,   , CHP6, 0, 318N,  768W,  77,  974, HU,   0, , 0, 0, 0, 0, 0, 0, 0, 0, 0, 0, 0, , 0, 0, JULIA,
AL, 11, 2016091906,   , CHP6, 0, 322N,  767W,  81,  971, HU,   0, , 0, 0, 0, 0, 0, 0, 0, 0, 0, 0, 0, , 0, 0, JULIA,
AL, 11, 2016091912,   , CHP6, 0, 326N,  766W,  85,  967, HU,   0, , 0, 0, 0, 0, 0, 0, 0, 0, 0, 0, 0, , 0, 0, JULIA,
AL, 11, 2016091918,   , CHP6, 0, 329N,  764W,  91,  962, HU,   0, , 0, 0, 0, 0, 0, 0, 0, 0, 0, 0, 0, , 0, 0, JULIA,
AL, 11, 2016092000,   , CHP6, 0, 331N,  762W,  98,  956, HU,   0, , 0, 0, 0, 0, 0, 0, 0, 0, 0, 0, 0, , 0, 0, JULIA,
AL, 11, 2016092006,   , CHP6, 0, 332N,  759W, 102,  952, HU,   0, , 0, 0, 0, 0, 0, 0, 0, 0, 0, 0, 0, , 0, 0, JULIA,
AL, 11, 2016092012,   , CHP6, 0, 333N,  757W,  95,  958, HU,   0, , 0, 0, 0, 0, 0, 0, 0, 0, 0, 0, 0, , 0, 0, JULIA,
AL, 11, 2016092018,   , CHP6, 0, 335N,  754W,  84,  968, HU,   0, , 0, 0, 0, 0, 0, 0, 0, 0, 0, 0, 0, , 0, 0, JULIA,
AL, 11, 2016092100,   , CHP6, 0, 336N,  750W,  72,  976, HU,   0, , 0, 0, 0, 0, 0, 0, 0, 0, 0, 0, 0, , 0, 0, JULIA,
AL, 11, 2016092106,   , CHP6, 0, 337N,  745W,  58,  982, TS,   0, , 0, 0, 0, 0, 0, 0, 0, 0, 0, 0, 0, , 0, 0, JULIA,
AL, 11, 2016092112,   , CHP6, 0, 338N,  740W,  45,  992, TS,   0, , 0, 0, 0, 0, 0, 0, 0, 0, 0, 0, 0, , 0, 0, JULIA,
AL, 11, 2016092118,   , CHP6, 0, 339N,  734W,  37,  995, TS,   0, , 0, 0, 0, 0, 0, 0, 0, 0, 0, 0, 0, , 0, 0, JULIA,
AL, 11, 2016092200,   , CHP6, 0, 340N,  727W,  27,  997, EX,   0, , 0, 0, 0, 0, 0, 0, 0, 0, 0, 0, 0, , 0, 0, JULIA,
AL, 11, 2016092206,   , CHP6, 0, 340N,  720W,  22,  999, EX,   0, , 0, 0, 0, 0, 0, 0, 0, 0, 0, 0, 0, , 0, 0, JULIA,
