AL, 96, 2016091906,   , CHP6, 0, 132N,  267W,  20, 1008, DB,   0, , 0, 0, 0, 0, 0, 0, 0, 0, 0, 0, 0, , 0, 0, INVEST,
AL, 96, 2016091912,   , CHP6, 0, 134N,  273W,  20, 1007, DB,   0, , 0, 0, 0, 0, 0, 0, 0, 0, 0, 0, 0, , 0, 0, INVEST,
AL, 13, 2016091918,   , CHP6, 0, 136N,  278W,  30, 1007, TD,   0, , 0, 0, 0, 0, 0, 0, 0, 0, 0, 0, 0, , 0, 0, THIRTEEN,
AL, 13, 2016092000,   , CHP6, 0, 139N,  284W,  30, 1007, TD,   0, , 0, 0, 0, 0, 0, 0, 0, 0, 0, 0, 0, , 0, 0, THIRTEEN,
AL, 13, 2016092006,   , CHP6, 0, 144N,  293W,  30, 1007, TD,   0, , 0, 0, 0, 0, 0, 0, 0, 0, 0, 0, 0, , 0, 0, THIRTEEN,
AL, 13, 2016092012,   , CHP6, 0, 151N,  300W,  35, 1006, TS,   0, , 0, 0, 0, 0, 0, 0, 0, 0, 0, 0, 0, , 0, 0, LISA,
AL, 13, 2016092018,   , CHP6, 0, 160N,  307W,  40, 1004, TS,   0, , 0, 0, 0, 0, 0, 0, 0, 0, 0, 0, 0, , 0, 0, LISA,
AL, 13, 2016092100,   , CHP6, 0, 166N,  313W,  48,  994, TS,   0, , 0, 0, 0, 0, 0, 0, 0, 0, 0, 0, 0, , 0, 0, LISA,
AL, 13, 2016092106,   , CHP6, 0, 172N,  321W,  51,  993, TS,   0, , 0, 0, 0, 0, 0, 0, 0, 0, 0, 0, 0, , 0, 0, LISA,
AL, 13, 2016092112,   , CHP6, 0, 176N,  328W,  46,  994, TS,   0, , 0, 0, 0, 0, 0, 0, 0, 0, 0, 0, 0, , 0, 0, LISA,
AL, 13, 2016092118,   , CHP6, 0, 181N,  336W,  47,  994, TS,   0, , 0, 0, 0, 0, 0, 0, 0, 0, 0, 0, 0, , 0, 0, LISA,
AL, 13, 2016092200,   , CHP6, 0, 185N,  343W,  49,  994, TS,   0, , 0, 0, 0, 0, 0, 0, 0, 0, 0, 0, 0, , 0, 0, LISA,
AL, 13, 2016092206,   , CHP6, 0, 190N,  350W,  53,  993, TS,   0, , 0, 0, 0, 0, 0, 0, 0, 0, 0, 0, 0, , 0, 0, LISA,
AL, 13, 2016092212,   , CHP6, 0, 195N,  357W,  56,  991, TS,   0, , 0, 0, 0, 0, 0, 0, 0, 0, 0, 0, 0, , 0, 0, LISA,
AL, 13, 2016092218,   , CHP6, 0, 200N,  365W,  56,  990, TS,   0, , 0, 0, 0, 0, 0, 0, 0, 0, 0, 0, 0, , 0, 0, LISA,
AL, 13, 2016092300,   , CHP6, 0, 207N,  372W,  56,  990, TS,   0, , 0, 0, 0, 0, 0, 0, 0, 0, 0, 0, 0, , 0, 0, LISA,
AL, 13, 2016092306,   , CHP6, 0, 213N,  378W,  56,  990, TS,   0, , 0, 0, 0, 0, 0, 0, 0, 0, 0, 0, 0, , 0, 0, LISA,
AL, 13, 2016092312,   , CHP6, 0, 220N,  385W,  55,  990, TS,   0, , 0, 0, 0, 0, 0, 0, 0, 0, 0, 0, 0, , 0, 0, LISA,
AL, 13, 2016092318,   , CHP6, 0, 227N,  392W,  55,  990, TS,   0, , 0, 0, 0, 0, 0, 0, 0, 0, 0, 0, 0, , 0, 0, LISA,
AL, 13, 2016092400,   , CHP6, 0, 233N,  399W,  54,  991, TS,   0, , 0, 0, 0, 0, 0, 0, 0, 0, 0, 0, 0, , 0, 0, LISA,
AL, 13, 2016092406,   , CHP6, 0, 239N,  406W,  53,  991, TS,   0, , 0, 0, 0, 0, 0, 0, 0, 0, 0, 0, 0, , 0, 0, LISA,
AL, 13, 2016092412,   , CHP6, 0, 246N,  412W,  52,  992, TS,   0, , 0, 0, 0, 0, 0, 0, 0, 0, 0, 0, 0, , 0, 0, LISA,
AL, 13, 2016092418,   , CHP6, 0, 252N,  417W,  51,  992, TS,   0, , 0, 0, 0, 0, 0, 0, 0, 0, 0, 0, 0, , 0, 0, LISA,
AL, 13, 2016092500,   , CHP6, 0, 262N,  420W,  51,  992, TS,   0, , 0, 0, 0, 0, 0, 0, 0, 0, 0, 0, 0, , 0, 0, LISA,
AL, 13, 2016092506,   , CHP6, 0, 272N,  418W,  50,  992, TS,   0, , 0, 0, 0, 0, 0, 0, 0, 0, 0, 0, 0, , 0, 0, LISA,
AL, 13, 2016092512,   , CHP6, 0, 282N,  413W,  50,  992, TS,   0, , 0, 0, 0, 0, 0, 0, 0, 0, 0, 0, 0, , 0, 0, LISA,
AL, 13, 2016092518,   , CHP6, 0, 292N,  407W,  50,  992, TS,   0, , 0, 0, 0, 0, 0, 0, 0, 0, 0, 0, 0, , 0, 0, LISA,
AL, 13, 2016092600,   , CHP6, 0, 307N,  401W,  50,  995, TS,   0, , 0, 0, 0, 0, 0, 0, 0, 0, 0, 0, 0, , 0, 0, LISA,
AL, 13, 2016092606,   , CHP6, 0, 318N,  394W,  52,  994, TS,   0, , 0, 0, 0, 0, 0, 0, 0, 0, 0, 0, 0, , 0, 0, LISA,
AL, 13, 2016092612,   , CHP6, 0, 329N,  386W,  54,  994, TS,   0, , 0, 0, 0, 0, 0, 0, 0, 0, 0, 0, 0, , 0, 0, LISA,
AL, 13, 2016092618,   , CHP6, 0, 341N,  378W,  57,  993, TS,   0, , 0, 0, 0, 0, 0, 0, 0, 0, 0, 0, 0, , 0, 0, LISA,
AL, 13, 2016092700,   , CHP6, 0, 363N,  358W,  59,  992, TS,   0, , 0, 0, 0, 0, 0, 0, 0, 0, 0, 0, 0, , 0, 0, LISA,
AL, 13, 2016092706,   , CHP6, 0, 384N,  338W,  59,  992, TS,   0, , 0, 0, 0, 0, 0, 0, 0, 0, 0, 0, 0, , 0, 0, LISA,
AL, 13, 2016092712,   , CHP6, 0, 405N,  318W,  57,  993, TS,   0, , 0, 0, 0, 0, 0, 0, 0, 0, 0, 0, 0, , 0, 0, LISA,
AL, 13, 2016092718,   , CHP6, 0, 426N,  298W,  51,  995, TS,   0, , 0, 0, 0, 0, 0, 0, 0, 0, 0, 0, 0, , 0, 0, LISA,
AL, 13, 2016092800,   , CHP6, 0, 447N,  277W,  43,  995, TS,   0, , 0, 0, 0, 0, 0, 0, 0, 0, 0, 0, 0, , 0, 0, LISA,
AL, 13, 2016092806,   , CHP6, 0, 468N,  256W,  32,  994, EX,   0, , 0, 0, 0, 0, 0, 0, 0, 0, 0, 0, 0, , 0, 0, LISA,
AL, 13, 2016092812,   , CHP6, 0, 489N,  234W,  24,  994, EX,   0, , 0, 0, 0, 0, 0, 0, 0, 0, 0, 0, 0, , 0, 0, LISA,
