AL, 98, 2016100312,   , CHP6, 0, 228N,  580W,  20, 1009, DB,   0, , 0, 0, 0, 0, 0, 0, 0, 0, 0, 0, 0, , 0, 0, INVEST,
AL, 98, 2016100318,   , CHP6, 0, 229N,  586W,  20, 1009, DB,   0, , 0, 0, 0, 0, 0, 0, 0, 0, 0, 0, 0, , 0, 0, INVEST,
AL, 15, 2016100400,   , CHP6, 0, 230N,  592W,  30, 1008, TD,   0, , 0, 0, 0, 0, 0, 0, 0, 0, 0, 0, 0, , 0, 0, FIFTEEN,
AL, 15, 2016100406,   , CHP6, 0, 232N,  598W,  35, 1007, TS,   0, , 0, 0, 0, 0, 0, 0, 0, 0, 0, 0, 0, , 0, 0, NICOLE,
AL, 15, 2016100412,   , CHP6, 0, 235N,  603W,  40, 1005, TS,   0, , 0, 0, 0, 0, 0, 0, 0, 0, 0, 0, 0, , 0, 0, NICOLE,
AL, 15, 2016100418,   , CHP6, 0, 239N,  608W,  48,  994, TS,   0, , 0, 0, 0, 0, 0, 0, 0, 0, 0, 0, 0, , 0, 0, NICOLE,
AL, 15, 2016100500,   , CHP6, 0, 242N,  613W,  53,  993, TS,   0, , 0, 0, 0, 0, 0, 0, 0, 0, 0, 0, 0, , 0, 0, NICOLE,
AL, 15, 2016100506,   , CHP6, 0, 246N,  619W,  56,  992, TS,   0, , 0, 0, 0, 0, 0, 0, 0, 0, 0, 0, 0, , 0, 0, NICOLE,
AL, 15, 2016100512,   , CHP6, 0, 249N,  625W,  58,  994, TS,   0, , 0, 0, 0, 0, 0, 0, 0, 0, 0, 0, 0, , 0, 0, NICOLE,
AL, 15, 2016100518,   , CHP6, 0, 253N,  631W,  59,  994, TS,   0, , 0, 0, 0, 0, 0, 0, 0, 0, 0, 0, 0, , 0, 0, NICOLE,
AL, 15, 2016100600,   , CHP6, 0, 256N,  638W,  61,  991, TS,   0, , 0, 0, 0, 0, 0, 0, 0, 0, 0, 0, 0, , 0, 0, NICOLE,
AL, 15, 2016100606,   , CHP6, 0, 258N,  643W,  69,  980, HU,   0, , 0, 0, 0, 0, 0, 0, 0, 0, 0, 0, 0, , 0, 0, NICOLE,
AL, 15, 2016100612,   , CHP6, 0, 257N,  648W,  72,  978, HU,   0, , 0, 0, 0, 0, 0, 0, 0, 0, 0, 0, 0, , 0, 0, NICOLE,
AL, 15, 2016100618,   , CHP6, 0, 255N,  652W,  81,  970, HU,   0, , 0, 0, 0, 0, 0, 0, 0, 0, 0, 0, 0, , 0, 0, NICOLE,
AL, 15, 2016100700,   , CHP6, 0, 253N,  656W,  83,  968, HU,   0, , 0, 0, 0, 0, 0, 0, 0, 0, 0, 0, 0, , 0, 0, NICOLE,
AL, 15, 2016100706,   , CHP6, 0, 251N,  659W,  80,  969, HU,   0, , 0, 0, 0, 0, 0, 0, 0, 0, 0, 0, 0, , 0, 0, NICOLE,
AL, 15, 2016100712,   , CHP6, 0, 249N,  660W,  76,  971, HU,   0, , 0, 0, 0, 0, 0, 0, 0, 0, 0, 0, 0, , 0, 0, NICOLE,
AL, 15, 2016100718,   , CHP6, 0, 247N,  660W,  74,  976, HU,   0, , 0, 0, 0, 0, 0, 0, 0, 0, 0, 0, 0, , 0, 0, NICOLE,
AL, 15, 2016100800,   , CHP6, 0, 245N,  659W,  74,  976, HU,   0, , 0, 0, 0, 0, 0, 0, 0, 0, 0, 0, 0, , 0, 0, NICOLE,
AL, 15, 2016100806,   , CHP6, 0, 243N,  658W,  73,  977, HU,   0, , 0, 0, 0, 0, 0, 0, 0, 0, 0, 0, 0, , 0, 0, NICOLE,
AL, 15, 2016100812,   , CHP6, 0, 241N,  656W,  70,  979, HU,   0, , 0, 0, 0, 0, 0, 0, 0, 0, 0, 0, 0, , 0, 0, NICOLE,
AL, 15, 2016100818,   , CHP6, 0, 239N,  654W,  65,  982, HU,   0, , 0, 0, 0, 0, 0, 0, 0, 0, 0, 0, 0, , 0, 0, NICOLE,
AL, 15, 2016100900,   , CHP6, 0, 239N,  652W,  60,  985, TS,   0, , 0, 0, 0, 0, 0, 0, 0, 0, 0, 0, 0, , 0, 0, NICOLE,
AL, 15, 2016100906,   , CHP6, 0, 239N,  651W,  57,  987, TS,   0, , 0, 0, 0, 0, 0, 0, 0, 0, 0, 0, 0, , 0, 0, NICOLE,
AL, 15, 2016100912,   , CHP6, 0, 241N,  650W,  53,  989, TS,   0, , 0, 0, 0, 0, 0, 0, 0, 0, 0, 0, 0, , 0, 0, NICOLE,
AL, 15, 2016100918,   , CHP6, 0, 243N,  650W,  56,  988, TS,   0, , 0, 0, 0, 0, 0, 0, 0, 0, 0, 0, 0, , 0, 0, NICOLE,
AL, 15, 2016101000,   , CHP6, 0, 245N,  651W,  60,  986, TS,   0, , 0, 0, 0, 0, 0, 0, 0, 0, 0, 0, 0, , 0, 0, NICOLE,
AL, 15, 2016101006,   , CHP6, 0, 248N,  652W,  61,  985, TS,   0, , 0, 0, 0, 0, 0, 0, 0, 0, 0, 0, 0, , 0, 0, NICOLE,
AL, 15, 2016101012,   , CHP6, 0, 251N,  653W,  65,  983, HU,   0, , 0, 0, 0, 0, 0, 0, 0, 0, 0, 0, 0, , 0, 0, NICOLE,
AL, 15, 2016101018,   , CHP6, 0, 255N,  654W,  70,  980, HU,   0, , 0, 0, 0, 0, 0, 0, 0, 0, 0, 0, 0, , 0, 0, NICOLE,
AL, 15, 2016101100,   , CHP6, 0, 259N,  655W,  76,  976, HU,   0, , 0, 0, 0, 0, 0, 0, 0, 0, 0, 0, 0, , 0, 0, NICOLE,
AL, 15, 2016101106,   , CHP6, 0, 263N,  657W,  86,  968, HU,   0, , 0, 0, 0, 0, 0, 0, 0, 0, 0, 0, 0, , 0, 0, NICOLE,
AL, 15, 2016101112,   , CHP6, 0, 266N,  659W, 102,  955, HU,   0, , 0, 0, 0, 0, 0, 0, 0, 0, 0, 0, 0, , 0, 0, NICOLE,
AL, 15, 2016101118,   , CHP6, 0, 268N,  661W, 123,  934, HU,   0, , 0, 0, 0, 0, 0, 0, 0, 0, 0, 0, 0, , 0, 0, NICOLE,
AL, 15, 2016101200,   , CHP6, 0, 271N,  663W, 132,  922, HU,   0, , 0, 0, 0, 0, 0, 0, 0, 0, 0, 0, 0, , 0, 0, NICOLE,
AL, 15, 2016101206,   , CHP6, 0, 274N,  664W, 115,  941, HU,   0, , 0, 0, 0, 0, 0, 0, 0, 0, 0, 0, 0, , 0, 0, NICOLE,
AL, 15, 2016101212,   , CHP6, 0, 278N,  664W, 105,  951, HU,   0, , 0, 0, 0, 0, 0, 0, 0, 0, 0, 0, 0, , 0, 0, NICOLE,
AL, 15, 2016101218,   , CHP6, 0, 281N,  664W, 102,  954, HU,   0, , 0, 0, 0, 0, 0, 0, 0, 0, 0, 0, 0, , 0, 0, NICOLE,
AL, 15, 2016101300,   , CHP6, 0, 285N,  662W, 104,  954, HU,   0, , 0, 0, 0, 0, 0, 0, 0, 0, 0, 0, 0, , 0, 0, NICOLE,
AL, 15, 2016101306,   , CHP6, 0, 294N,  657W, 106,  952, HU,   0, , 0, 0, 0, 0, 0, 0, 0, 0, 0, 0, 0, , 0, 0, NICOLE,
AL, 15, 2016101312,   , CHP6, 0, 303N,  651W, 106,  953, HU,   0, , 0, 0, 0, 0, 0, 0, 0, 0, 0, 0, 0, , 0, 0, NICOLE,
AL, 15, 2016101318,   , CHP6, 0, 312N,  645W, 104,  955, HU,   0, , 0, 0, 0, 0, 0, 0, 0, 0, 0, 0, 0, , 0, 0, NICOLE,
AL, 15, 2016101400,   , CHP6, 0, 321N,  637W, 102,  957, HU,   0, , 0, 0, 0, 0, 0, 0, 0, 0, 0, 0, 0, , 0, 0, NICOLE,
AL, 15, 2016101406,   , CHP6, 0, 334N,  622W, 100,  959, HU,   0, , 0, 0, 0, 0, 0, 0, 0, 0, 0, 0, 0, , 0, 0, NICOLE,
AL, 15, 2016101412,   , CHP6, 0, 346N,  607W,  97,  962, HU,   0, , 0, 0, 0, 0, 0, 0, 0, 0, 0, 0, 0, , 0, 0, NICOLE,
AL, 15, 2016101418,   , CHP6, 0, 359N,  592W,  94,  965, HU,   0, , 0, 0, 0, 0, 0, 0, 0, 0, 0, 0, 0, , 0, 0, NICOLE,
AL, 15, 2016101500,   , CHP6, 0, 369N,  577W,  80,  965, HU,   0, , 0, 0, 0, 0, 0, 0, 0, 0, 0, 0, 0, , 0, 0, NICOLE,
AL, 15, 2016101506,   , CHP6, 0, 377N,  557W,  64,  959, HU,   0, , 0, 0, 0, 0, 0, 0, 0, 0, 0, 0, 0, , 0, 0, NICOLE,
AL, 15, 2016101512,   , CHP6, 0, 383N,  534W,  52,  995, TS,   0, , 0, 0, 0, 0, 0, 0, 0, 0, 0, 0, 0, , 0, 0, NICOLE,
AL, 15, 2016101518,   , CHP6, 0, 386N,  512W,  42,  995, TS,   0, , 0, 0, 0, 0, 0, 0, 0, 0, 0, 0, 0, , 0, 0, NICOLE,
AL, 15, 2016101600,   , CHP6, 0, 388N,  498W,  41,  996, TS,   0, , 0, 0, 0, 0, 0, 0, 0, 0, 0, 0, 0, , 0, 0, NICOLE,
AL, 15, 2016101606,   , CHP6, 0, 389N,  492W,  40,  996, TS,   0, , 0, 0, 0, 0, 0, 0, 0, 0, 0, 0, 0, , 0, 0, NICOLE,
AL, 15, 2016101612,   , CHP6, 0, 390N,  486W,  40,  996, TS,   0, , 0, 0, 0, 0, 0, 0, 0, 0, 0, 0, 0, , 0, 0, NICOLE,
AL, 15, 2016101618,   , CHP6, 0, 391N,  483W,  40,  996, TS,   0, , 0, 0, 0, 0, 0, 0, 0, 0, 0, 0, 0, , 0, 0, NICOLE,
AL, 15, 2016101700,   , CHP6, 0, 392N,  480W,  40,  996, TS,   0, , 0, 0, 0, 0, 0, 0, 0, 0, 0, 0, 0, , 0, 0, NICOLE,
AL, 15, 2016101706,   , CHP6, 0, 393N,  476W,  42,  994, TS,   0, , 0, 0, 0, 0, 0, 0, 0, 0, 0, 0, 0, , 0, 0, NICOLE,
AL, 15, 2016101712,   , CHP6, 0, 394N,  471W,  50,  991, TS,   0, , 0, 0, 0, 0, 0, 0, 0, 0, 0, 0, 0, , 0, 0, NICOLE,
AL, 15, 2016101718,   , CHP6, 0, 395N,  465W,  58,  986, TS,   0, , 0, 0, 0, 0, 0, 0, 0, 0, 0, 0, 0, , 0, 0, NICOLE,
AL, 15, 2016101800,   , CHP6, 0, 397N,  458W,  53,  990, TS,   0, , 0, 0, 0, 0, 0, 0, 0, 0, 0, 0, 0, , 0, 0, NICOLE,
AL, 15, 2016101806,   , CHP6, 0, 403N,  450W,  50,  993, TS,   0, , 0, 0, 0, 0, 0, 0, 0, 0, 0, 0, 0, , 0, 0, NICOLE,
AL, 15, 2016101812,   , CHP6, 0, 412N,  442W,  47,  994, TS,   0, , 0, 0, 0, 0, 0, 0, 0, 0, 0, 0, 0, , 0, 0, NICOLE,
AL, 15, 2016101818,   , CHP6, 0, 426N,  428W,  49,  995, TS,   0, , 0, 0, 0, 0, 0, 0, 0, 0, 0, 0, 0, , 0, 0, NICOLE,
AL, 15, 2016101900,   , CHP6, 0, 441N,  414W,  52,  995, TS,   0, , 0, 0, 0, 0, 0, 0, 0, 0, 0, 0, 0, , 0, 0, NICOLE,
AL, 15, 2016101906,   , CHP6, 0, 465N,  398W,  53,  995, TS,   0, , 0, 0, 0, 0, 0, 0, 0, 0, 0, 0, 0, , 0, 0, NICOLE,
AL, 15, 2016101912,   , CHP6, 0, 489N,  383W,  47,  996, TS,   0, , 0, 0, 0, 0, 0, 0, 0, 0, 0, 0, 0, , 0, 0, NICOLE,
AL, 15, 2016101918,   , CHP6, 0, 514N,  376W,  44,  996, EX,   0, , 0, 0, 0, 0, 0, 0, 0, 0, 0, 0, 0, , 0, 0, NICOLE,
AL, 15, 2016102000,   , CHP6, 0, 539N,  369W,  43,  996, EX,   0, , 0, 0, 0, 0, 0, 0, 0, 0, 0, 0, 0, , 0, 0, NICOLE,
