SH, 91, 2024122700,   , BEST,   0, 139S, 1691E,  20, 1009, DB,   0, , 0, 0, 0, 0, 0, 0, 0, 0, 0, 0, 0, , 0, 0, INVEST,
SH, 91, 2024122706,   , BEST,   0, 142S, 1696E,  20, 1009, DB,   0, , 0, 0, 0, 0, 0, 0, 0, 0, 0, 0, 0, , 0, 0, INVEST,
SH, 91, 2024122712,   , BEST,   0, 145S, 1701E,  25, 1007, TD,   0, , 0, 0, 0, 0, 0, 0, 0, 0, 0, 0, 0, , 0, 0, INVEST,
SH, 91, 2024122718,   , BEST,   0, 148S, 1709E,  30, 1004, TD,   0, , 0, 0, 0, 0, 0, 0, 0, 0, 0, 0, 0, , 0, 0, INVEST,
SH, 06, 2024122800,   , BEST,   0, 152S, 1720E,  35, 1002, TS,   0, , 0, 0, 0, 0, 0, 0, 0, 0, 0, 0, 0, , 0, 0, SIX,
SH, 06, 2024122806,   , BEST,   0, 157S, 1729E,  35, 1002, TS,   0, , 0, 0, 0, 0, 0, 0, 0, 0, 0, 0, 0, , 0, 0, SIX,
SH, 06, 2024122812,   , BEST,   0, 161S, 1738E,  35, 1002, TS,   0, , 0, 0, 0, 0, 0, 0, 0, 0, 0, 0, 0, , 0, 0, SIX,
SH, 06, 2024122818,   , BEST,   0, 164S, 1748E,  40, 1001, TS,   0, , 0, 0, 0, 0, 0, 0, 0, 0, 0, 0, 0, , 0, 0, SIX,
SH, 06, 2024122900,   , BEST,   0, 168S, 1758E,  47,  999, TS,   0, , 0, 0, 0, 0, 0, 0, 0, 0, 0, 0, 0, , 0, 0, SIX,
SH, 06, 2024122906,   , BEST,   0, 171S, 1769E,  50,  996, TS,   0, , 0, 0, 0, 0, 0, 0, 0, 0, 0, 0, 0, , 0, 0, SIX,
SH, 06, 2024122912,   , BEST,   0, 173S, 1780E,  57,  991, TS,   0, , 0, 0, 0, 0, 0, 0, 0, 0, 0, 0, 0, , 0, 0, SIX,
SH, 06, 2024122918,   , BEST,   0, 174S, 1792E,  53,  992, TS,   0, , 0, 0, 0, 0, 0, 0, 0, 0, 0, 0, 0, , 0, 0, SIX,
SH, 06, 2024123000,   , BEST,   0, 174S, 1796W,  59,  989, TS,   0, , 0, 0, 0, 0, 0, 0, 0, 0, 0, 0, 0, , 0, 0, SIX,
SH, 06, 2024123006,   , BEST,   0, 174S, 1784W,  65,  986, TY,   0, , 0, 0, 0, 0, 0, 0, 0, 0, 0, 0, 0, , 0, 0, SIX,
SH, 06, 2024123012,   , BEST,   0, 175S, 1774W,  73,  981, TY,   0, , 0, 0, 0, 0, 0, 0, 0, 0, 0, 0, 0, , 0, 0, SIX,
SH, 06, 2024123018,   , BEST,   0, 176S, 1766W,  84,  973, TY,   0, , 0, 0, 0, 0, 0, 0, 0, 0, 0, 0, 0, , 0, 0, SIX,
SH, 06, 2024123100,   , BEST,   0, 179S, 1757W,  97,  961, TY,   0, , 0, 0, 0, 0, 0, 0, 0, 0, 0, 0, 0, , 0, 0, SIX,
SH, 06, 2024123106,   , BEST,   0, 183S, 1750W, 112,  947, TY,   0, , 0, 0, 0, 0, 0, 0, 0, 0, 0, 0, 0, , 0, 0, SIX,
SH, 06, 2024123112,   , BEST,   0, 188S, 1742W,  92,  981, TY,   0, , 0, 0, 0, 0, 0, 0, 0, 0, 0, 0, 0, , 0, 0, SIX,
SH, 06, 2024123118,   , BEST,   0, 194S, 1735W,  73,  973, TY,   0, , 0, 0, 0, 0, 0, 0, 0, 0, 0, 0, 0, , 0, 0, SIX,
SH, 06, 2025010100,   , BEST,   0, 201S, 1728W,  58,  961, TS,   0, , 0, 0, 0, 0, 0, 0, 0, 0, 0, 0, 0, , 0, 0, SIX,
SH, 06, 2025010106,   , BEST,   0, 210S, 1721W,  45,  947, TS,   0, , 0, 0, 0, 0, 0, 0, 0, 0, 0, 0, 0, , 0, 0, SIX,
SH, 06, 2025010112,   , BEST,   0, 219S, 1715W,  36,  981, TS,   0, , 0, 0, 0, 0, 0, 0, 0, 0, 0, 0, 0, , 0, 0, SIX,
SH, 06, 2025010118,   , BEST,   0, 230S, 1709W,  40,  989, EX,   0, , 0, 0, 0, 0, 0, 0, 0, 0, 0, 0, 0, , 0, 0, SIX,
SH, 06, 2025010200,   , BEST,   0, 243S, 1699W,  41,  991, EX,   0, , 0, 0, 0, 0, 0, 0, 0, 0, 0, 0, 0, , 0, 0, SIX,
