SH, 96, 2024112006,   , BEST,   0,  66S, 1001E,  20, 1007, DB,   0, , 0, 0, 0, 0, 0, 0, 0, 0, 0, 0, 0, , 0, 0, INVEST,
SH, 96, 2024112012,   , BEST,   0,  73S,  993E,  20, 1007, DB,   0, , 0, 0, 0, 0, 0, 0, 0, 0, 0, 0, 0, , 0, 0, INVEST,
SH, 96, 2024112018,   , BEST,   0,  80S,  985E,  20, 1007, DB,   0, , 0, 0, 0, 0, 0, 0, 0, 0, 0, 0, 0, , 0, 0, INVEST,
SH, 96, 2024112100,   , BEST,   0,  84S,  979E,  20, 1006, DB,   0, , 0, 0, 0, 0, 0, 0, 0, 0, 0, 0, 0, , 0, 0, INVEST,
SH, 96, 2024112106,   , BEST,   0,  86S,  973E,  20, 1005, DB,   0, , 0, 0, 0, 0, 0, 0, 0, 0, 0, 0, 0, , 0, 0, INVEST,
SH, 96, 2024112112,   , BEST,   0,  89S,  969E,  20, 1005, DB,   0, , 0, 0, 0, 0, 0, 0, 0, 0, 0, 0, 0, , 0, 0, INVEST,
SH, 96, 2024112118,   , BEST,   0,  91S,  966E,  20, 1005, DB,   0, , 0, 0, 0, 0, 0, 0, 0, 0, 0, 0, 0, , 0, 0, INVEST,
SH, 96, 2024112200,   , BEST,   0,  94S,  965E,  20, 1005, DB,   0, , 0, 0, 0, 0, 0, 0, 0, 0, 0, 0, 0, , 0, 0, INVEST,
SH, 96, 2024112206,   , BEST,   0,  97S,  967E,  20, 1006, DB,   0, , 0, 0, 0, 0, 0, 0, 0, 0, 0, 0, 0, , 0, 0, INVEST,
SH, 96, 2024112212,   , BEST,   0, 101S,  965E,  20, 1006, DB,   0, , 0, 0, 0, 0, 0, 0, 0, 0, 0, 0, 0, , 0, 0, INVEST,
SH, 96, 2024112218,   , BEST,   0, 102S,  962E,  20, 1006, DB,   0, , 0, 0, 0, 0, 0, 0, 0, 0, 0, 0, 0, , 0, 0, INVEST,
SH, 96, 2024112300,   , BEST,   0,  99S,  958E,  20, 1006, DB,   0, , 0, 0, 0, 0, 0, 0, 0, 0, 0, 0, 0, , 0, 0, INVEST,
SH, 96, 2024112306,   , BEST,   0,  98S,  952E,  20, 1006, DB,   0, , 0, 0, 0, 0, 0, 0, 0, 0, 0, 0, 0, , 0, 0, INVEST,
SH, 96, 2024112312,   , BEST,   0,  95S,  948E,  20, 1006, DB,   0, , 0, 0, 0, 0, 0, 0, 0, 0, 0, 0, 0, , 0, 0, INVEST,
SH, 96, 2024112318,   , BEST,   0,  92S,  944E,  20, 1003, DB,   0, , 0, 0, 0, 0, 0, 0, 0, 0, 0, 0, 0, , 0, 0, INVEST,
SH, 96, 2024112400,   , BEST,   0,  87S,  939E,  20, 1003, DB,   0, , 0, 0, 0, 0, 0, 0, 0, 0, 0, 0, 0, , 0, 0, INVEST,
SH, 96, 2024112406,   , BEST,   0,  85S,  936E,  20, 1003, DB,   0, , 0, 0, 0, 0, 0, 0, 0, 0, 0, 0, 0, , 0, 0, INVEST,
SH, 96, 2024112412,   , BEST,   0,  83S,  936E,  25, 1003, TD,   0, , 0, 0, 0, 0, 0, 0, 0, 0, 0, 0, 0, , 0, 0, INVEST,
SH, 96, 2024112418,   , BEST,   0,  84S,  941E,  25, 1003, TD,   0, , 0, 0, 0, 0, 0, 0, 0, 0, 0, 0, 0, , 0, 0, INVEST,
SH, 96, 2024112500,   , BEST,   0,  85S,  945E,  30, 1003, TD,   0, , 0, 0, 0, 0, 0, 0, 0, 0, 0, 0, 0, , 0, 0, INVEST,
SH, 96, 2024112506,   , BEST,   0,  88S,  950E,  30, 1001, TD,   0, , 0, 0, 0, 0, 0, 0, 0, 0, 0, 0, 0, , 0, 0, INVEST,
SH, 03, 2024112512,   , BEST,   0,  91S,  953E,  35, 1001, TS,   0, , 0, 0, 0, 0, 0, 0, 0, 0, 0, 0, 0, , 0, 0, ROBYN,
SH, 03, 2024112518,   , BEST,   0,  93S,  949E,  35, 1001, TS,   0, , 0, 0, 0, 0, 0, 0, 0, 0, 0, 0, 0, , 0, 0, ROBYN,
SH, 03, 2024112600,   , BEST,   0,  94S,  944E,  35, 1000, TS,   0, , 0, 0, 0, 0, 0, 0, 0, 0, 0, 0, 0, , 0, 0, ROBYN,
SH, 03, 2024112606,   , BEST,   0,  95S,  940E,  35,  999, TS,   0, , 0, 0, 0, 0, 0, 0, 0, 0, 0, 0, 0, , 0, 0, ROBYN,
SH, 03, 2024112612,   , BEST,   0,  99S,  935E,  40,  999, TS,   0, , 0, 0, 0, 0, 0, 0, 0, 0, 0, 0, 0, , 0, 0, ROBYN,
SH, 03, 2024112618,   , BEST,   0, 108S,  926E,  40,  999, TS,   0, , 0, 0, 0, 0, 0, 0, 0, 0, 0, 0, 0, , 0, 0, ROBYN,
SH, 03, 2024112700,   , BEST,   0, 114S,  921E,  40,  999, TS,   0, , 0, 0, 0, 0, 0, 0, 0, 0, 0, 0, 0, , 0, 0, ROBYN,
SH, 03, 2024112706,   , BEST,   0, 121S,  917E,  40,  997, TS,   0, , 0, 0, 0, 0, 0, 0, 0, 0, 0, 0, 0, , 0, 0, ROBYN,
SH, 03, 2024112712,   , BEST,   0, 127S,  913E,  45,  995, TS,   0, , 0, 0, 0, 0, 0, 0, 0, 0, 0, 0, 0, , 0, 0, ROBYN,
SH, 03, 2024112718,   , BEST,   0, 135S,  910E,  45,  995, TS,   0, , 0, 0, 0, 0, 0, 0, 0, 0, 0, 0, 0, , 0, 0, ROBYN,
SH, 03, 2024112800,   , BEST,   0, 143S,  909E,  39,  997, TS,   0, , 0, 0, 0, 0, 0, 0, 0, 0, 0, 0, 0, , 0, 0, ROBYN,
SH, 03, 2024112806,   , BEST,   0, 152S,  908E,  42,  996, TS,   0, , 0, 0, 0, 0, 0, 0, 0, 0, 0, 0, 0, , 0, 0, ROBYN,
SH, 03, 2024112812,   , BEST,   0, 159S,  910E,  44,  998, TS,   0, , 0, 0, 0, 0, 0, 0, 0, 0, 0, 0, 0, , 0, 0, ROBYN,
SH, 03, 2024112818,   , BEST,   0, 165S,  912E,  40,  996, TS,   0, , 0, 0, 0, 0, 0, 0, 0, 0, 0, 0, 0, , 0, 0, ROBYN,
SH, 03, 2024112900,   , BEST,   0, 168S,  914E,  36,  997, TS,   0, , 0, 0, 0, 0, 0, 0, 0, 0, 0, 0, 0, , 0, 0, ROBYN,
SH, 03, 2024112906,   , BEST,   0, 171S,  916E,  34,  998, TS,   0, , 0, 0, 0, 0, 0, 0, 0, 0, 0, 0, 0, , 0, 0, ROBYN,
SH, 03, 2024112912,   , BEST,   0, 172S,  915E,  34,  998, TS,   0, , 0, 0, 0, 0, 0, 0, 0, 0, 0, 0, 0, , 0, 0, ROBYN,
SH, 03, 2024112918,   , BEST,   0, 174S,  914E,  34,  998, TS,   0, , 0, 0, 0, 0, 0, 0, 0, 0, 0, 0, 0, , 0, 0, ROBYN,
SH, 03, 2024113000,   , BEST,   0, 174S,  910E,  34,  998, TS,   0, , 0, 0, 0, 0, 0, 0, 0, 0, 0, 0, 0, , 0, 0, ROBYN,
SH, 03, 2024113006,   , BEST,   0, 174S,  905E,  34,  998, TS,   0, , 0, 0, 0, 0, 0, 0, 0, 0, 0, 0, 0, , 0, 0, ROBYN,
SH, 03, 2024113012,   , BEST,   0, 174S,  899E,  34,  998, TS,   0, , 0, 0, 0, 0, 0, 0, 0, 0, 0, 0, 0, , 0, 0, ROBYN,
SH, 03, 2024113018,   , BEST,   0, 173S,  892E,  34,  998, TS,   0, , 0, 0, 0, 0, 0, 0, 0, 0, 0, 0, 0, , 0, 0, ROBYN,
SH, 03, 2024120100,   , BEST,   0, 172S,  886E,  35,  997, TS,   0, , 0, 0, 0, 0, 0, 0, 0, 0, 0, 0, 0, , 0, 0, ROBYN,
SH, 03, 2024120106,   , BEST,   0, 171S,  879E,  36,  997, TS,   0, , 0, 0, 0, 0, 0, 0, 0, 0, 0, 0, 0, , 0, 0, ROBYN,
SH, 03, 2024120112,   , BEST,   0, 170S,  872E,  33, 1004, TD,   0, , 0, 0, 0, 0, 0, 0, 0, 0, 0, 0, 0, , 0, 0, ROBYN,
SH, 03, 2024120118,   , BEST,   0, 169S,  865E,  30,  998, TD,   0, , 0, 0, 0, 0, 0, 0, 0, 0, 0, 0, 0, , 0, 0, ROBYN,
SH, 03, 2024120200,   , BEST,   0, 168S,  858E,  27,  997, TD,   0, , 0, 0, 0, 0, 0, 0, 0, 0, 0, 0, 0, , 0, 0, ROBYN,
SH, 03, 2024120206,   , BEST,   0, 168S,  853E,  23,  997, DB,   0, , 0, 0, 0, 0, 0, 0, 0, 0, 0, 0, 0, , 0, 0, ROBYN,
SH, 03, 2024120212,   , BEST,   0, 168S,  848E,  21, 1004, DB,   0, , 0, 0, 0, 0, 0, 0, 0, 0, 0, 0, 0, , 0, 0, ROBYN,
