SH, 98, 2024122412,   , CHP6,   0, 117S,  957E,  20, 1005, DB,   0, , 0, 0, 0, 0, 0, 0, 0, 0, 0, 0, 0, , 0, 0, INVEST,
SH, 98, 2024122418,   , CHP6,   0, 115S,  952E,  20, 1005, DB,   0, , 0, 0, 0, 0, 0, 0, 0, 0, 0, 0, 0, , 0, 0, INVEST,
SH, 98, 2024122500,   , CHP6,   0, 112S,  947E,  25, 1005, TD,   0, , 0, 0, 0, 0, 0, 0, 0, 0, 0, 0, 0, , 0, 0, INVEST,
SH, 98, 2024122506,   , CHP6,   0, 111S,  944E,  25, 1004, TD,   0, , 0, 0, 0, 0, 0, 0, 0, 0, 0, 0, 0, , 0, 0, INVEST,
SH, 98, 2024122512,   , CHP6,   0, 113S,  943E,  25, 1004, TD,   0, , 0, 0, 0, 0, 0, 0, 0, 0, 0, 0, 0, , 0, 0, INVEST,
SH, 98, 2024122518,   , CHP6,   0, 116S,  941E,  30, 1004, TD,   0, , 0, 0, 0, 0, 0, 0, 0, 0, 0, 0, 0, , 0, 0, INVEST,
SH, 98, 2024122600,   , CHP6,   0, 117S,  943E,  30, 1006, TD,   0, , 0, 0, 0, 0, 0, 0, 0, 0, 0, 0, 0, , 0, 0, INVEST,
SH, 98, 2024122606,   , CHP6,   0, 118S,  945E,  30, 1005, TD,   0, , 0, 0, 0, 0, 0, 0, 0, 0, 0, 0, 0, , 0, 0, INVEST,
SH, 05, 2024122612,   , CHP6,   0, 119S,  947E,  35, 1004, TS,   0, , 0, 0, 0, 0, 0, 0, 0, 0, 0, 0, 0, , 0, 0, FIVE,
SH, 05, 2024122618,   , CHP6,   0, 118S,  949E,  35, 1003, TS,   0, , 0, 0, 0, 0, 0, 0, 0, 0, 0, 0, 0, , 0, 0, FIVE,
SH, 05, 2024122700,   , CHP6,   0, 118S,  952E,  34,  999, TS,   0, , 0, 0, 0, 0, 0, 0, 0, 0, 0, 0, 0, , 0, 0, FIVE,
SH, 05, 2024122706,   , CHP6,   0, 120S,  955E,  38,  997, TS,   0, , 0, 0, 0, 0, 0, 0, 0, 0, 0, 0, 0, , 0, 0, FIVE,
SH, 05, 2024122712,   , CHP6,   0, 123S,  961E,  39,  997, TS,   0, , 0, 0, 0, 0, 0, 0, 0, 0, 0, 0, 0, , 0, 0, FIVE,
SH, 05, 2024122718,   , CHP6,   0, 128S,  965E,  43,  995, TS,   0, , 0, 0, 0, 0, 0, 0, 0, 0, 0, 0, 0, , 0, 0, FIVE,
SH, 05, 2024122800,   , CHP6,   0, 132S,  966E,  46,  994, TS,   0, , 0, 0, 0, 0, 0, 0, 0, 0, 0, 0, 0, , 0, 0, FIVE,
SH, 05, 2024122806,   , CHP6,   0, 137S,  966E,  49,  993, TS,   0, , 0, 0, 0, 0, 0, 0, 0, 0, 0, 0, 0, , 0, 0, FIVE,
SH, 05, 2024122812,   , CHP6,   0, 140S,  966E,  52,  992, TS,   0, , 0, 0, 0, 0, 0, 0, 0, 0, 0, 0, 0, , 0, 0, FIVE,
SH, 05, 2024122818,   , CHP6,   0, 144S,  965E,  52,  991, TS,   0, , 0, 0, 0, 0, 0, 0, 0, 0, 0, 0, 0, , 0, 0, FIVE,
SH, 05, 2024122900,   , CHP6,   0, 145S,  962E,  47,  994, TS,   0, , 0, 0, 0, 0, 0, 0, 0, 0, 0, 0, 0, , 0, 0, FIVE,
SH, 05, 2024122906,   , CHP6,   0, 147S,  959E,  40,  995, TS,   0, , 0, 0, 0, 0, 0, 0, 0, 0, 0, 0, 0, , 0, 0, FIVE,
SH, 05, 2024122912,   , CHP6,   0, 148S,  955E,  35,  997, TS,   0, , 0, 0, 0, 0, 0, 0, 0, 0, 0, 0, 0, , 0, 0, FIVE,
SH, 05, 2024122918,   , CHP6,   0, 149S,  950E,  30,  998, TD,   0, , 0, 0, 0, 0, 0, 0, 0, 0, 0, 0, 0, , 0, 0, FIVE,
SH, 05, 2024123000,   , CHP6,   0, 150S,  945E,  28,  999, TD,   0, , 0, 0, 0, 0, 0, 0, 0, 0, 0, 0, 0, , 0, 0, FIVE,
SH, 05, 2024123006,   , CHP6,   0, 152S,  940E,  26, 1000, TD,   0, , 0, 0, 0, 0, 0, 0, 0, 0, 0, 0, 0, , 0, 0, FIVE,
SH, 05, 2024123012,   , CHP6,   0, 154S,  935E,  23, 1005, DB,   0, , 0, 0, 0, 0, 0, 0, 0, 0, 0, 0, 0, , 0, 0, FIVE,
SH, 05, 2024123018,   , CHP6,   0, 155S,  931E,  20, 1006, DB,   0, , 0, 0, 0, 0, 0, 0, 0, 0, 0, 0, 0, , 0, 0, FIVE,
SH, 05, 2024123100,   , CHP6,   0, 156S,  926E,  17, 1007, DB,   0, , 0, 0, 0, 0, 0, 0, 0, 0, 0, 0, 0, , 0, 0, FIVE,