SH, 16, 2025021012,   , BEST,   0, 209S, 1592E,  35, 1000, TS,   0, , 0, 0, 0, 0, 0, 0, 0, 0, 0, 0, 0, , 0, 0, SIXTEEN,
SH, 16, 2025021018,   , BEST,   0, 213S, 1609E,  40, 1000, TS,   0, , 0, 0, 0, 0, 0, 0, 0, 0, 0, 0, 0, , 0, 0, SIXTEEN,
SH, 16, 2025021100,   , BEST,   0, 217S, 1622E,  40, 1000, TS,   0, , 0, 0, 0, 0, 0, 0, 0, 0, 0, 0, 0, , 0, 0, SIXTEEN,
SH, 16, 2025021106,   , BEST,   0, 223S, 1635E,  39,  997, TS,   0, , 0, 0, 0, 0, 0, 0, 0, 0, 0, 0, 0, , 0, 0, SIXTEEN,
SH, 16, 2025021112,   , BEST,   0, 228S, 1643E,  35,  998, TS,   0, , 0, 0, 0, 0, 0, 0, 0, 0, 0, 0, 0, , 0, 0, SIXTEEN,
SH, 16, 2025021118,   , BEST,   0, 233S, 1652E,  35,  998, TS,   0, , 0, 0, 0, 0, 0, 0, 0, 0, 0, 0, 0, , 0, 0, SIXTEEN,
SH, 16, 2025021200,   , BEST,   0, 236S, 1658E,  32,  999, TD,   0, , 0, 0, 0, 0, 0, 0, 0, 0, 0, 0, 0, , 0, 0, SIXTEEN,
SH, 16, 2025021206,   , BEST,   0, 239S, 1664E,  29, 1000, TD,   0, , 0, 0, 0, 0, 0, 0, 0, 0, 0, 0, 0, , 0, 0, SIXTEEN,
SH, 16, 2025021212,   , BEST,   0, 241S, 1669E,  28, 1000, TD,   0, , 0, 0, 0, 0, 0, 0, 0, 0, 0, 0, 0, , 0, 0, SIXTEEN,
SH, 16, 2025021218,   , BEST,   0, 244S, 1674E,  28, 1000, TD,   0, , 0, 0, 0, 0, 0, 0, 0, 0, 0, 0, 0, , 0, 0, SIXTEEN,
SH, 16, 2025021300,   , BEST,   0, 246S, 1679E,  28, 1000, EX,   0, , 0, 0, 0, 0, 0, 0, 0, 0, 0, 0, 0, , 0, 0, SIXTEEN,
SH, 16, 2025021306,   , BEST,   0, 248S, 1684E,  27, 1000, EX,   0, , 0, 0, 0, 0, 0, 0, 0, 0, 0, 0, 0, , 0, 0, SIXTEEN,
SH, 16, 2025021312,   , BEST,   0, 249S, 1687E,  27, 1000, EX,   0, , 0, 0, 0, 0, 0, 0, 0, 0, 0, 0, 0, , 0, 0, SIXTEEN,
SH, 16, 2025021318,   , BEST,   0, 251S, 1691E,  27, 1000, EX,   0, , 0, 0, 0, 0, 0, 0, 0, 0, 0, 0, 0, , 0, 0, SIXTEEN,
SH, 16, 2025021400,   , BEST,   0, 253S, 1695E,  27, 1000, EX,   0, , 0, 0, 0, 0, 0, 0, 0, 0, 0, 0, 0, , 0, 0, SIXTEEN,
SH, 16, 2025021406,   , BEST,   0, 255S, 1699E,  26, 1000, EX,   0, , 0, 0, 0, 0, 0, 0, 0, 0, 0, 0, 0, , 0, 0, SIXTEEN,
