SH, 92, 2025032300,   , CHP6,   0, 129S, 1153E,  30, 1005, TD,   0, , 0, 0, 0, 0, 0, 0, 0, 0, 0, 0, 0, , 0, 0, INVEST,
SH, 92, 2025032306,   , CHP6,   0, 133S, 1150E,  30, 1002, TD,   0, , 0, 0, 0, 0, 0, 0, 0, 0, 0, 0, 0, , 0, 0, INVEST,
SH, 27, 2025032312,   , CHP6,   0, 139S, 1145E,  35, 1002, TS,   0, , 0, 0, 0, 0, 0, 0, 0, 0, 0, 0, 0, , 0, 0, COURTNEY,
SH, 27, 2025032318,   , CHP6,   0, 145S, 1139E,  35, 1001, TS,   0, , 0, 0, 0, 0, 0, 0, 0, 0, 0, 0, 0, , 0, 0, COURTNEY,
SH, 27, 2025032400,   , CHP6,   0, 153S, 1132E,  40,  999, TS,   0, , 0, 0, 0, 0, 0, 0, 0, 0, 0, 0, 0, , 0, 0, COURTNEY,
SH, 27, 2025032406,   , CHP6,   0, 159S, 1125E,  40,  997, TS,   0, , 0, 0, 0, 0, 0, 0, 0, 0, 0, 0, 0, , 0, 0, COURTNEY,
SH, 27, 2025032412,   , CHP6,   0, 163S, 1118E,  40,  995, TS,   0, , 0, 0, 0, 0, 0, 0, 0, 0, 0, 0, 0, , 0, 0, COURTNEY,
SH, 27, 2025032418,   , CHP6,   0, 166S, 1109E,  40,  995, TS,   0, , 0, 0, 0, 0, 0, 0, 0, 0, 0, 0, 0, , 0, 0, COURTNEY,
SH, 27, 2025032500,   , CHP6,   0, 167S, 1099E,  36,  999, TS,   0, , 0, 0, 0, 0, 0, 0, 0, 0, 0, 0, 0, , 0, 0, COURTNEY,
SH, 27, 2025032506,   , CHP6,   0, 168S, 1088E,  38,  998, TS,   0, , 0, 0, 0, 0, 0, 0, 0, 0, 0, 0, 0, , 0, 0, COURTNEY,
SH, 27, 2025032512,   , CHP6,   0, 170S, 1077E,  42,  997, TS,   0, , 0, 0, 0, 0, 0, 0, 0, 0, 0, 0, 0, , 0, 0, COURTNEY,
SH, 27, 2025032518,   , CHP6,   0, 171S, 1064E,  41,  997, TS,   0, , 0, 0, 0, 0, 0, 0, 0, 0, 0, 0, 0, , 0, 0, COURTNEY,
SH, 27, 2025032600,   , CHP6,   0, 172S, 1052E,  44,  996, TS,   0, , 0, 0, 0, 0, 0, 0, 0, 0, 0, 0, 0, , 0, 0, COURTNEY,
SH, 27, 2025032606,   , CHP6,   0, 173S, 1041E,  56,  991, TS,   0, , 0, 0, 0, 0, 0, 0, 0, 0, 0, 0, 0, , 0, 0, COURTNEY,
SH, 27, 2025032612,   , CHP6,   0, 174S, 1030E,  64,  986, TY,   0, , 0, 0, 0, 0, 0, 0, 0, 0, 0, 0, 0, , 0, 0, COURTNEY,
SH, 27, 2025032618,   , CHP6,   0, 174S, 1020E,  73,  981, TY,   0, , 0, 0, 0, 0, 0, 0, 0, 0, 0, 0, 0, , 0, 0, COURTNEY,
SH, 27, 2025032700,   , CHP6,   0, 174S, 1010E,  79,  976, TY,   0, , 0, 0, 0, 0, 0, 0, 0, 0, 0, 0, 0, , 0, 0, COURTNEY,
SH, 27, 2025032706,   , CHP6,   0, 174S, 1000E,  84,  973, TY,   0, , 0, 0, 0, 0, 0, 0, 0, 0, 0, 0, 0, , 0, 0, COURTNEY,
SH, 27, 2025032712,   , CHP6,   0, 174S,  989E,  91,  968, TY,   0, , 0, 0, 0, 0, 0, 0, 0, 0, 0, 0, 0, , 0, 0, COURTNEY,
SH, 27, 2025032718,   , CHP6,   0, 174S,  978E,  97,  963, TY,   0, , 0, 0, 0, 0, 0, 0, 0, 0, 0, 0, 0, , 0, 0, COURTNEY,
SH, 27, 2025032800,   , CHP6,   0, 174S,  967E,  99,  962, TY,   0, , 0, 0, 0, 0, 0, 0, 0, 0, 0, 0, 0, , 0, 0, COURTNEY,
SH, 27, 2025032806,   , CHP6,   0, 175S,  955E,  90,  970, TY,   0, , 0, 0, 0, 0, 0, 0, 0, 0, 0, 0, 0, , 0, 0, COURTNEY,
SH, 27, 2025032812,   , CHP6,   0, 177S,  944E,  65,  983, TY,   0, , 0, 0, 0, 0, 0, 0, 0, 0, 0, 0, 0, , 0, 0, COURTNEY,
SH, 27, 2025032818,   , CHP6,   0, 180S,  933E,  56,  989, TS,   0, , 0, 0, 0, 0, 0, 0, 0, 0, 0, 0, 0, , 0, 0, COURTNEY,
SH, 27, 2025032900,   , CHP6,   0, 183S,  921E,  55,  990, TS,   0, , 0, 0, 0, 0, 0, 0, 0, 0, 0, 0, 0, , 0, 0, COURTNEY,
SH, 27, 2025032906,   , CHP6,   0, 186S,  910E,  55,  990, TS,   0, , 0, 0, 0, 0, 0, 0, 0, 0, 0, 0, 0, , 0, 0, COURTNEY,
SH, 27, 2025032912,   , CHP6,   0, 189S,  899E,  53,  991, TS,   0, , 0, 0, 0, 0, 0, 0, 0, 0, 0, 0, 0, , 0, 0, COURTNEY,
SH, 27, 2025032918,   , CHP6,   0, 193S,  891E,  45,  993, TS,   0, , 0, 0, 0, 0, 0, 0, 0, 0, 0, 0, 0, , 0, 0, COURTNEY,
SH, 27, 2025033000,   , CHP6,   0, 197S,  883E,  43,  994, TS,   0, , 0, 0, 0, 0, 0, 0, 0, 0, 0, 0, 0, , 0, 0, COURTNEY,
SH, 27, 2025033006,   , CHP6,   0, 202S,  875E,  42,  996, TS,   0, , 0, 0, 0, 0, 0, 0, 0, 0, 0, 0, 0, , 0, 0, COURTNEY,
SH, 27, 2025033012,   , CHP6,   0, 206S,  867E,  42,  996, TS,   0, , 0, 0, 0, 0, 0, 0, 0, 0, 0, 0, 0, , 0, 0, COURTNEY,
SH, 27, 2025033018,   , CHP6,   0, 210S,  862E,  39,  997, TS,   0, , 0, 0, 0, 0, 0, 0, 0, 0, 0, 0, 0, , 0, 0, COURTNEY,
SH, 27, 2025033100,   , CHP6,   0, 214S,  857E,  37,  997, TS,   0, , 0, 0, 0, 0, 0, 0, 0, 0, 0, 0, 0, , 0, 0, COURTNEY,
SH, 27, 2025033106,   , CHP6,   0, 219S,  852E,  35,  998, TS,   0, , 0, 0, 0, 0, 0, 0, 0, 0, 0, 0, 0, , 0, 0, COURTNEY,
SH, 27, 2025033112,   , CHP6,   0, 223S,  847E,  35,  998, TS,   0, , 0, 0, 0, 0, 0, 0, 0, 0, 0, 0, 0, , 0, 0, COURTNEY,
SH, 27, 2025033118,   , CHP6,   0, 227S,  842E,  35,  999, EX,   0, , 0, 0, 0, 0, 0, 0, 0, 0, 0, 0, 0, , 0, 0, COURTNEY,
SH, 27, 2025040100,   , CHP6,   0, 231S,  837E,  35,  999, EX,   0, , 0, 0, 0, 0, 0, 0, 0, 0, 0, 0, 0, , 0, 0, COURTNEY,