SH, 99, 2025030718,   , BEST,   0, 136S,  511E,  30, 1000, TD,   0, , 0, 0, 0, 0, 0, 0, 0, 0, 0, 0, 0, , 0, 0, INVEST,
SH, 99, 2025030800,   , BEST,   0, 139S,  493E,  30, 1002, TD,   0, , 0, 0, 0, 0, 0, 0, 0, 0, 0, 0, 0, , 0, 0, INVEST,
SH, 99, 2025030806,   , BEST,   0, 141S,  477E,  30, 1002, TD,   0, , 0, 0, 0, 0, 0, 0, 0, 0, 0, 0, 0, , 0, 0, INVEST,
SH, 25, 2025030812,   , BEST,   0, 143S,  465E,  35, 1000, TS,   0, , 0, 0, 0, 0, 0, 0, 0, 0, 0, 0, 0, , 0, 0, JUDE,
SH, 25, 2025030818,   , BEST,   0, 145S,  456E,  40,  996, TS,   0, , 0, 0, 0, 0, 0, 0, 0, 0, 0, 0, 0, , 0, 0, JUDE,
SH, 25, 2025030900,   , BEST,   0, 148S,  446E,  39,  996, TS,   0, , 0, 0, 0, 0, 0, 0, 0, 0, 0, 0, 0, , 0, 0, JUDE,
SH, 25, 2025030906,   , BEST,   0, 149S,  436E,  58,  989, TS,   0, , 0, 0, 0, 0, 0, 0, 0, 0, 0, 0, 0, , 0, 0, JUDE,
SH, 25, 2025030912,   , BEST,   0, 150S,  427E,  73,  980, TY,   0, , 0, 0, 0, 0, 0, 0, 0, 0, 0, 0, 0, , 0, 0, JUDE,
SH, 25, 2025030918,   , BEST,   0, 151S,  420E,  94,  963, TY,   0, , 0, 0, 0, 0, 0, 0, 0, 0, 0, 0, 0, , 0, 0, JUDE,
SH, 25, 2025031000,   , BEST,   0, 152S,  412E, 125,  932, TY,   0, , 0, 0, 0, 0, 0, 0, 0, 0, 0, 0, 0, , 0, 0, JUDE,
SH, 25, 2025031006,   , BEST,   0, 152S,  405E, 155,  893, ST,   0, , 0, 0, 0, 0, 0, 0, 0, 0, 0, 0, 0, , 0, 0, JUDE,
SH, 25, 2025031012,   , BEST,   0, 152S,  398E, 136,  906, ST,   0, , 0, 0, 0, 0, 0, 0, 0, 0, 0, 0, 0, , 0, 0, JUDE,
SH, 25, 2025031018,   , BEST,   0, 154S,  392E,  89,  962, TY,   0, , 0, 0, 0, 0, 0, 0, 0, 0, 0, 0, 0, , 0, 0, JUDE,
SH, 25, 2025031100,   , BEST,   0, 156S,  386E,  61,  981, TS,   0, , 0, 0, 0, 0, 0, 0, 0, 0, 0, 0, 0, , 0, 0, JUDE,
SH, 25, 2025031106,   , BEST,   0, 158S,  378E,  47,  997, TS,   0, , 0, 0, 0, 0, 0, 0, 0, 0, 0, 0, 0, , 0, 0, JUDE,
SH, 25, 2025031112,   , BEST,   0, 160S,  369E,  36,  999, TS,   0, , 0, 0, 0, 0, 0, 0, 0, 0, 0, 0, 0, , 0, 0, JUDE,
SH, 25, 2025031118,   , BEST,   0, 163S,  359E,  28,  999, TD,   0, , 0, 0, 0, 0, 0, 0, 0, 0, 0, 0, 0, , 0, 0, JUDE,
SH, 25, 2025031200,   , BEST,   0, 168S,  353E,  25, 1000, TD,   0, , 0, 0, 0, 0, 0, 0, 0, 0, 0, 0, 0, , 0, 0, JUDE,
SH, 25, 2025031206,   , BEST,   0, 175S,  351E,  30, 1007, TD,   0, , 0, 0, 0, 0, 0, 0, 0, 0, 0, 0, 0, , 0, 0, JUDE,
SH, 25, 2025031212,   , BEST,   0, 179S,  354E,  35, 1000, TS,   0, , 0, 0, 0, 0, 0, 0, 0, 0, 0, 0, 0, , 0, 0, JUDE,
SH, 25, 2025031218,   , BEST,   0, 183S,  358E,  40, 1001, TS,   0, , 0, 0, 0, 0, 0, 0, 0, 0, 0, 0, 0, , 0, 0, JUDE,
SH, 25, 2025031300,   , BEST,   0, 190S,  366E,  45,  999, TS,   0, , 0, 0, 0, 0, 0, 0, 0, 0, 0, 0, 0, , 0, 0, JUDE,
SH, 25, 2025031306,   , BEST,   0, 196S,  374E,  50,  997, TS,   0, , 0, 0, 0, 0, 0, 0, 0, 0, 0, 0, 0, , 0, 0, JUDE,
SH, 25, 2025031312,   , BEST,   0, 203S,  384E,  36,  998, TS,   0, , 0, 0, 0, 0, 0, 0, 0, 0, 0, 0, 0, , 0, 0, JUDE,
SH, 25, 2025031318,   , BEST,   0, 207S,  393E,  36,  997, TS,   0, , 0, 0, 0, 0, 0, 0, 0, 0, 0, 0, 0, , 0, 0, JUDE,
SH, 25, 2025031400,   , BEST,   0, 212S,  403E,  40,  997, TS,   0, , 0, 0, 0, 0, 0, 0, 0, 0, 0, 0, 0, , 0, 0, JUDE,
SH, 25, 2025031406,   , BEST,   0, 218S,  414E,  43,  996, TS,   0, , 0, 0, 0, 0, 0, 0, 0, 0, 0, 0, 0, , 0, 0, JUDE,
SH, 25, 2025031412,   , BEST,   0, 225S,  424E,  46,  995, TS,   0, , 0, 0, 0, 0, 0, 0, 0, 0, 0, 0, 0, , 0, 0, JUDE,
SH, 25, 2025031418,   , BEST,   0, 238S,  436E,  50,  993, TS,   0, , 0, 0, 0, 0, 0, 0, 0, 0, 0, 0, 0, , 0, 0, JUDE,
SH, 25, 2025031500,   , BEST,   0, 248S,  443E,  62,  986, TS,   0, , 0, 0, 0, 0, 0, 0, 0, 0, 0, 0, 0, , 0, 0, JUDE,
SH, 25, 2025031506,   , BEST,   0, 251S,  453E,  49,  993, TS,   0, , 0, 0, 0, 0, 0, 0, 0, 0, 0, 0, 0, , 0, 0, JUDE,
SH, 25, 2025031512,   , BEST,   0, 251S,  463E,  44,  995, TS,   0, , 0, 0, 0, 0, 0, 0, 0, 0, 0, 0, 0, , 0, 0, JUDE,
SH, 25, 2025031518,   , BEST,   0, 254S,  479E,  49,  994, TS,   0, , 0, 0, 0, 0, 0, 0, 0, 0, 0, 0, 0, , 0, 0, JUDE,
SH, 25, 2025031600,   , BEST,   0, 257S,  496E,  52,  993, TS,   0, , 0, 0, 0, 0, 0, 0, 0, 0, 0, 0, 0, , 0, 0, JUDE,
SH, 25, 2025031606,   , BEST,   0, 262S,  514E,  53,  993, TS,   0, , 0, 0, 0, 0, 0, 0, 0, 0, 0, 0, 0, , 0, 0, JUDE,
SH, 25, 2025031612,   , BEST,   0, 267S,  532E,  54,  993, TS,   0, , 0, 0, 0, 0, 0, 0, 0, 0, 0, 0, 0, , 0, 0, JUDE,
SH, 25, 2025031618,   , BEST,   0, 273S,  551E,  54,  993, EX,   0, , 0, 0, 0, 0, 0, 0, 0, 0, 0, 0, 0, , 0, 0, JUDE,
SH, 25, 2025031700,   , BEST,   0, 278S,  569E,  53,  993, EX,   0, , 0, 0, 0, 0, 0, 0, 0, 0, 0, 0, 0, , 0, 0, JUDE,
