SH, 95, 2025022218,   , BEST,   0, 218S,  370E,  20, 1005, DB,   0, , 0, 0, 0, 0, 0, 0, 0, 0, 0, 0, 0, , 0, 0, INVEST,
SH, 95, 2025022300,   , BEST,   0, 211S,  369E,  20, 1005, DB,   0, , 0, 0, 0, 0, 0, 0, 0, 0, 0, 0, 0, , 0, 0, INVEST,
SH, 95, 2025022306,   , BEST,   0, 206S,  372E,  20,  998, DB,   0, , 0, 0, 0, 0, 0, 0, 0, 0, 0, 0, 0, , 0, 0, INVEST,
SH, 95, 2025022312,   , BEST,   0, 204S,  381E,  20,  998, DB,   0, , 0, 0, 0, 0, 0, 0, 0, 0, 0, 0, 0, , 0, 0, INVEST,
SH, 95, 2025022318,   , BEST,   0, 206S,  389E,  20,  998, DB,   0, , 0, 0, 0, 0, 0, 0, 0, 0, 0, 0, 0, , 0, 0, INVEST,
SH, 95, 2025022400,   , BEST,   0, 211S,  391E,  20,  998, DB,   0, , 0, 0, 0, 0, 0, 0, 0, 0, 0, 0, 0, , 0, 0, INVEST,
SH, 95, 2025022406,   , BEST,   0, 215S,  388E,  20,  998, DB,   0, , 0, 0, 0, 0, 0, 0, 0, 0, 0, 0, 0, , 0, 0, INVEST,
SH, 95, 2025022412,   , BEST,   0, 219S,  385E,  30,  992, TD,   0, , 0, 0, 0, 0, 0, 0, 0, 0, 0, 0, 0, , 0, 0, INVEST,
SH, 95, 2025022418,   , BEST,   0, 221S,  383E,  30,  998, TD,   0, , 0, 0, 0, 0, 0, 0, 0, 0, 0, 0, 0, , 0, 0, INVEST,
SH, 95, 2025022500,   , BEST,   0, 224S,  381E,  30,  997, TD,   0, , 0, 0, 0, 0, 0, 0, 0, 0, 0, 0, 0, , 0, 0, INVEST,
SH, 23, 2025022506,   , BEST,   0, 226S,  378E,  35,  997, TS,   0, , 0, 0, 0, 0, 0, 0, 0, 0, 0, 0, 0, , 0, 0, HONDE,
SH, 23, 2025022512,   , BEST,   0, 227S,  380E,  35,  997, TS,   0, , 0, 0, 0, 0, 0, 0, 0, 0, 0, 0, 0, , 0, 0, HONDE,
SH, 23, 2025022518,   , BEST,   0, 229S,  382E,  38,  995, TS,   0, , 0, 0, 0, 0, 0, 0, 0, 0, 0, 0, 0, , 0, 0, HONDE,
SH, 23, 2025022600,   , BEST,   0, 232S,  386E,  40,  994, TS,   0, , 0, 0, 0, 0, 0, 0, 0, 0, 0, 0, 0, , 0, 0, HONDE,
SH, 23, 2025022606,   , BEST,   0, 235S,  390E,  43,  996, TS,   0, , 0, 0, 0, 0, 0, 0, 0, 0, 0, 0, 0, , 0, 0, HONDE,
SH, 23, 2025022612,   , BEST,   0, 238S,  394E,  60,  987, TS,   0, , 0, 0, 0, 0, 0, 0, 0, 0, 0, 0, 0, , 0, 0, HONDE,
SH, 23, 2025022618,   , BEST,   0, 240S,  399E,  72,  980, TY,   0, , 0, 0, 0, 0, 0, 0, 0, 0, 0, 0, 0, , 0, 0, HONDE,
SH, 23, 2025022700,   , BEST,   0, 242S,  405E,  81,  973, TY,   0, , 0, 0, 0, 0, 0, 0, 0, 0, 0, 0, 0, , 0, 0, HONDE,
SH, 23, 2025022706,   , BEST,   0, 244S,  412E,  87,  968, TY,   0, , 0, 0, 0, 0, 0, 0, 0, 0, 0, 0, 0, , 0, 0, HONDE,
SH, 23, 2025022712,   , BEST,   0, 246S,  418E,  92,  963, TY,   0, , 0, 0, 0, 0, 0, 0, 0, 0, 0, 0, 0, , 0, 0, HONDE,
SH, 23, 2025022718,   , BEST,   0, 248S,  424E,  96,  960, TY,   0, , 0, 0, 0, 0, 0, 0, 0, 0, 0, 0, 0, , 0, 0, HONDE,
SH, 23, 2025022800,   , BEST,   0, 250S,  429E,  99,  957, TY,   0, , 0, 0, 0, 0, 0, 0, 0, 0, 0, 0, 0, , 0, 0, HONDE,
SH, 23, 2025022806,   , BEST,   0, 252S,  435E, 104,  952, TY,   0, , 0, 0, 0, 0, 0, 0, 0, 0, 0, 0, 0, , 0, 0, HONDE,
SH, 23, 2025022812,   , BEST,   0, 254S,  439E, 116,  939, TY,   0, , 0, 0, 0, 0, 0, 0, 0, 0, 0, 0, 0, , 0, 0, HONDE,
SH, 23, 2025022818,   , BEST,   0, 256S,  444E, 117,  937, TY,   0, , 0, 0, 0, 0, 0, 0, 0, 0, 0, 0, 0, , 0, 0, HONDE,
SH, 23, 2025030100,   , BEST,   0, 259S,  447E,  85,  963, TY,   0, , 0, 0, 0, 0, 0, 0, 0, 0, 0, 0, 0, , 0, 0, HONDE,
SH, 23, 2025030106,   , BEST,   0, 262S,  450E,  74,  977, TY,   0, , 0, 0, 0, 0, 0, 0, 0, 0, 0, 0, 0, , 0, 0, HONDE,
SH, 23, 2025030112,   , BEST,   0, 265S,  453E,  78,  974, TY,   0, , 0, 0, 0, 0, 0, 0, 0, 0, 0, 0, 0, , 0, 0, HONDE,
SH, 23, 2025030118,   , BEST,   0, 267S,  455E,  82,  971, TY,   0, , 0, 0, 0, 0, 0, 0, 0, 0, 0, 0, 0, , 0, 0, HONDE,
SH, 23, 2025030200,   , BEST,   0, 268S,  456E,  84,  969, TY,   0, , 0, 0, 0, 0, 0, 0, 0, 0, 0, 0, 0, , 0, 0, HONDE,
SH, 23, 2025030206,   , BEST,   0, 270S,  458E,  85,  968, TY,   0, , 0, 0, 0, 0, 0, 0, 0, 0, 0, 0, 0, , 0, 0, HONDE,
SH, 23, 2025030212,   , BEST,   0, 271S,  459E,  86,  967, TY,   0, , 0, 0, 0, 0, 0, 0, 0, 0, 0, 0, 0, , 0, 0, HONDE,
SH, 23, 2025030218,   , BEST,   0, 272S,  460E,  86,  967, TY,   0, , 0, 0, 0, 0, 0, 0, 0, 0, 0, 0, 0, , 0, 0, HONDE,
SH, 23, 2025030300,   , BEST,   0, 273S,  461E,  69,  979, TY,   0, , 0, 0, 0, 0, 0, 0, 0, 0, 0, 0, 0, , 0, 0, HONDE,
SH, 23, 2025030306,   , BEST,   0, 276S,  463E,  64,  983, TY,   0, , 0, 0, 0, 0, 0, 0, 0, 0, 0, 0, 0, , 0, 0, HONDE,
SH, 23, 2025030312,   , BEST,   0, 279S,  465E,  64,  985, TY,   0, , 0, 0, 0, 0, 0, 0, 0, 0, 0, 0, 0, , 0, 0, HONDE,
SH, 23, 2025030318,   , BEST,   0, 284S,  466E,  64,  987, TY,   0, , 0, 0, 0, 0, 0, 0, 0, 0, 0, 0, 0, , 0, 0, HONDE,
SH, 23, 2025030400,   , BEST,   0, 289S,  466E,  61,  987, TS,   0, , 0, 0, 0, 0, 0, 0, 0, 0, 0, 0, 0, , 0, 0, HONDE,
SH, 23, 2025030406,   , BEST,   0, 297S,  467E,  54,  990, TS,   0, , 0, 0, 0, 0, 0, 0, 0, 0, 0, 0, 0, , 0, 0, HONDE,
SH, 23, 2025030412,   , BEST,   0, 306S,  468E,  44,  994, TS,   0, , 0, 0, 0, 0, 0, 0, 0, 0, 0, 0, 0, , 0, 0, HONDE,
SH, 23, 2025030418,   , BEST,   0, 314S,  469E,  39,  996, TS,   0, , 0, 0, 0, 0, 0, 0, 0, 0, 0, 0, 0, , 0, 0, HONDE,
SH, 23, 2025030500,   , BEST,   0, 323S,  470E,  39,  996, TS,   0, , 0, 0, 0, 0, 0, 0, 0, 0, 0, 0, 0, , 0, 0, HONDE,
SH, 23, 2025030506,   , BEST,   0, 336S,  474E,  38,  997, TS,   0, , 0, 0, 0, 0, 0, 0, 0, 0, 0, 0, 0, , 0, 0, HONDE,
SH, 23, 2025030512,   , BEST,   0, 348S,  478E,  38,  997, TS,   0, , 0, 0, 0, 0, 0, 0, 0, 0, 0, 0, 0, , 0, 0, HONDE,
SH, 23, 2025030518,   , BEST,   0, 361S,  482E,  37,  997, TS,   0, , 0, 0, 0, 0, 0, 0, 0, 0, 0, 0, 0, , 0, 0, HONDE,
SH, 23, 2025030600,   , BEST,   0, 374S,  488E,  36,  998, TS,   0, , 0, 0, 0, 0, 0, 0, 0, 0, 0, 0, 0, , 0, 0, HONDE,
SH, 23, 2025030606,   , BEST,   0, 385S,  496E,  35,  995, EX,   0, , 0, 0, 0, 0, 0, 0, 0, 0, 0, 0, 0, , 0, 0, HONDE,
SH, 23, 2025030612,   , BEST,   0, 395S,  507E,  35,  993, EX,   0, , 0, 0, 0, 0, 0, 0, 0, 0, 0, 0, 0, , 0, 0, HONDE,
SH, 23, 2025030618,   , BEST,   0, 407S,  519E,  35,  993, EX,   0, , 0, 0, 0, 0, 0, 0, 0, 0, 0, 0, 0, , 0, 0, HONDE,
SH, 23, 2025030700,   , BEST,   0, 419S,  532E,  35,  993, EX,   0, , 0, 0, 0, 0, 0, 0, 0, 0, 0, 0, 0, , 0, 0, HONDE,
