SH, 91, 2025031712,   , BEST,   0, 112S, 1004E,  25, 1005, TD,   0, , 0, 0, 0, 0, 0, 0, 0, 0, 0, 0, 0, , 0, 0, INVEST,
SH, 91, 2025031718,   , BEST,   0, 120S,  996E,  30, 1004, TD,   0, , 0, 0, 0, 0, 0, 0, 0, 0, 0, 0, 0, , 0, 0, INVEST,
SH, 91, 2025031800,   , BEST,   0, 124S,  987E,  30, 1003, TD,   0, , 0, 0, 0, 0, 0, 0, 0, 0, 0, 0, 0, , 0, 0, INVEST,
SH, 26, 2025031806,   , BEST,   0, 127S,  980E,  35,  996, TS,   0, , 0, 0, 0, 0, 0, 0, 0, 0, 0, 0, 0, , 0, 0, TWENTYSIX,
SH, 26, 2025031812,   , BEST,   0, 129S,  973E,  35, 1001, TS,   0, , 0, 0, 0, 0, 0, 0, 0, 0, 0, 0, 0, , 0, 0, TWENTYSIX,
SH, 26, 2025031818,   , BEST,   0, 130S,  966E,  40, 1001, TS,   0, , 0, 0, 0, 0, 0, 0, 0, 0, 0, 0, 0, , 0, 0, TWENTYSIX,
SH, 26, 2025031900,   , BEST,   0, 129S,  963E,  44,  995, TS,   0, , 0, 0, 0, 0, 0, 0, 0, 0, 0, 0, 0, , 0, 0, TWENTYSIX,
SH, 26, 2025031906,   , BEST,   0, 130S,  961E,  53,  990, TS,   0, , 0, 0, 0, 0, 0, 0, 0, 0, 0, 0, 0, , 0, 0, TWENTYSIX,
SH, 26, 2025031912,   , BEST,   0, 131S,  961E,  63,  985, TS,   0, , 0, 0, 0, 0, 0, 0, 0, 0, 0, 0, 0, , 0, 0, TWENTYSIX,
SH, 26, 2025031918,   , BEST,   0, 133S,  961E,  76,  976, TY,   0, , 0, 0, 0, 0, 0, 0, 0, 0, 0, 0, 0, , 0, 0, TWENTYSIX,
SH, 26, 2025032000,   , BEST,   0, 135S,  961E,  92,  962, TY,   0, , 0, 0, 0, 0, 0, 0, 0, 0, 0, 0, 0, , 0, 0, TWENTYSIX,
SH, 26, 2025032006,   , BEST,   0, 137S,  961E, 111,  943, TY,   0, , 0, 0, 0, 0, 0, 0, 0, 0, 0, 0, 0, , 0, 0, TWENTYSIX,
SH, 26, 2025032012,   , BEST,   0, 139S,  960E,  92,  960, TY,   0, , 0, 0, 0, 0, 0, 0, 0, 0, 0, 0, 0, , 0, 0, TWENTYSIX,
SH, 26, 2025032018,   , BEST,   0, 142S,  959E,  66,  978, TY,   0, , 0, 0, 0, 0, 0, 0, 0, 0, 0, 0, 0, , 0, 0, TWENTYSIX,
SH, 26, 2025032100,   , BEST,   0, 146S,  958E,  75,  971, TY,   0, , 0, 0, 0, 0, 0, 0, 0, 0, 0, 0, 0, , 0, 0, TWENTYSIX,
SH, 26, 2025032106,   , BEST,   0, 151S,  959E,  65,  981, TY,   0, , 0, 0, 0, 0, 0, 0, 0, 0, 0, 0, 0, , 0, 0, TWENTYSIX,
SH, 26, 2025032112,   , BEST,   0, 155S,  960E,  67,  980, TY,   0, , 0, 0, 0, 0, 0, 0, 0, 0, 0, 0, 0, , 0, 0, TWENTYSIX,
SH, 26, 2025032118,   , BEST,   0, 156S,  962E,  68,  979, TY,   0, , 0, 0, 0, 0, 0, 0, 0, 0, 0, 0, 0, , 0, 0, TWENTYSIX,
SH, 26, 2025032200,   , BEST,   0, 157S,  964E,  69,  979, TY,   0, , 0, 0, 0, 0, 0, 0, 0, 0, 0, 0, 0, , 0, 0, TWENTYSIX,
SH, 26, 2025032206,   , BEST,   0, 158S,  966E,  68,  979, TY,   0, , 0, 0, 0, 0, 0, 0, 0, 0, 0, 0, 0, , 0, 0, TWENTYSIX,
SH, 26, 2025032212,   , BEST,   0, 158S,  968E,  64,  982, TY,   0, , 0, 0, 0, 0, 0, 0, 0, 0, 0, 0, 0, , 0, 0, TWENTYSIX,
SH, 26, 2025032218,   , BEST,   0, 158S,  970E,  61,  983, TS,   0, , 0, 0, 0, 0, 0, 0, 0, 0, 0, 0, 0, , 0, 0, TWENTYSIX,
SH, 26, 2025032300,   , BEST,   0, 158S,  972E,  59,  985, TS,   0, , 0, 0, 0, 0, 0, 0, 0, 0, 0, 0, 0, , 0, 0, TWENTYSIX,
SH, 26, 2025032306,   , BEST,   0, 157S,  974E,  58,  986, TS,   0, , 0, 0, 0, 0, 0, 0, 0, 0, 0, 0, 0, , 0, 0, TWENTYSIX,
SH, 26, 2025032312,   , BEST,   0, 157S,  976E,  57,  985, TS,   0, , 0, 0, 0, 0, 0, 0, 0, 0, 0, 0, 0, , 0, 0, TWENTYSIX,
SH, 26, 2025032318,   , BEST,   0, 157S,  977E,  56,  987, TS,   0, , 0, 0, 0, 0, 0, 0, 0, 0, 0, 0, 0, , 0, 0, TWENTYSIX,
SH, 26, 2025032400,   , BEST,   0, 157S,  978E,  55,  988, TS,   0, , 0, 0, 0, 0, 0, 0, 0, 0, 0, 0, 0, , 0, 0, TWENTYSIX,
SH, 26, 2025032406,   , BEST,   0, 156S,  980E,  54,  988, TS,   0, , 0, 0, 0, 0, 0, 0, 0, 0, 0, 0, 0, , 0, 0, TWENTYSIX,
SH, 26, 2025032412,   , BEST,   0, 155S,  982E,  43, 1005, TS,   0, , 0, 0, 0, 0, 0, 0, 0, 0, 0, 0, 0, , 0, 0, TWENTYSIX,
SH, 26, 2025032418,   , BEST,   0, 154S,  984E,  34, 1005, TS,   0, , 0, 0, 0, 0, 0, 0, 0, 0, 0, 0, 0, , 0, 0, TWENTYSIX,
SH, 26, 2025032500,   , BEST,   0, 153S,  986E,  27, 1005, TD,   0, , 0, 0, 0, 0, 0, 0, 0, 0, 0, 0, 0, , 0, 0, TWENTYSIX,
SH, 26, 2025032506,   , BEST,   0, 154S,  989E,  23, 1004, DB,   0, , 0, 0, 0, 0, 0, 0, 0, 0, 0, 0, 0, , 0, 0, TWENTYSIX,
SH, 26, 2025032512,   , BEST,   0, 155S,  992E,  16, 1004, DB,   0, , 0, 0, 0, 0, 0, 0, 0, 0, 0, 0, 0, , 0, 0, TWENTYSIX,
SH, 26, 2025032518,   , BEST,   0, 155S,  992E,  16, 1004, DB,   0, , 0, 0, 0, 0, 0, 0, 0, 0, 0, 0, 0, , 0, 0, TWENTYSIX,
