SH, 97, 2025041606,   , BEST,   0,  90S, 1350E,  25, 1004, TD,   0, , 0, 0, 0, 0, 0, 0, 0, 0, 0, 0, 0, , 0, 0, INVEST,
SH, 97, 2025041612,   , BEST,   0,  89S, 1356E,  25, 1004, TD,   0, , 0, 0, 0, 0, 0, 0, 0, 0, 0, 0, 0, , 0, 0, INVEST,
SH, 97, 2025041618,   , BEST,   0,  89S, 1362E,  30, 1004, TD,   0, , 0, 0, 0, 0, 0, 0, 0, 0, 0, 0, 0, , 0, 0, INVEST,
SH, 31, 2025041700,   , BEST,   0,  91S, 1367E,  35, 1006, TS,   0, , 0, 0, 0, 0, 0, 0, 0, 0, 0, 0, 0, , 0, 0, THIRTYONE,
SH, 31, 2025041706,   , BEST,   0,  93S, 1371E,  35, 1002, TS,   0, , 0, 0, 0, 0, 0, 0, 0, 0, 0, 0, 0, , 0, 0, THIRTYONE,
SH, 31, 2025041712,   , BEST,   0,  97S, 1377E,  35, 1002, TS,   0, , 0, 0, 0, 0, 0, 0, 0, 0, 0, 0, 0, , 0, 0, THIRTYONE,
SH, 31, 2025041718,   , BEST,   0, 102S, 1382E,  35, 1004, TS,   0, , 0, 0, 0, 0, 0, 0, 0, 0, 0, 0, 0, , 0, 0, THIRTYONE,
SH, 31, 2025041800,   , BEST,   0, 107S, 1389E,  35, 1001, TS,   0, , 0, 0, 0, 0, 0, 0, 0, 0, 0, 0, 0, , 0, 0, THIRTYONE,
SH, 31, 2025041806,   , BEST,   0, 112S, 1397E,  35,  998, TS,   0, , 0, 0, 0, 0, 0, 0, 0, 0, 0, 0, 0, , 0, 0, THIRTYONE,
SH, 31, 2025041812,   , BEST,   0, 115S, 1400E,  35,  997, TS,   0, , 0, 0, 0, 0, 0, 0, 0, 0, 0, 0, 0, , 0, 0, THIRTYONE,
SH, 31, 2025041818,   , BEST,   0, 119S, 1404E,  43,  994, TS,   0, , 0, 0, 0, 0, 0, 0, 0, 0, 0, 0, 0, , 0, 0, THIRTYONE,
SH, 31, 2025041900,   , BEST,   0, 121S, 1406E,  55,  989, TS,   0, , 0, 0, 0, 0, 0, 0, 0, 0, 0, 0, 0, , 0, 0, THIRTYONE,
SH, 31, 2025041906,   , BEST,   0, 124S, 1407E,  75,  977, TY,   0, , 0, 0, 0, 0, 0, 0, 0, 0, 0, 0, 0, , 0, 0, THIRTYONE,
SH, 31, 2025041912,   , BEST,   0, 124S, 1406E, 109,  948, TY,   0, , 0, 0, 0, 0, 0, 0, 0, 0, 0, 0, 0, , 0, 0, THIRTYONE,
SH, 31, 2025041918,   , BEST,   0, 125S, 1404E, 147,  905, ST,   0, , 0, 0, 0, 0, 0, 0, 0, 0, 0, 0, 0, , 0, 0, THIRTYONE,
SH, 31, 2025042000,   , BEST,   0, 125S, 1400E, 176,  862, ST,   0, , 0, 0, 0, 0, 0, 0, 0, 0, 0, 0, 0, , 0, 0, THIRTYONE,
SH, 31, 2025042006,   , BEST,   0, 124S, 1396E, 182,  850, ST,   0, , 0, 0, 0, 0, 0, 0, 0, 0, 0, 0, 0, , 0, 0, THIRTYONE,
SH, 31, 2025042012,   , BEST,   0, 123S, 1390E, 180,  851, ST,   0, , 0, 0, 0, 0, 0, 0, 0, 0, 0, 0, 0, , 0, 0, THIRTYONE,
SH, 31, 2025042018,   , BEST,   0, 122S, 1383E, 182,  847, ST,   0, , 0, 0, 0, 0, 0, 0, 0, 0, 0, 0, 0, , 0, 0, THIRTYONE,
SH, 31, 2025042100,   , BEST,   0, 121S, 1377E, 164,  864, ST,   0, , 0, 0, 0, 0, 0, 0, 0, 0, 0, 0, 0, , 0, 0, THIRTYONE,
SH, 31, 2025042106,   , BEST,   0, 119S, 1370E, 183,  849, ST,   0, , 0, 0, 0, 0, 0, 0, 0, 0, 0, 0, 0, , 0, 0, THIRTYONE,
SH, 31, 2025042112,   , BEST,   0, 116S, 1363E, 185,  846, ST,   0, , 0, 0, 0, 0, 0, 0, 0, 0, 0, 0, 0, , 0, 0, THIRTYONE,
SH, 31, 2025042118,   , BEST,   0, 113S, 1356E, 185,  845, ST,   0, , 0, 0, 0, 0, 0, 0, 0, 0, 0, 0, 0, , 0, 0, THIRTYONE,
SH, 31, 2025042200,   , BEST,   0, 110S, 1349E, 183,  848, ST,   0, , 0, 0, 0, 0, 0, 0, 0, 0, 0, 0, 0, , 0, 0, THIRTYONE,
SH, 31, 2025042206,   , BEST,   0, 107S, 1342E, 180,  853, ST,   0, , 0, 0, 0, 0, 0, 0, 0, 0, 0, 0, 0, , 0, 0, THIRTYONE,
SH, 31, 2025042212,   , BEST,   0, 104S, 1335E, 178,  856, ST,   0, , 0, 0, 0, 0, 0, 0, 0, 0, 0, 0, 0, , 0, 0, THIRTYONE,
SH, 31, 2025042218,   , BEST,   0, 100S, 1328E, 177,  858, ST,   0, , 0, 0, 0, 0, 0, 0, 0, 0, 0, 0, 0, , 0, 0, THIRTYONE,
SH, 31, 2025042300,   , BEST,   0,  96S, 1321E, 177,  858, ST,   0, , 0, 0, 0, 0, 0, 0, 0, 0, 0, 0, 0, , 0, 0, THIRTYONE,
SH, 31, 2025042306,   , BEST,   0,  92S, 1314E, 123,  923, TY,   0, , 0, 0, 0, 0, 0, 0, 0, 0, 0, 0, 0, , 0, 0, THIRTYONE,
SH, 31, 2025042312,   , BEST,   0,  88S, 1307E, 105,  946, TY,   0, , 0, 0, 0, 0, 0, 0, 0, 0, 0, 0, 0, , 0, 0, THIRTYONE,
SH, 31, 2025042318,   , BEST,   0,  84S, 1300E,  87,  977, TY,   0, , 0, 0, 0, 0, 0, 0, 0, 0, 0, 0, 0, , 0, 0, THIRTYONE,
SH, 31, 2025042400,   , BEST,   0,  80S, 1293E,  69,  989, TY,   0, , 0, 0, 0, 0, 0, 0, 0, 0, 0, 0, 0, , 0, 0, THIRTYONE,
SH, 31, 2025042406,   , BEST,   0,  76S, 1286E,  51,  991, TS,   0, , 0, 0, 0, 0, 0, 0, 0, 0, 0, 0, 0, , 0, 0, THIRTYONE,
SH, 31, 2025042412,   , BEST,   0,  72S, 1279E,  44,  995, TS,   0, , 0, 0, 0, 0, 0, 0, 0, 0, 0, 0, 0, , 0, 0, THIRTYONE,
SH, 31, 2025042418,   , BEST,   0,  68S, 1272E,  37,  997, TS,   0, , 0, 0, 0, 0, 0, 0, 0, 0, 0, 0, 0, , 0, 0, THIRTYONE,
SH, 31, 2025042500,   , BEST,   0,  65S, 1265E,  30,  998, TD,   0, , 0, 0, 0, 0, 0, 0, 0, 0, 0, 0, 0, , 0, 0, THIRTYONE,
SH, 31, 2025042506,   , BEST,   0,  63S, 1258E,  22,  999, DB,   0, , 0, 0, 0, 0, 0, 0, 0, 0, 0, 0, 0, , 0, 0, THIRTYONE,
SH, 31, 2025042512,   , BEST,   0,  62S, 1251E,  16,  999, DB,   0, , 0, 0, 0, 0, 0, 0, 0, 0, 0, 0, 0, , 0, 0, THIRTYONE,
