IO, 90, 2025093000,   , BEST,   0, 208N,  686E,  20, 1000, DB,   0, , 0, 0, 0, 0, 0, 0, 0, 0, 0, 0, 0, , 0, 0, INVEST,
IO, 90, 2025093006,   , BEST,   0, 212N,  687E,  20,  999, DB,   0, , 0, 0, 0, 0, 0, 0, 0, 0, 0, 0, 0, , 0, 0, INVEST,
IO, 90, 2025093012,   , BEST,   0, 215N,  686E,  30,  997, TD,   0, , 0, 0, 0, 0, 0, 0, 0, 0, 0, 0, 0, , 0, 0, INVEST,
IO, 90, 2025093018,   , BEST,   0, 217N,  685E,  30,  997, TD,   0, , 0, 0, 0, 0, 0, 0, 0, 0, 0, 0, 0, , 0, 0, INVEST,
IO, 90, 2025100100,   , BEST,   0, 219N,  684E,  30,  997, TD,   0, , 0, 0, 0, 0, 0, 0, 0, 0, 0, 0, 0, , 0, 0, INVEST,
IO, 90, 2025100106,   , BEST,   0, 220N,  682E,  30,  997, TD,   0, , 0, 0, 0, 0, 0, 0, 0, 0, 0, 0, 0, , 0, 0, INVEST,
IO, 90, 2025100112,   , BEST,   0, 218N,  680E,  30,  996, TD,   0, , 0, 0, 0, 0, 0, 0, 0, 0, 0, 0, 0, , 0, 0, INVEST,
IO, 90, 2025100118,   , BEST,   0, 213N,  681E,  30,  996, TD,   0, , 0, 0, 0, 0, 0, 0, 0, 0, 0, 0, 0, , 0, 0, INVEST,
IO, 90, 2025100200,   , BEST,   0, 209N,  681E,  30,  998, TD,   0, , 0, 0, 0, 0, 0, 0, 0, 0, 0, 0, 0, , 0, 0, INVEST,
IO, 90, 2025100206,   , BEST,   0, 208N,  679E,  35,  998, TS,   0, , 0, 0, 0, 0, 0, 0, 0, 0, 0, 0, 0, , 0, 0, SHAKHTI,
IO, 90, 2025100212,   , BEST,   0, 211N,  677E,  35,  995, TS,   0, , 0, 0, 0, 0, 0, 0, 0, 0, 0, 0, 0, , 0, 0, SHAKHTI,
IO, 90, 2025100218,   , BEST,   0, 215N,  675E,  35,  997, TS,   0, , 0, 0, 0, 0, 0, 0, 0, 0, 0, 0, 0, , 0, 0, SHAKHTI,
IO, 02, 2025100300,   , BEST,   0, 217N,  672E,  40,  996, TS,   0, , 0, 0, 0, 0, 0, 0, 0, 0, 0, 0, 0, , 0, 0, SHAKHTI,
IO, 02, 2025100306,   , BEST,   0, 218N,  668E,  49,  993, TS,   0, , 0, 0, 0, 0, 0, 0, 0, 0, 0, 0, 0, , 0, 0, SHAKHTI,
IO, 02, 2025100312,   , BEST,   0, 219N,  664E,  50,  992, TS,   0, , 0, 0, 0, 0, 0, 0, 0, 0, 0, 0, 0, , 0, 0, SHAKHTI,
IO, 02, 2025100318,   , BEST,   0, 219N,  660E,  55,  989, TS,   0, , 0, 0, 0, 0, 0, 0, 0, 0, 0, 0, 0, , 0, 0, SHAKHTI,
IO, 02, 2025100400,   , BEST,   0, 219N,  656E,  61,  986, TS,   0, , 0, 0, 0, 0, 0, 0, 0, 0, 0, 0, 0, , 0, 0, SHAKHTI,
IO, 02, 2025100406,   , BEST,   0, 218N,  652E,  64,  984, TY,   0, , 0, 0, 0, 0, 0, 0, 0, 0, 0, 0, 0, , 0, 0, SHAKHTI,
IO, 02, 2025100412,   , BEST,   0, 216N,  648E,  55,  988, TS,   0, , 0, 0, 0, 0, 0, 0, 0, 0, 0, 0, 0, , 0, 0, SHAKHTI,
IO, 02, 2025100418,   , BEST,   0, 214N,  643E,  52,  990, TS,   0, , 0, 0, 0, 0, 0, 0, 0, 0, 0, 0, 0, , 0, 0, SHAKHTI,
IO, 02, 2025100500,   , BEST,   0, 213N,  640E,  53,  989, TS,   0, , 0, 0, 0, 0, 0, 0, 0, 0, 0, 0, 0, , 0, 0, SHAKHTI,
IO, 02, 2025100506,   , BEST,   0, 211N,  638E,  54,  988, TS,   0, , 0, 0, 0, 0, 0, 0, 0, 0, 0, 0, 0, , 0, 0, SHAKHTI,
IO, 02, 2025100512,   , BEST,   0, 210N,  639E,  55,  988, TS,   0, , 0, 0, 0, 0, 0, 0, 0, 0, 0, 0, 0, , 0, 0, SHAKHTI,
IO, 02, 2025100518,   , BEST,   0, 208N,  641E,  55,  987, TS,   0, , 0, 0, 0, 0, 0, 0, 0, 0, 0, 0, 0, , 0, 0, SHAKHTI,
IO, 02, 2025100600,   , BEST,   0, 207N,  643E,  56,  987, TS,   0, , 0, 0, 0, 0, 0, 0, 0, 0, 0, 0, 0, , 0, 0, SHAKHTI,
IO, 02, 2025100606,   , BEST,   0, 206N,  647E,  57,  987, TS,   0, , 0, 0, 0, 0, 0, 0, 0, 0, 0, 0, 0, , 0, 0, SHAKHTI,
IO, 02, 2025100612,   , BEST,   0, 207N,  653E,  59,  987, TS,   0, , 0, 0, 0, 0, 0, 0, 0, 0, 0, 0, 0, , 0, 0, SHAKHTI,
IO, 02, 2025100618,   , BEST,   0, 208N,  660E,  64,  984, TY,   0, , 0, 0, 0, 0, 0, 0, 0, 0, 0, 0, 0, , 0, 0, SHAKHTI,
IO, 02, 2025100700,   , BEST,   0, 210N,  668E,  69,  982, TY,   0, , 0, 0, 0, 0, 0, 0, 0, 0, 0, 0, 0, , 0, 0, SHAKHTI,
IO, 02, 2025100706,   , BEST,   0, 212N,  676E,  76,  978, TY,   0, , 0, 0, 0, 0, 0, 0, 0, 0, 0, 0, 0, , 0, 0, SHAKHTI,
IO, 02, 2025100712,   , BEST,   0, 217N,  686E,  90,  967, TY,   0, , 0, 0, 0, 0, 0, 0, 0, 0, 0, 0, 0, , 0, 0, SHAKHTI,
IO, 02, 2025100718,   , BEST,   0, 223N,  697E,  95,  961, TY,   0, , 0, 0, 0, 0, 0, 0, 0, 0, 0, 0, 0, , 0, 0, SHAKHTI,
IO, 02, 2025100800,   , BEST,   0, 229N,  707E,  71,  976, TY,   0, , 0, 0, 0, 0, 0, 0, 0, 0, 0, 0, 0, , 0, 0, SHAKHTI,
IO, 02, 2025100806,   , BEST,   0, 235N,  717E,  54,  988, TS,   0, , 0, 0, 0, 0, 0, 0, 0, 0, 0, 0, 0, , 0, 0, SHAKHTI,
IO, 02, 2025100812,   , BEST,   0, 240N,  726E,  39,  991, TS,   0, , 0, 0, 0, 0, 0, 0, 0, 0, 0, 0, 0, , 0, 0, SHAKHTI,
IO, 02, 2025100818,   , BEST,   0, 245N,  735E,  27,  996, TD,   0, , 0, 0, 0, 0, 0, 0, 0, 0, 0, 0, 0, , 0, 0, SHAKHTI,
IO, 02, 2025100900,   , BEST,   0, 249N,  745E,  22,  997, DB,   0, , 0, 0, 0, 0, 0, 0, 0, 0, 0, 0, 0, , 0, 0, SHAKHTI,
IO, 02, 2025100906,   , BEST,   0, 253N,  755E,  18,  998, DB,   0, , 0, 0, 0, 0, 0, 0, 0, 0, 0, 0, 0, , 0, 0, SHAKHTI,
