SH, 96, 2026031412,   , CHP6, 0, 124S, 1605E,  15, 1009, DB,   0, , 0, 0, 0, 0, 0, 0, 0, 0, 0, 0, 0, , 0, 0, INVEST,
SH, 96, 2026031418,   , CHP6, 0, 127S, 1598E,  15, 1009, DB,   0, , 0, 0, 0, 0, 0, 0, 0, 0, 0, 0, 0, , 0, 0, INVEST,
SH, 96, 2026031500,   , CHP6, 0, 131S, 1594E,  20, 1009, DB,   0, , 0, 0, 0, 0, 0, 0, 0, 0, 0, 0, 0, , 0, 0, INVEST,
SH, 96, 2026031506,   , CHP6, 0, 133S, 1592E,  20, 1005, DB,   0, , 0, 0, 0, 0, 0, 0, 0, 0, 0, 0, 0, , 0, 0, INVEST,
SH, 96, 2026031512,   , CHP6, 0, 134S, 1590E,  20, 1006, DB,   0, , 0, 0, 0, 0, 0, 0, 0, 0, 0, 0, 0, , 0, 0, INVEST,
SH, 96, 2026031518,   , CHP6, 0, 133S, 1587E,  20, 1005, DB,   0, , 0, 0, 0, 0, 0, 0, 0, 0, 0, 0, 0, , 0, 0, INVEST,
SH, 96, 2026031600,   , CHP6, 0, 132S, 1584E,  25, 1003, TD,   0, , 0, 0, 0, 0, 0, 0, 0, 0, 0, 0, 0, , 0, 0, INVEST,
SH, 96, 2026031606,   , CHP6, 0, 131S, 1580E,  25, 1003, TD,   0, , 0, 0, 0, 0, 0, 0, 0, 0, 0, 0, 0, , 0, 0, INVEST,
SH, 96, 2026031612,   , CHP6, 0, 129S, 1576E,  30, 1003, TD,   0, , 0, 0, 0, 0, 0, 0, 0, 0, 0, 0, 0, , 0, 0, INVEST,
SH, 27, 2026031618,   , CHP6, 0, 126S, 1571E,  40, 1003, TS,   0, , 0, 0, 0, 0, 0, 0, 0, 0, 0, 0, 0, , 0, 0, NARELLE,
SH, 27, 2026031700,   , CHP6, 0, 123S, 1567E,  55, 1000, TS,   0, , 0, 0, 0, 0, 0, 0, 0, 0, 0, 0, 0, , 0, 0, NARELLE,
SH, 27, 2026031706,   , CHP6, 0, 122S, 1561E,  60,  988, TS,   0, , 0, 0, 0, 0, 0, 0, 0, 0, 0, 0, 0, , 0, 0, NARELLE,
SH, 27, 2026031712,   , CHP6, 0, 123S, 1552E,  62,  988, TS,   0, , 0, 0, 0, 0, 0, 0, 0, 0, 0, 0, 0, , 0, 0, NARELLE,
SH, 27, 2026031718,   , CHP6, 0, 124S, 1543E,  78,  978, TY,   0, , 0, 0, 0, 0, 0, 0, 0, 0, 0, 0, 0, , 0, 0, NARELLE,
SH, 27, 2026031800,   , CHP6, 0, 126S, 1532E,  98,  962, TY,   0, , 0, 0, 0, 0, 0, 0, 0, 0, 0, 0, 0, , 0, 0, NARELLE,
SH, 27, 2026031806,   , CHP6, 0, 128S, 1520E, 122,  939, TY,   0, , 0, 0, 0, 0, 0, 0, 0, 0, 0, 0, 0, , 0, 0, NARELLE,
SH, 27, 2026031812,   , CHP6, 0, 130S, 1507E, 145,  913, ST,   0, , 0, 0, 0, 0, 0, 0, 0, 0, 0, 0, 0, , 0, 0, NARELLE,
SH, 27, 2026031818,   , CHP6, 0, 133S, 1494E, 165,  889, ST,   0, , 0, 0, 0, 0, 0, 0, 0, 0, 0, 0, 0, , 0, 0, NARELLE,
SH, 27, 2026031900,   , CHP6, 0, 135S, 1482E, 177,  871, ST,   0, , 0, 0, 0, 0, 0, 0, 0, 0, 0, 0, 0, , 0, 0, NARELLE,
SH, 27, 2026031906,   , CHP6, 0, 136S, 1470E, 174,  870, ST,   0, , 0, 0, 0, 0, 0, 0, 0, 0, 0, 0, 0, , 0, 0, NARELLE,
SH, 27, 2026031912,   , CHP6, 0, 137S, 1459E, 167,  883, ST,   0, , 0, 0, 0, 0, 0, 0, 0, 0, 0, 0, 0, , 0, 0, NARELLE,
SH, 27, 2026031918,   , CHP6, 0, 137S, 1448E, 158,  896, ST,   0, , 0, 0, 0, 0, 0, 0, 0, 0, 0, 0, 0, , 0, 0, NARELLE,
SH, 27, 2026032000,   , CHP6, 0, 137S, 1436E, 147,  911, ST,   0, , 0, 0, 0, 0, 0, 0, 0, 0, 0, 0, 0, , 0, 0, NARELLE,
SH, 27, 2026032006,   , CHP6, 0, 137S, 1425E, 100,  953, TY,   0, , 0, 0, 0, 0, 0, 0, 0, 0, 0, 0, 0, , 0, 0, NARELLE,
SH, 27, 2026032012,   , CHP6, 0, 136S, 1413E,  84,  968, TY,   0, , 0, 0, 0, 0, 0, 0, 0, 0, 0, 0, 0, , 0, 0, NARELLE,
SH, 27, 2026032018,   , CHP6, 0, 136S, 1400E,  93,  965, TY,   0, , 0, 0, 0, 0, 0, 0, 0, 0, 0, 0, 0, , 0, 0, NARELLE,
SH, 27, 2026032100,   , CHP6, 0, 136S, 1388E,  97,  962, TY,   0, , 0, 0, 0, 0, 0, 0, 0, 0, 0, 0, 0, , 0, 0, NARELLE,
SH, 27, 2026032106,   , CHP6, 0, 136S, 1377E, 100,  960, TY,   0, , 0, 0, 0, 0, 0, 0, 0, 0, 0, 0, 0, , 0, 0, NARELLE,
SH, 27, 2026032112,   , CHP6, 0, 136S, 1366E, 109,  950, TY,   0, , 0, 0, 0, 0, 0, 0, 0, 0, 0, 0, 0, , 0, 0, NARELLE,
SH, 27, 2026032118,   , CHP6, 0, 137S, 1355E, 114,  946, TY,   0, , 0, 0, 0, 0, 0, 0, 0, 0, 0, 0, 0, , 0, 0, NARELLE,
SH, 27, 2026032200,   , CHP6, 0, 138S, 1342E,  88,  966, TY,   0, , 0, 0, 0, 0, 0, 0, 0, 0, 0, 0, 0, , 0, 0, NARELLE,
SH, 27, 2026032206,   , CHP6, 0, 139S, 1329E,  65,  985, TY,   0, , 0, 0, 0, 0, 0, 0, 0, 0, 0, 0, 0, , 0, 0, NARELLE,
SH, 27, 2026032212,   , CHP6, 0, 141S, 1315E,  72,  980, TY,   0, , 0, 0, 0, 0, 0, 0, 0, 0, 0, 0, 0, , 0, 0, NARELLE,
SH, 27, 2026032218,   , CHP6, 0, 143S, 1301E,  89,  967, TY,   0, , 0, 0, 0, 0, 0, 0, 0, 0, 0, 0, 0, , 0, 0, NARELLE,
SH, 27, 2026032300,   , CHP6, 0, 146S, 1290E, 113,  946, TY,   0, , 0, 0, 0, 0, 0, 0, 0, 0, 0, 0, 0, , 0, 0, NARELLE,
SH, 27, 2026032306,   , CHP6, 0, 148S, 1279E, 130,  928, ST,   0, , 0, 0, 0, 0, 0, 0, 0, 0, 0, 0, 0, , 0, 0, NARELLE,
SH, 27, 2026032312,   , CHP6, 0, 151S, 1267E,  99,  954, TY,   0, , 0, 0, 0, 0, 0, 0, 0, 0, 0, 0, 0, , 0, 0, NARELLE,
SH, 27, 2026032318,   , CHP6, 0, 154S, 1255E,  70,  980, TY,   0, , 0, 0, 0, 0, 0, 0, 0, 0, 0, 0, 0, , 0, 0, NARELLE,
SH, 27, 2026032400,   , CHP6, 0, 157S, 1243E,  55,  988, TS,   0, , 0, 0, 0, 0, 0, 0, 0, 0, 0, 0, 0, , 0, 0, NARELLE,
SH, 27, 2026032406,   , CHP6, 0, 161S, 1232E,  48,  992, TS,   0, , 0, 0, 0, 0, 0, 0, 0, 0, 0, 0, 0, , 0, 0, NARELLE,
SH, 27, 2026032412,   , CHP6, 0, 165S, 1221E,  48,  993, TS,   0, , 0, 0, 0, 0, 0, 0, 0, 0, 0, 0, 0, , 0, 0, NARELLE,
SH, 27, 2026032418,   , CHP6, 0, 168S, 1210E,  70,  979, TY,   0, , 0, 0, 0, 0, 0, 0, 0, 0, 0, 0, 0, , 0, 0, NARELLE,
SH, 27, 2026032500,   , CHP6, 0, 172S, 1199E,  91,  963, TY,   0, , 0, 0, 0, 0, 0, 0, 0, 0, 0, 0, 0, , 0, 0, NARELLE,
SH, 27, 2026032506,   , CHP6, 0, 176S, 1188E, 109,  944, TY,   0, , 0, 0, 0, 0, 0, 0, 0, 0, 0, 0, 0, , 0, 0, NARELLE,
SH, 27, 2026032512,   , CHP6, 0, 180S, 1178E, 111,  938, TY,   0, , 0, 0, 0, 0, 0, 0, 0, 0, 0, 0, 0, , 0, 0, NARELLE,
SH, 27, 2026032518,   , CHP6, 0, 185S, 1168E, 123,  933, TY,   0, , 0, 0, 0, 0, 0, 0, 0, 0, 0, 0, 0, , 0, 0, NARELLE,
SH, 27, 2026032600,   , CHP6, 0, 190S, 1160E, 133,  921, ST,   0, , 0, 0, 0, 0, 0, 0, 0, 0, 0, 0, 0, , 0, 0, NARELLE,
SH, 27, 2026032606,   , CHP6, 0, 196S, 1154E, 126,  930, TY,   0, , 0, 0, 0, 0, 0, 0, 0, 0, 0, 0, 0, , 0, 0, NARELLE,
SH, 27, 2026032612,   , CHP6, 0, 205S, 1147E, 134,  922, ST,   0, , 0, 0, 0, 0, 0, 0, 0, 0, 0, 0, 0, , 0, 0, NARELLE,
SH, 27, 2026032618,   , CHP6, 0, 215S, 1141E, 124,  937, TY,   0, , 0, 0, 0, 0, 0, 0, 0, 0, 0, 0, 0, , 0, 0, NARELLE,
SH, 27, 2026032700,   , CHP6, 0, 229S, 1139E, 122,  938, TY,   0, , 0, 0, 0, 0, 0, 0, 0, 0, 0, 0, 0, , 0, 0, NARELLE,
SH, 27, 2026032706,   , CHP6, 0, 244S, 1140E,  86,  972, TY,   0, , 0, 0, 0, 0, 0, 0, 0, 0, 0, 0, 0, , 0, 0, NARELLE,
SH, 27, 2026032712,   , CHP6, 0, 262S, 1146E,  68,  984, TY,   0, , 0, 0, 0, 0, 0, 0, 0, 0, 0, 0, 0, , 0, 0, NARELLE,
SH, 27, 2026032718,   , CHP6, 0, 281S, 1154E,  53,  991, TS,   0, , 0, 0, 0, 0, 0, 0, 0, 0, 0, 0, 0, , 0, 0, NARELLE,
SH, 27, 2026032800,   , CHP6, 0, 303S, 1170E,  44,  994, TS,   0, , 0, 0, 0, 0, 0, 0, 0, 0, 0, 0, 0, , 0, 0, NARELLE,
SH, 27, 2026032806,   , CHP6, 0, 325S, 1185E,  39,  995, TS,   0, , 0, 0, 0, 0, 0, 0, 0, 0, 0, 0, 0, , 0, 0, NARELLE,
SH, 27, 2026032812,   , CHP6, 0, 347S, 1201E,  37,  996, EX,   0, , 0, 0, 0, 0, 0, 0, 0, 0, 0, 0, 0, , 0, 0, NARELLE,
SH, 27, 2026032818,   , CHP6, 0, 369S, 1217E,  36,  996, EX,   0, , 0, 0, 0, 0, 0, 0, 0, 0, 0, 0, 0, , 0, 0, NARELLE,
