WP, 91, 2022090412, , CHP6, 0, 254N, 1444E,  20, 1014, DB,   0, , 0, 0, 0, 0, 0, 0, 0, 0, 0, 0, 0, , 0, 0, INVEST,
WP, 91, 2022090418, , CHP6, 0, 251N, 1432E,  20, 1014, DB,   0, , 0, 0, 0, 0, 0, 0, 0, 0, 0, 0, 0, , 0, 0, INVEST,
WP, 91, 2022090500, , CHP6, 0, 248N, 1420E,  20, 1013, DB,   0, , 0, 0, 0, 0, 0, 0, 0, 0, 0, 0, 0, , 0, 0, INVEST,
WP, 14, 2022090506, , CHP6, 0, 245N, 1406E,  25, 1011, TD,   0, , 0, 0, 0, 0, 0, 0, 0, 0, 0, 0, 0, , 0, 0, FOURTEEN,
WP, 14, 2022090512, , CHP6, 0, 242N, 1391E,  30, 1009, TD,   0, , 0, 0, 0, 0, 0, 0, 0, 0, 0, 0, 0, , 0, 0, FOURTEEN,
WP, 14, 2022090518, , CHP6, 0, 236N, 1382E,  30, 1008, TD,   0, , 0, 0, 0, 0, 0, 0, 0, 0, 0, 0, 0, , 0, 0, FOURTEEN,
WP, 14, 2022090600, , CHP6, 0, 227N, 1374E,  35, 1006, TS,   0, , 0, 0, 0, 0, 0, 0, 0, 0, 0, 0, 0, , 0, 0, MUIFA,
WP, 14, 2022090606, , CHP6, 0, 215N, 1369E,  35, 1006, TS,   0, , 0, 0, 0, 0, 0, 0, 0, 0, 0, 0, 0, , 0, 0, MUIFA,
WP, 14, 2022090612, , CHP6, 0, 200N, 1364E,  35, 1005, TS,   0, , 0, 0, 0, 0, 0, 0, 0, 0, 0, 0, 0, , 0, 0, MUIFA,
WP, 14, 2022090618, , CHP6, 0, 188N, 1361E,  40, 1003, TS,   0, , 0, 0, 0, 0, 0, 0, 0, 0, 0, 0, 0, , 0, 0, MUIFA,
WP, 14, 2022090700, , CHP6, 0, 179N, 1358E,  40, 1002, TS,   0, , 0, 0, 0, 0, 0, 0, 0, 0, 0, 0, 0, , 0, 0, MUIFA,
WP, 14, 2022090706, , CHP6, 0, 172N, 1353E,  45, 1000, TS,   0, , 0, 0, 0, 0, 0, 0, 0, 0, 0, 0, 0, , 0, 0, MUIFA,
WP, 14, 2022090712, , CHP6, 0, 170N, 1345E,  62,  987, TS,   0, , 0, 0, 0, 0, 0, 0, 0, 0, 0, 0, 0, , 0, 0, MUIFA,
WP, 14, 2022090718, , CHP6, 0, 171N, 1339E,  86,  970, TY,   0, , 0, 0, 0, 0, 0, 0, 0, 0, 0, 0, 0, , 0, 0, MUIFA,
WP, 14, 2022090800, , CHP6, 0, 174N, 1333E, 119,  939, TY,   0, , 0, 0, 0, 0, 0, 0, 0, 0, 0, 0, 0, , 0, 0, MUIFA,
WP, 14, 2022090806, , CHP6, 0, 178N, 1327E, 148,  904, ST,   0, , 0, 0, 0, 0, 0, 0, 0, 0, 0, 0, 0, , 0, 0, MUIFA,
WP, 14, 2022090812, , CHP6, 0, 183N, 1320E, 145,  906, ST,   0, , 0, 0, 0, 0, 0, 0, 0, 0, 0, 0, 0, , 0, 0, MUIFA,
WP, 14, 2022090818, , CHP6, 0, 189N, 1312E, 142,  911, ST,   0, , 0, 0, 0, 0, 0, 0, 0, 0, 0, 0, 0, , 0, 0, MUIFA,
WP, 14, 2022090900, , CHP6, 0, 195N, 1304E, 140,  913, ST,   0, , 0, 0, 0, 0, 0, 0, 0, 0, 0, 0, 0, , 0, 0, MUIFA,
WP, 14, 2022090906, , CHP6, 0, 201N, 1298E, 133,  922, ST,   0, , 0, 0, 0, 0, 0, 0, 0, 0, 0, 0, 0, , 0, 0, MUIFA,
WP, 14, 2022090912, , CHP6, 0, 208N, 1292E, 126,  929, TY,   0, , 0, 0, 0, 0, 0, 0, 0, 0, 0, 0, 0, , 0, 0, MUIFA,
WP, 14, 2022090918, , CHP6, 0, 212N, 1287E, 122,  933, TY,   0, , 0, 0, 0, 0, 0, 0, 0, 0, 0, 0, 0, , 0, 0, MUIFA,
WP, 14, 2022091000, , CHP6, 0, 215N, 1282E, 119,  935, TY,   0, , 0, 0, 0, 0, 0, 0, 0, 0, 0, 0, 0, , 0, 0, MUIFA,
WP, 14, 2022091006, , CHP6, 0, 219N, 1277E, 115,  940, TY,   0, , 0, 0, 0, 0, 0, 0, 0, 0, 0, 0, 0, , 0, 0, MUIFA,
WP, 14, 2022091012, , CHP6, 0, 222N, 1271E, 114,  942, TY,   0, , 0, 0, 0, 0, 0, 0, 0, 0, 0, 0, 0, , 0, 0, MUIFA,
WP, 14, 2022091018, , CHP6, 0, 226N, 1266E, 126,  928, TY,   0, , 0, 0, 0, 0, 0, 0, 0, 0, 0, 0, 0, , 0, 0, MUIFA,
WP, 14, 2022091100, , CHP6, 0, 228N, 1261E, 127,  927, TY,   0, , 0, 0, 0, 0, 0, 0, 0, 0, 0, 0, 0, , 0, 0, MUIFA,
WP, 14, 2022091106, , CHP6, 0, 231N, 1257E, 126,  929, TY,   0, , 0, 0, 0, 0, 0, 0, 0, 0, 0, 0, 0, , 0, 0, MUIFA,
WP, 14, 2022091112, , CHP6, 0, 235N, 1253E, 113,  943, TY,   0, , 0, 0, 0, 0, 0, 0, 0, 0, 0, 0, 0, , 0, 0, MUIFA,
WP, 14, 2022091118, , CHP6, 0, 239N, 1252E, 106,  950, TY,   0, , 0, 0, 0, 0, 0, 0, 0, 0, 0, 0, 0, , 0, 0, MUIFA,
WP, 14, 2022091200, , CHP6, 0, 243N, 1250E, 104,  952, TY,   0, , 0, 0, 0, 0, 0, 0, 0, 0, 0, 0, 0, , 0, 0, MUIFA,
WP, 14, 2022091206, , CHP6, 0, 247N, 1247E, 105,  951, TY,   0, , 0, 0, 0, 0, 0, 0, 0, 0, 0, 0, 0, , 0, 0, MUIFA,
WP, 14, 2022091212, , CHP6, 0, 249N, 1244E, 109,  946, TY,   0, , 0, 0, 0, 0, 0, 0, 0, 0, 0, 0, 0, , 0, 0, MUIFA,
WP, 14, 2022091218, , CHP6, 0, 252N, 1241E, 110,  945, TY,   0, , 0, 0, 0, 0, 0, 0, 0, 0, 0, 0, 0, , 0, 0, MUIFA,
WP, 14, 2022091300, , CHP6, 0, 256N, 1238E, 103,  954, TY,   0, , 0, 0, 0, 0, 0, 0, 0, 0, 0, 0, 0, , 0, 0, MUIFA,
WP, 14, 2022091306, , CHP6, 0, 261N, 1236E, 104,  952, TY,   0, , 0, 0, 0, 0, 0, 0, 0, 0, 0, 0, 0, , 0, 0, MUIFA,
WP, 14, 2022091312, , CHP6, 0, 266N, 1235E, 103,  952, TY,   0, , 0, 0, 0, 0, 0, 0, 0, 0, 0, 0, 0, , 0, 0, MUIFA,
WP, 14, 2022091318, , CHP6, 0, 271N, 1234E, 104,  951, TY,   0, , 0, 0, 0, 0, 0, 0, 0, 0, 0, 0, 0, , 0, 0, MUIFA,
WP, 14, 2022091400, , CHP6, 0, 276N, 1232E, 105,  952, TY,   0, , 0, 0, 0, 0, 0, 0, 0, 0, 0, 0, 0, , 0, 0, MUIFA,
WP, 14, 2022091406, , CHP6, 0, 283N, 1229E,  93,  962, TY,   0, , 0, 0, 0, 0, 0, 0, 0, 0, 0, 0, 0, , 0, 0, MUIFA,
WP, 14, 2022091412, , CHP6, 0, 290N, 1226E,  84,  971, TY,   0, , 0, 0, 0, 0, 0, 0, 0, 0, 0, 0, 0, , 0, 0, MUIFA,
WP, 14, 2022091418, , CHP6, 0, 298N, 1221E,  85,  971, TY,   0, , 0, 0, 0, 0, 0, 0, 0, 0, 0, 0, 0, , 0, 0, MUIFA,
WP, 14, 2022091500, , CHP6, 0, 310N, 1215E,  82,  974, TY,   0, , 0, 0, 0, 0, 0, 0, 0, 0, 0, 0, 0, , 0, 0, MUIFA,
WP, 14, 2022091506, , CHP6, 0, 325N, 1209E,  69,  983, TY,   0, , 0, 0, 0, 0, 0, 0, 0, 0, 0, 0, 0, , 0, 0, MUIFA,
WP, 14, 2022091512, , CHP6, 0, 337N, 1204E,  54,  990, TS,   0, , 0, 0, 0, 0, 0, 0, 0, 0, 0, 0, 0, , 0, 0, MUIFA,
WP, 14, 2022091518, , CHP6, 0, 350N, 1203E,  45,  994, TS,   0, , 0, 0, 0, 0, 0, 0, 0, 0, 0, 0, 0, , 0, 0, MUIFA,
WP, 14, 2022091600, , CHP6, 0, 364N, 1207E,  42,  997, TS,   0, , 0, 0, 0, 0, 0, 0, 0, 0, 0, 0, 0, , 0, 0, MUIFA,
WP, 14, 2022091606, , CHP6, 0, 378N, 1215E,  38,  998, TS,   0, , 0, 0, 0, 0, 0, 0, 0, 0, 0, 0, 0, , 0, 0, MUIFA,
WP, 14, 2022091612, , CHP6, 0, 392N, 1224E,  35,  999, TS,   0, , 0, 0, 0, 0, 0, 0, 0, 0, 0, 0, 0, , 0, 0, MUIFA,
WP, 14, 2022091618, , CHP6, 0, 406N, 1237E,  33, 1000, EX,   0, , 0, 0, 0, 0, 0, 0, 0, 0, 0, 0, 0, , 0, 0, MUIFA,
WP, 14, 2022091700, , CHP6, 0, 419N, 1250E,  31, 1000, EX,   0, , 0, 0, 0, 0, 0, 0, 0, 0, 0, 0, 0, , 0, 0, MUIFA,
