EP, 95, 2025062306,   , BEST,   0,  97N,  890W,  20,    0, DB,   0, , 0, 0, 0, 0, 0, 0, 0, 0, 0, 0, 0, , 0, 0, INVEST,
EP, 95, 2025062312,   , BEST,   0,  95N,  893W,  20,    0, DB,   0, , 0, 0, 0, 0, 0, 0, 0, 0, 0, 0, 0, , 0, 0, INVEST,
EP, 95, 2025062318,   , BEST,   0,  92N,  894W,  20,    0, DB,   0, , 0, 0, 0, 0, 0, 0, 0, 0, 0, 0, 0, , 0, 0, INVEST,
EP, 95, 2025062400,   , BEST,   0,  90N,  896W,  25,    0, LO,   0, , 0, 0, 0, 0, 0, 0, 0, 0, 0, 0, 0, , 0, 0, INVEST,
EP, 95, 2025062406,   , BEST,   0,  90N,  898W,  30, 1009, LO,   0, , 0, 0, 0, 0, 0, 0, 0, 0, 0, 0, 0, , 0, 0, INVEST, SPAWNINVEST, ep772025 to ep952025, 
EP, 95, 2025062412,   , BEST,   0,  89N,  902W,  30, 1008, LO,   0, , 0, 0, 0, 0, 0, 0, 0, 0, 0, 0, 0, , 0, 0, INVEST,
EP, 95, 2025062418,   , BEST,   0,  90N,  907W,  35, 1008, LO,   0, , 0, 0, 0, 0, 0, 0, 0, 0, 0, 0, 0, , 0, 0, INVEST,
EP, 95, 2025062500,   , BEST,   0,  90N,  913W,  35, 1006, LO,   0, , 0, 0, 0, 0, 0, 0, 0, 0, 0, 0, 0, , 0, 0, INVEST,
EP, 95, 2025062506,   , BEST,   0,  88N,  917W,  35, 1007, LO,   0, , 0, 0, 0, 0, 0, 0, 0, 0, 0, 0, 0, , 0, 0, INVEST,
EP, 95, 2025062512,   , BEST,   0,  88N,  922W,  30, 1007, LO,   0, , 0, 0, 0, 0, 0, 0, 0, 0, 0, 0, 0, , 0, 0, INVEST,
EP, 95, 2025062518,   , BEST,   0,  92N,  922W,  25, 1007, LO,   0, , 0, 0, 0, 0, 0, 0, 0, 0, 0, 0, 0, , 0, 0, INVEST,
EP, 95, 2025062600,   , BEST,   0,  95N,  928W,  20, 1007, DB,   0, , 0, 0, 0, 0, 0, 0, 0, 0, 0, 0, 0, , 0, 0, INVEST,
EP, 95, 2025062606,   , BEST,   0,  98N,  935W,  20, 1007, DB,   0, , 0, 0, 0, 0, 0, 0, 0, 0, 0, 0, 0, , 0, 0, INVEST,
EP, 95, 2025062612,   , BEST,   0,  99N,  944W,  20, 1007, DB,   0, , 0, 0, 0, 0, 0, 0, 0, 0, 0, 0, 0, , 0, 0, INVEST,
EP, 95, 2025062618,   , BEST,   0,  99N,  948W,  20, 1007, DB,   0, , 0, 0, 0, 0, 0, 0, 0, 0, 0, 0, 0, , 0, 0, INVEST,
EP, 95, 2025062700,   , BEST,   0,  99N,  953W,  20, 1007, DB,   0, , 0, 0, 0, 0, 0, 0, 0, 0, 0, 0, 0, , 0, 0, INVEST,
EP, 95, 2025062706,   , BEST,   0, 105N,  948W,  20, 1007, DB,   0, , 0, 0, 0, 0, 0, 0, 0, 0, 0, 0, 0, , 0, 0, INVEST,
EP, 95, 2025062712,   , BEST,   0, 110N,  944W,  20, 1008, DB,   0, , 0, 0, 0, 0, 0, 0, 0, 0, 0, 0, 0, , 0, 0, INVEST,
EP, 95, 2025062718,   , BEST,   0, 116N,  943W,  20, 1009, DB,   0, , 0, 0, 0, 0, 0, 0, 0, 0, 0, 0, 0, , 0, 0, INVEST,
EP, 95, 2025062800,   , BEST,   0, 119N,  945W,  20, 1008, DB,   0, , 0, 0, 0, 0, 0, 0, 0, 0, 0, 0, 0, , 0, 0, INVEST,
EP, 95, 2025062806,   , BEST,   0, 125N,  950W,  25, 1008, LO,   0, , 0, 0, 0, 0, 0, 0, 0, 0, 0, 0, 0, , 0, 0, INVEST,
EP, 95, 2025062812,   , BEST,   0, 129N,  960W,  25, 1009, LO,   0, , 0, 0, 0, 0, 0, 0, 0, 0, 0, 0, 0, , 0, 0, INVEST,
EP, 95, 2025062818,   , BEST,   0, 132N,  972W,  25, 1009, LO,   0, , 0, 0, 0, 0, 0, 0, 0, 0, 0, 0, 0, , 0, 0, INVEST,
EP, 95, 2025062900,   , BEST,   0, 131N,  981W,  25, 1008, TD,   0, , 0, 0, 0, 0, 0, 0, 0, 0, 0, 0, 0, , 0, 0, INVEST,
EP, 95, 2025062906,   , BEST,   0, 129N,  992W,  25, 1008, TD,   0, , 0, 0, 0, 0, 0, 0, 0, 0, 0, 0, 0, , 0, 0, INVEST,
EP, 06, 2025062912,   , BEST,   0, 131N,  996W,  30, 1006, TD,   0, , 0, 0, 0, 0, 0, 0, 0, 0, 0, 0, 0, , 0, 0, FLOSSIE,
EP, 06, 2025062918,   , BEST,   0, 134N, 1001W,  35, 1005, TS,   0, , 0, 0, 0, 0, 0, 0, 0, 0, 0, 0, 0, , 0, 0, FLOSSIE,
EP, 06, 2025063000,   , BEST,   0, 138N, 1006W,  35, 1005, TS,   0, , 0, 0, 0, 0, 0, 0, 0, 0, 0, 0, 0, , 0, 0, FLOSSIE,
EP, 06, 2025063006,   , BEST,   0, 145N, 1013W,  45, 1004, TS,   0, , 0, 0, 0, 0, 0, 0, 0, 0, 0, 0, 0, , 0, 0, FLOSSIE,
EP, 06, 2025063012,   , BEST,   0, 153N, 1022W,  50,  999, TS,   0, , 0, 0, 0, 0, 0, 0, 0, 0, 0, 0, 0, , 0, 0, FLOSSIE,
EP, 06, 2025063018,   , BEST,   0, 159N, 1030W,  60,  996, TS,   0, , 0, 0, 0, 0, 0, 0, 0, 0, 0, 0, 0, , 0, 0, FLOSSIE,
EP, 06, 2025070100,   , BEST,   0, 164N, 1039W,  70,  988, HU,   0, , 0, 0, 0, 0, 0, 0, 0, 0, 0, 0, 0, , 0, 0, FLOSSIE,
EP, 06, 2025070106,   , BEST,   0, 167N, 1047W,  75,  984, HU,   0, , 0, 0, 0, 0, 0, 0, 0, 0, 0, 0, 0, , 0, 0, FLOSSIE,
EP, 06, 2025070112,   , BEST,   0, 172N, 1055W,  80,  978, HU,   0, , 0, 0, 0, 0, 0, 0, 0, 0, 0, 0, 0, , 0, 0, FLOSSIE,
EP, 06, 2025070118,   , BEST,   0, 176N, 1063W,  85,  966, HU,   0, , 0, 0, 0, 0, 0, 0, 0, 0, 0, 0, 0, , 0, 0, FLOSSIE,
EP, 06, 2025070200,   , BEST,   0, 180N, 1071W,  90,  962, HU,   0, , 0, 0, 0, 0, 0, 0, 0, 0, 0, 0, 0, , 0, 0, FLOSSIE,
EP, 06, 2025070206,   , BEST,   0, 184N, 1079W,  95,  962, HU,   0, , 0, 0, 0, 0, 0, 0, 0, 0, 0, 0, 0, , 0, 0, FLOSSIE,
EP, 06, 2025070212,   , BEST,   0, 188N, 1087W,  90,  967, HU,   0, , 0, 0, 0, 0, 0, 0, 0, 0, 0, 0, 0, , 0, 0, FLOSSIE,
EP, 06, 2025070218,   , BEST,   0, 193N, 1094W,  80,  974, HU,   0, , 0, 0, 0, 0, 0, 0, 0, 0, 0, 0, 0, , 0, 0, FLOSSIE,
EP, 06, 2025070300,   , BEST,   0, 196N, 1099W,  70,  983, HU,   0, , 0, 0, 0, 0, 0, 0, 0, 0, 0, 0, 0, , 0, 0, FLOSSIE,
EP, 06, 2025070306,   , BEST,   0, 199N, 1105W,  60,  992, TS,   0, , 0, 0, 0, 0, 0, 0, 0, 0, 0, 0, 0, , 0, 0, FLOSSIE,
EP, 06, 2025070312,   , BEST,   0, 203N, 1113W,  45,  999, TS,   0, , 0, 0, 0, 0, 0, 0, 0, 0, 0, 0, 0, , 0, 0, FLOSSIE,
EP, 06, 2025070318,   , BEST,   0, 209N, 1120W,  35, 1003, TS,   0, , 0, 0, 0, 0, 0, 0, 0, 0, 0, 0, 0, , 0, 0, FLOSSIE,
EP, 06, 2025070400,   , BEST,   0, 218N, 1131W,  30,  983, TD,   0, , 0, 0, 0, 0, 0, 0, 0, 0, 0, 0, 0, , 0, 0, FLOSSIE,
EP, 06, 2025070406,   , BEST,   0, 225N, 1138W,  25,  992, TD,   0, , 0, 0, 0, 0, 0, 0, 0, 0, 0, 0, 0, , 0, 0, FLOSSIE,
EP, 06, 2025070412,   , BEST,   0, 230N, 1145W,  20,  999, DB,   0, , 0, 0, 0, 0, 0, 0, 0, 0, 0, 0, 0, , 0, 0, FLOSSIE,
EP, 06, 2025070418,   , BEST,   0, 233N, 1156W,  20, 1003, DB,   0, , 0, 0, 0, 0, 0, 0, 0, 0, 0, 0, 0, , 0, 0, FLOSSIE,
Analyzed by 223
